-0.15328
-0.15328
-0.45026
-0.45026
-0.49816
-0.49816
-0.48858
-0.48858
-0.2874
-0.2874
-0.44068
-0.44068
-0.2874
-0.2874
-0.30656
-0.30656
-0.4311
-0.4311
-0.51732
-0.51732
-0.22034
-0.22034
-0.36404
-0.36404
-0.49816
-0.49816
-0.2874
-0.2874
-0.36404
-0.36404
-0.41194
-0.41194
-0.26824
-0.26824
-0.41194
-0.41194
-0.32572
-0.32572
-0.31614
-0.31614
-0.2874
-0.2874
-0.2395
-0.2395
-0.39278
-0.39278
-0.49816
-0.49816
-0.35446
-0.35446
-0.29698
-0.29698
-0.29698
-0.29698
-0.479
-0.479
-0.45984
-0.45984
-0.32572
-0.32572
-0.22992
-0.22992
-0.3832
-0.3832
-0.25866
-0.25866
-0.26824
-0.26824
-0.31614
-0.31614
-0.45984
-0.45984
-0.2395
-0.2395
-0.41194
-0.41194
-0.51732
-0.51732
-0.24908
-0.24908
-0.44068
-0.44068
-0.40236
-0.40236
-0.42152
-0.42152
-0.48858
-0.48858
-0.18202
-0.18202
-0.1916
-0.1916
-0.29698
-0.29698
-0.34488
-0.34488
-0.37362
-0.37362
-0.20118
-0.20118
-0.20118
-0.20118
-0.17244
-0.17244
-0.20118
-0.20118
-0.21076
-0.21076
-0.22034
-0.22034
-0.24908
-0.24908
-0.46942
-0.46942
-0.4311
-0.4311
-0.48858
-0.48858
-0.3832
-0.3832
-0.22992
-0.22992
-0.41194
-0.41194
-0.26824
-0.26824
-0.39278
-0.39278
-0.45984
-0.45984
-0.21076
-0.21076
-0.50774
-0.50774
-0.21076
-0.21076
-0.32572
-0.32572
-0.45026
-0.45026
-0.31614
-0.31614
-0.20118
-0.20118
-0.4311
-0.4311
-0.5269
-0.5269
-0.31614
-0.31614
-0.24908
-0.24908
-0.46942
-0.46942
-0.3832
-0.3832
-0.48858
-0.48858
-0.44068
-0.44068
-0.1916
-0.1916
-0.46942
-0.46942
-0.25866
-0.25866
-0.49816
-0.49816
-0.46942
-0.46942
-0.37362
-0.37362
-0.41194
-0.41194
-0.20118
-0.20118
-0.48858
-0.48858
-0.3353
-0.3353
-0.46942
-0.46942
-0.37362
-0.37362
-0.29698
-0.29698
-0.41194
-0.41194
-0.45026
-0.45026
-0.25866
-0.25866
-0.2395
-0.2395
-0.48858
-0.48858
-0.41194
-0.41194
-0.34488
-0.34488
-0.15328
-0.15328
-0.3353
-0.3353
-0.35446
-0.35446
-0.29698
-0.29698
-0.479
-0.479
-0.18202
-0.18202
-0.22992
-0.22992
-0.27782
-0.27782
-0.18202
-0.18202
-0.20118
-0.20118
-0.21076
-0.21076
-0.4311
-0.4311
-0.46942
-0.46942
-0.26824
-0.26824
-0.30656
-0.30656
-0.25866
-0.25866
-0.50774
-0.50774
-0.46942
-0.46942
-0.1916
-0.1916
-0.32572
-0.32572
-0.48858
-0.48858
-0.30656
-0.30656
-0.42152
-0.42152
-0.32572
-0.32572
-0.45984
-0.45984
-0.25866
-0.25866
-0.36404
-0.36404
-0.45026
-0.45026
-0.22992
-0.22992
-0.48858
-0.48858
-0.479
-0.479
-0.32572
-0.32572
-0.20118
-0.20118
-0.25866
-0.25866
-0.46942
-0.46942
-0.25866
-0.25866
-0.3832
-0.3832
-0.18202
-0.18202
-0.45984
-0.45984
-0.22992
-0.22992
-0.32572
-0.32572
-0.479
-0.479
-0.2395
-0.2395
-0.48858
-0.48858
-0.25866
-0.25866
-0.1916
-0.1916
-0.479
-0.479
-0.41194
-0.41194
-0.24908
-0.24908
-0.1916
-0.1916
-0.35446
-0.35446
-0.2395
-0.2395
-0.46942
-0.46942
-0.45026
-0.45026
-0.40236
-0.40236
-0.41194
-0.41194
-0.22034
-0.22034
-0.2874
-0.2874
-0.45984
-0.45984
-0.49816
-0.49816
-0.21076
-0.21076
-0.3832
-0.3832
-0.24908
-0.24908
-0.18202
-0.18202
-0.37362
-0.37362
-0.31614
-0.31614
-0.22034
-0.22034
-0.35446
-0.35446
-0.22992
-0.22992
-0.45026
-0.45026
-0.44068
-0.44068
-0.35446
-0.35446
-0.31614
-0.2874
-0.46942
-0.46942
-0.21076
-0.21076
-0.36404
-0.36404
-0.45984
-0.45984
-0.2395
-0.2395
-0.31614
-0.31614
-0.45984
-0.45984
-0.49816
-0.49816
-0.49816
-0.49816
-0.35446
-0.35446
-0.4311
-0.4311
-0.50774
-0.50774
-0.2395
-0.2395
-0.44068
-0.44068
-0.50774
-0.50774
-0.46942
-0.46942
-0.3832
-0.3832
-0.27782
-0.27782
-0.2874
-0.2874
-0.479
-0.25866
-0.18202
-0.18202
-0.1916
-0.1916
-0.48858
-0.48858
-0.36404
-0.36404
-0.36404
-0.36404
-0.5269
-0.5269
-0.5269
-0.5269
-0.22992
-0.22992
-0.22992
-0.22992
-0.479
-0.50774
-0.50774
-0.4311
-0.4311
-0.45984
-0.45984
-0.479
-0.479
-0.48858
-0.48858
-0.48858
-0.48858
-0.20118
-0.20118
-0.50774
-0.50774
-0.20118
-0.20118
-0.21076
-0.479
-0.479
-0.2395
-0.2395
-0.41194
-0.41194
-0.26824
-0.26824
-0.40236
-0.40236
-0.3832
-0.3832
-0.5748
-0.5748
-0.63229
-0.63229
-0.32572
-0.32572
-0.90053
-0.90053
-0.35446
-0.45026
-0.45026
-0.0479
-0.0479
-0.78557
-0.78557
-0.56522
-0.56522
-0.17244
-0.17244
-0.45026
-0.45026
0.1916
0.1916
-0.10538
-0.10538
-0.81431
-0.81431
-0.24908
-0.24908
1.9927
1.9927
1.2071
1.2071
-1.1209
-1.1209
0.68977
0.68977
0.54606
0.54606
0.22992
0.22992
-0.49816
-0.49816
-0.79515
-0.79515
-4.8667
-4.8667
-2.8644
-2.8644
-1.3029
-1.3029
0.3353
0.3353
-0.53648
-0.53648
-1.0251
-1.0251
-1.2167
-1.2167
1.2742
1.2742
0.24908
0.24908
0.59396
0.59396
0.24908
0.24908
-1.619
-0.89095
0.12454
0.12454
1.2837
1.2837
-0.81431
-0.81431
-1.0442
-1.0442
-1.0538
-1.0538
-1.5999
-1.5999
0.78557
0.78557
1.0921
1.0921
0.30656
0.30656
0.67061
0.44068
1.4562
1.4562
-0.69935
-0.69935
0.35446
0.35446
0.5748
0.5748
0.5748
0.5748
-0.22992
-0.22992
0.42152
0.42152
-0.5269
-0.5269
-1.5807
-1.5807
0.45026
0.45026
2.1938
2.1938
-0.5269
-0.0479
-1.9543
-1.9543
-1.6286
-1.6286
-4.0524
-4.0524
-0.40236
-0.40236
0.24908
0.24908
-1.1017
-1.1017
-3.7171
-3.7171
-0.479
-0.479
-0.25866
-1.255
-1.255
-1.255
-0.76641
-0.76641
-0.50774
-0.50774
-1.0059
-1.0059
-4.7709
-4.7709
-2.5579
-2.5579
1.5999
1.5999
-0.77599
-0.77599
-3.7362
-3.7362
-0.99633
-0.99633
0.41194
0.41194
0.59396
0.59396
-1.2837
-1.2837
2.2226
2.2226
1.4562
1.4562
0.53648
0.53648
0.64187
0.64187
0.99633
0.99633
1.9927
1.9927
1.7723
1.7723
1.437
1.437
0.72809
0.72809
1.0155
1.0155
0.24908
0.24908
0.55564
0.55564
2.3375
2.3375
1.8873
1.8873
0.095801
0.095801
-0.21076
-0.21076
-1.3508
-1.3508
-2.2417
-2.2417
-1.5137
-1.5137
-1.9543
-1.9543
-1.3508
-0.73767
-1.3412
-1.3412
-2.1172
-2.1172
-0.16286
-0.16286
-1.1113
-1.1113
-1.2742
-1.2742
-1.2358
-1.2358
-1.619
-1.619
-0.51732
-0.51732
-1.1879
-1.1879
-1.4466
-1.4466
-0.086221
-0.086221
-0.31614
-0.31614
-0.35446
-0.35446
-0.89095
-0.89095
-0.44068
-0.44068
0.70893
0.70893
2.577
2.577
0.93885
0.93885
0.21076
0.21076
1.1592
1.1592
-0.0479
1.6382
1.6382
1.6382
1.6957
1.6957
1.2167
1.2167
0.73767
0.73767
0.95801
0.95801
0.34488
0.34488
-1.2263
-1.2263
-0.16286
-0.16286
0.2395
-0.51732
-1.5232
-1.5232
-1.734
-1.734
-1.2646
-1.2646
-6.0642
-6.0642
0.076641
0.076641
1.734
1.734
-3.4584
-3.4584
0.36404
0.36404
-0.77599
-0.77599
-1.8202
-1.8202
-0.94843
-0.94843
-0.67061
-0.67061
-0.27782
-0.27782
-2.6824
-2.6824
1.7053
1.7053
-0.35446
-0.35446
1.0442
1.0442
-0.20118
-0.20118
-0.96759
-0.96759
0.41194
0.41194
1.916
1.916
3.4201
3.4201
2.5196
2.5196
0.87179
0.87179
1.0346
1.0346
1.8969
1.8969
0.26824
0.26824
1.6095
1.6095
1.0825
1.0825
1.4945
1.4945
0.66103
0.66103
-0.83347
-0.83347
0.90053
0.90053
1.6095
1.6095
-1.0251
-1.0251
-0.63229
-0.63229
-0.68019
-0.68019
-3.5063
-3.5063
-3.5063
-3.5063
0.46942
0.46942
-2.3663
-2.3663
-3.056
-3.056
0.41194
0.41194
-1.916
-1.916
-1.0442
-1.0442
-0.64187
-0.64187
-2.1459
-2.1459
-1.1017
-1.1017
-4.3685
-4.3685
-1.0442
-1.0442
-2.7782
-2.7782
-1.0251
0.16286
-1.552
-1.552
1.3125
1.3125
1.4945
1.4945
2.6441
2.6441
1.1209
1.1209
1.1304
1.1304
1.3316
1.3316
1.2646
1.2646
1.3508
1.5041
1.1113
1.1113
0.69935
0.69935
0.79515
0.79515
-2.0885
-2.0885
-2.031
-2.031
1.9352
1.9352
-1.6286
-1.6286
0.73767
0.73767
0.97717
0.97717
-0.3353
-2.5004
-1.6765
-1.6765
-3.2189
-3.2189
-0.15328
-0.15328
-0.067061
-0.067061
-2.7399
-2.7399
-2.1651
-2.1651
-0.69935
-0.69935
0.68019
0.68019
-0.69935
-0.69935
-1.7723
-0.88137
-2.6824
-2.6824
-3.3339
-3.3339
-0.86221
-0.86221
-1.0538
-1.0538
0.086221
0.086221
-0.13412
-0.13412
-1.0059
-1.0059
-1.0921
-1.0921
3.0369
3.0369
1.073
1.073
-2.2513
-2.2513
1.6286
1.6286
1.3412
1.3412
2.5483
2.5483
0.5748
0.5748
-0.13412
-0.13412
-0
-0
1.0346
1.0346
1.1975
1.1975
1.9448
1.9448
0.40236
0.40236
-1.0155
-1.0155
-1.6095
-1.6095
0.83347
0.83347
-0.46942
-0.46942
2.3184
2.3184
-1.2837
-1.2837
0.02874
0.02874
-2.874
-2.874
-1.5616
-1.5616
-2.0501
-2.0501
-0.45984
-0.45984
-2.8932
-2.8932
0.4311
0.4311
-1.3316
-1.3316
-2.2417
-2.2417
-1.6765
-1.6765
0.45984
0.45984
-1.5137
-1.5137
-1.2742
-1.2742
-0.21076
-0.21076
-1.8873
-1.8873
-2.5579
-2.5579
-0.5748
-0.5748
-2.2705
-2.2705
0.21076
0.21076
0.25866
0.25866
0.10538
0.10538
-0.086221
-0.086221
-1.6861
-1.6861
0.5748
0.5748
1.8777
1.8777
1.8777
1.8777
0.84305
0.84305
0.84305
0.84305
0.3353
0.3353
-0.31614
-0.31614
0.61313
0.61313
1.6286
1.6286
1.0538
1.0538
0.68019
0.68019
-1.2454
-1.2454
-1.3795
-1.3795
1.5807
1.5807
-0.58438
-0.58438
-1.0921
-1.0921
-2.213
-2.213
-1.0059
-1.0059
-4.9625
-4.9625
-0.3832
-0.3832
0.32572
0.32572
-0.37362
-0.37362
-1.6957
-1.3604
0.10538
0.10538
-1.3795
-1.3795
-0.63229
-0.63229
-0.72809
-0.72809
-1.0921
-1.0921
-0.96759
-0.96759
1.437
1.437
-0.067061
-0.067061
-1.916
-1.916
-0.03832
-0.03832
-1.4849
-1.4849
0.64187
0.64187
2.5579
2.5579
0.59396
0.59396
-0.58438
-0.58438
1.3987
1.3987
0.41194
1.2358
1.3221
1.3221
0.34488
0.34488
1.5041
1.5041
1.37
1.37
2.3375
2.3375
-0.61313
-0.61313
-0.61313
-0.61313
1.3221
-0.29698
-1.5903
-1.5903
-1.1879
-1.1879
-1.1879
-1.1879
-0.12454
-0.12454
-3.9566
-3.9566
-3.5542
-3.5542
0.21076
0.21076
-2.3759
-0.74725
-0.93885
-0.93885
-1.0155
-1.0155
-0.80473
-0.80473
-0.62271
-0.62271
-1.6574
-1.6574
-0.45984
-0.45984
-0.98675
-0.98675
-1.8969
-1.3891
-1.3891
-0.64187
-0.64187
-0.77599
-0.77599
0.49816
0.49816
-1.3221
-1.3221
0.78557
0.78557
2.1938
2.1938
2.2705
2.2705
2.1172
2.1172
-0.01916
1.6861
1.9064
1.9064
0.34488
0.34488
0.94843
0.94843
1.3412
1.3412
0.64187
0.64187
0.5748
0.5748
-1.0921
-1.0921
-0.76641
-0.05748
-0.05748
0.68019
0.68019
-0.74725
-0.74725
-1.6861
-1.6861
-2.2992
-2.2992
-2.0022
-2.0022
-0.85263
-0.85263
-4.0332
-4.0332
0.05748
0.05748
-0.89095
-2.3759
-2.3759
-0.41194
-0.41194
0.56522
0.56522
-0.77599
-0.77599
-0.63229
-0.63229
-0.3832
-0.3832
-1.9831
-1.9831
-0.81431
-0.81431
-1.3125
-0.92927
-0.62271
-0.62271
-0.03832
-0.03832
-1.3987
-1.3987
-0.95801
-0.95801
0.78557
0.78557
2.5483
2.5483
1.5424
1.5424
1.6669
1.6669
-0.1916
0.69935
0.69935
0.02874
0.02874
-2.2513
-2.2513
1.0921
1.0921
1.0155
1.0155
0.42152
0.42152
-0.45026
-0.45026
-1.5424
-1.5424
1.3316
1.3316
0.62271
0.62271
-2.7112
-2.7112
-0.20118
-0.20118
-1.4658
-1.4658
-0.50774
-0.50774
-2.807
-2.807
-2.2417
-2.2417
-1.7053
-1.7053
-1.916
-1.916
-1.8969
-1.8969
-0.21076
-0.21076
-0.82389
-0.82389
-0.45026
-0.45026
-0.13412
-0.13412
-2.0693
-2.0693
-2.0693
-2.0693
-1.1496
-1.1496
0.36404
0.36404
1.0059
-1.14
-1.14
-0.37362
-0.37362
-0.90053
-0.90053
2.2322
2.2322
1.0251
1.0251
0.58438
0.58438
1.6478
1.6478
0.80473
0.80473
1.2263
1.2263
2.2609
2.2609
-0.02874
-0.02874
-0.78557
-0.78557
1.3125
1.3125
1.2646
1.2646
-0.60354
-0.60354
0.92927
-0.1437
-0.1437
0.66103
0.66103
0.22992
0.22992
0.479
0.479
-0.60354
-0.60354
-0.70893
-0.70893
-2.1651
-2.1651
-2.1268
-2.1268
-1.916
-1.916
-1.4945
-1.4945
-0.21076
-0.21076
-0.83347
-0.83347
-2.2322
-2.2322
-3.7267
-3.7267
-1.6095
-1.6095
0.45026
0.45026
-0.84305
-0.84305
-0.42152
-0.42152
-0.86221
-0.86221
-1.5232
-1.5232
-1.0155
-1.0155
-0.39278
-0.39278
1.1017
1.1017
-2.3088
-2.3088
-0.49816
-0.49816
-0.31614
-0.31614
-0.1916
-0.1916
-1.5616
-1.5616
2.874
2.874
2.874
2.874
-0.479
-0.479
0.076641
0.076641
0.88137
0.88137
2.098
2.098
1.3029
1.3029
-0.02874
-0.02874
-0.90053
-0.90053
1.5137
1.5137
1.0921
1.0921
0.51732
0.51732
-0.27782
-0.27782
-2.1747
-2.1747
0.01916
0.01916
0.12454
0.12454
-1.5807
-1.5807
0.2395
0.2395
-1.37
-1.37
-0.20118
-0.20118
-2.3184
-2.3184
-1.9352
-1.9352
-3.3818
-3.3818
0.076641
0.076641
-1.3029
-1.3029
-2.395
-2.395
-2.9315
-2.9315
-1.6382
-1.6382
-0.84305
-0.84305
-0.80473
-0.80473
-0.46942
-0.46942
-0.78557
-0.78557
-2.5291
-2.5291
-2.3375
-2.3375
0.5748
0.5748
-1.1975
-1.1975
0.01916
0.01916
-0.46942
-0.46942
-0.37362
-0.37362
0.72809
0.72809
0.03832
0.03832
-0.2395
-0.2395
0.71851
0.71851
3.3434
3.3434
0.30656
0.30656
-1.1783
-1.1783
0.78557
0.78557
3.8225
3.8225
2.3471
2.3471
-0.82389
-0.82389
1.6574
1.6574
1.1592
1.1592
2.0118
2.0118
-0.60354
-0.60354
-0.60354
-0.60354
0.65145
0.65145
-1.5041
-1.5041
-1.5041
-1.5041
-0.87179
-0.87179
-0.68019
-0.68019
-0.81431
-0.81431
-1.255
-1.255
-1.2071
-1.2071
-2.6249
-2.6249
-2.7303
-2.7303
-2.2417
-2.2417
-1.2071
-1.2071
-3.8895
-3.8895
-1.7436
-1.7436
0.24908
0.24908
-0.0095801
-0.0095801
-2.5004
-2.5004
-0.64187
-0.64187
-0
-0
-0.479
-0.479
-0.81431
-0.81431
1.5328
1.5328
-0.2874
-0.2874
1.437
1.437
-1.6957
-1.6957
0.086221
0.086221
1.1879
1.1879
0.69935
0.69935
0.12454
0.12454
4.1769
4.1769
3.6308
3.6308
1.0059
1.0059
-0.11496
-0.11496
0.98675
0.98675
1.916
1.916
1.6286
1.6286
-0.0479
-0.0479
1.619
1.619
0.31614
0.31614
0.067061
0.067061
-2.1555
-2.1555
-0.29698
-0.29698
0.53648
0.53648
-0.36404
-0.36404
-1.5999
-1.5999
1.8585
1.8585
-0.74725
-0.74725
-1.6669
-1.6669
-3.1327
-3.1327
-1.9448
-1.9448
-1.8202
-1.8202
-1.8202
-1.8202
-0.30656
-0.30656
-1.8202
-1.8202
-2.0693
-2.0693
-2.0693
-2.0693
0.31614
0.31614
-0.27782
-0.27782
-0.5269
-0.5269
-0.3832
-0.3832
0.53648
0.53648
-0.067061
-0.067061
0.90053
0.90053
1.2837
1.2837
-0.68019
-0.68019
1.8202
1.8202
0.72809
0.72809
0.39278
0.39278
-0.16286
-0.16286
0.17244
0.17244
-0.87179
-0.87179
-2.8549
-2.8549
1.1304
1.1304
0.53648
0.53648
0.61313
0.61313
2.2992
2.2992
3.4871
3.4871
-0.32572
-0.32572
-1.8011
-1.8011
-0.20118
-0.20118
0.02874
0.02874
-0.91011
-0.91011
-1.7532
-1.7532
-1.9256
-1.9256
-1.3412
-1.3412
-2.1076
-2.1076
-0.72809
-0.72809
-1.3316
-1.3316
-1.7053
-1.7053
-2.2896
-2.2896
-1.3987
-1.3987
-1.2933
-1.2933
-2.328
-2.328
-1.7436
-1.7436
0.68019
0.68019
-1.1688
-1.1688
-1.2454
-1.2454
-0.83347
-0.83347
0.3832
0.3832
0.81431
0.81431
-0.63229
-0.63229
0.25866
0.25866
0.58438
0.58438
0.93885
0.93885
-0.01916
-0.01916
2.1172
2.1172
1.4274
1.4274
1.4274
1.4274
-0.68977
-0.68977
1.2263
1.2263
0.25866
0.25866
1.3987
1.3987
0.45984
0.45984
-0.45984
-0.45984
-0.12454
-0.12454
0.80473
0.80473
-0.94843
-0.94843
0.16286
0.16286
-0.30656
-0.30656
-1.3316
-1.3316
-0.30656
-0.30656
-0.48858
-0.48858
-0.067061
-0.067061
-0.96759
-0.96759
-1.8585
-1.8585
-0.73767
-0.73767
-1.6765
-1.6765
-1.6669
-1.6669
-0.21076
-0.21076
-1.14
-1.14
-0.89095
-0.89095
-1.7723
-1.7723
-1.1017
-1.1017
-2.1268
-2.1268
-1.8298
-1.8298
-2.0597
-2.0597
0.69935
0.69935
-1.0825
-1.0825
-0.25866
-0.25866
-1.0538
-1.0538
0.50774
0.50774
-0.22992
-0.22992
0.68977
0.68977
-0.13412
-0.13412
0.53648
0.53648
1.3604
1.3604
0.68977
0.68977
2.1172
2.1172
0.56522
0.56522
-1.3987
-1.3987
1.1783
1.1783
1.3029
1.3029
0.44068
0.44068
-1.9448
-1.9448
-0.77599
-0.77599
-0.27782
-0.27782
-0.24908
-0.24908
1.073
1.073
1.073
1.073
-1.5137
-1.5137
-1.6286
-1.6286
-0.86221
-0.86221
-1.5137
-1.5137
-1.4466
-1.4466
-0.96759
-0.96759
-0.87179
-0.87179
-0.88137
-0.88137
-0.25866
-0.25866
-3.9087
-3.9087
1.0538
1.0538
-0.71851
-0.71851
-0.94843
-0.94843
-0.50774
-0.50774
-1.37
-1.37
-0.81431
-0.81431
-1.0346
-1.0346
-1.7436
-1.7436
-1.0346
-1.0346
0.48858
0.48858
0.13412
0.13412
-0.18202
-0.18202
-0.85263
-0.85263
0.83347
0.83347
0.30656
0.30656
-0.10538
-0.10538
1.1879
1.1879
0.68019
0.68019
0.03832
0.03832
0.24908
0.24908
3.7075
3.7075
1.4562
1.4562
1.37
1.37
0.94843
0.94843
-2.0214
-2.0214
1.0825
1.0825
2.9219
2.9219
-0.1437
-0.1437
0.61313
0.61313
2.2226
2.2226
-0.40236
-0.40236
1.8106
1.8106
-1.9064
-1.9064
0.34488
0.34488
0.1437
0.1437
-0.78557
-0.78557
-1.7627
-1.7627
-1.6382
-1.6382
-0.24908
-0.24908
0.32572
0.32572
-1.734
-1.734
-0.2874
-0.2874
-2.7112
-2.7112
0.5269
0.5269
-0.40236
-0.40236
-0.40236
-0.40236
-0.71851
-0.71851
-1.4849
-1.4849
-1.5999
-1.5999
-2.8357
-2.8357
2.2705
2.2705
-0.13412
-0.13412
-0.94843
-0.94843
-0.68019
-0.68019
-0.25866
-0.25866
0.85263
0.85263
-1.2742
-1.2742
0.56522
0.56522
0.13412
0.13412
0.65145
0.65145
0.64187
0.64187
1.8202
1.8202
3.2955
3.2955
-0.4311
-0.4311
1.7148
1.7148
1.8202
1.8202
0.34488
0.34488
0.98675
0.98675
-0.34488
-0.34488
0.45984
0.45984
1.1304
1.1304
1.0346
1.0346
-1.9064
-1.9064
0.74725
0.74725
-0.92927
-0.92927
1.8681
1.8681
-0.13412
-0.13412
-1.4083
-1.4083
-0.98675
-0.98675
-0.61313
-0.61313
0.50774
0.50774
-1.2837
-1.2837
-1.5903
-1.5903
-1.0346
-1.0346
-1.4658
-1.4658
-2.7878
-2.7878
-1.0634
-1.0634
-1.2167
-1.2167
0.17244
0.17244
-1.4945
-1.4945
-2.328
-2.328
-1.7915
-1.7915
-0.11496
-0.11496
-0.87179
-0.87179
-0.66103
-0.66103
-0.32572
-0.32572
-0.32572
-0.32572
0.37362
0.37362
-1.2933
-1.2933
-0.12454
-0.12454
0.70893
0.70893
0.46942
0.46942
0.66103
0.66103
2.213
2.213
0.26824
0.26824
-1.2837
-1.2837
2.4142
2.4142
0.70893
0.70893
0.3353
0.3353
0.69935
0.69935
0.63229
0.63229
-0.095801
-0.095801
0.63229
0.63229
0.80473
0.80473
1.849
1.849
-0.32572
-0.32572
-1.0442
-1.0442
1.849
1.849
-0.65145
-0.65145
-1.9352
-1.9352
-1.255
-1.255
0.10538
0.10538
-1.1592
-1.1592
-2.6249
-2.6249
-1.2263
-1.2263
-2.2705
-2.2705
-0.12454
-0.12454
-0.89095
-0.89095
-2.5291
-2.5291
-0.82389
-0.82389
-2.0501
-2.0501
-1.5616
-1.5616
-1.7148
-1.7148
-0.27782
-0.27782
-0.92927
-0.92927
0.46942
0.46942
-1.3987
-1.3987
-0.31614
-0.31614
-0.2395
-0.2395
-1.37
-1.37
-0.49816
-0.49816
0.03832
0.03832
-0.62271
-0.62271
1.3221
1.3221
0.81431
0.81431
-0.41194
-0.41194
1.4083
1.4083
1.734
1.734
1.734
1.734
1.0825
1.0825
-1.0251
-1.0251
0.01916
0.01916
0.16286
0.16286
1.14
1.14
1.14
1.14
0.79515
0.79515
-1.1304
-1.1304
-0.31614
-0.31614
0.46942
0.46942
1.2742
1.2742
-0.39278
-0.39278
-0.99633
-0.99633
-1.3987
-1.3987
-0.3832
-0.3832
-0.88137
-0.88137
-1.3221
-1.3221
-0.94843
-0.94843
-0.49816
-0.49816
-1.5711
-1.5711
-1.7723
-1.7723
-1.3412
-1.3412
-0.3353
-0.3353
-0.65145
-0.65145
-0.97717
-0.97717
-0.5269
-0.5269
0.10538
0.10538
-0.36404
-0.36404
-0.31614
-0.31614
0.05748
0.05748
-0.15328
-0.15328
-0.1437
-0.1437
-0.0095801
-0.0095801
-0.05748
-0.05748
-0
-0
-0.17244
-0.17244
0.02874
0.02874
0.02874
0.02874
-0.18202
-0.18202
0.067061
0.067061
-0.11496
-0.11496
-0.13412
-0.13412
-0.36404
-0.36404
-0.1437
-0.1437
-0.35446
-0.35446
-0.63229
-0.63229
-0.68019
-0.68019
-0.69935
-0.69935
-0.66103
-0.66103
-0.72809
-0.72809
-0.56522
-0.56522
-0.53648
-0.53648
-0.479
-0.479
-0.32572
-0.32572
-0.13412
-0.13412
-0.21076
-0.21076
-0.42152
-0.42152
-0.4311
-0.4311
-0.34488
-0.34488
-0.34488
-0.34488
-0.53648
-0.53648
-0.5748
-0.5748
-0.31614
-0.31614
-0.17244
-0.17244
-0.40236
-0.40236
-0.42152
-0.42152
-0.26824
-0.26824
-0.37362
-0.37362
-0.44068
-0.44068
-0.41194
-0.41194
-0.49816
-0.49816
-0.35446
-0.35446
-0.35446
-0.35446
-0.50774
-0.50774
-0.20118
-0.20118
-0.4311
-0.4311
-0.35446
-0.35446
-0.479
-0.479
-0.24908
-0.24908
-0.27782
-0.27782
-0.22992
-0.22992
-0.45984
-0.45984
-0.41194
-0.41194
-0.51732
-0.51732
-0.40236
-0.40236
-0.42152
-0.42152
-0.29698
-0.29698
-0.30656
-0.30656
-0.25866
-0.25866
-0.22992
-0.22992
-0.34488
-0.34488
-0.44068
-0.44068
-0.24908
-0.24908
-0.36404
-0.36404
-0.3353
-0.3353
-0.26824
-0.26824
-0.46942
-0.46942
-0.50774
-0.50774
-0.67061
-0.67061
-0.2874
-0.2874
-0.29698
-0.29698
-0.45984
-0.45984
-0.2874
-0.2874
-0.3832
-0.3832
-0.40236
-0.40236
-0.2874
-0.2874
-0.2874
-0.2874
-0.29698
-0.29698
-0.1916
-0.1916
-0.16286
-0.16286
-0.15328
-0.15328
-0.36404
-0.36404
-0.45026
-0.45026
-0.21076
-0.21076
-0.21076
-0.21076
-0.25866
-0.25866
-0.29698
-0.29698
-0.22992
-0.22992
-0.2874
-0.2874
-0.2874
-0.2874
-0.35446
-0.35446
-0.36404
-0.36404
-0.46942
-0.46942
-0.1916
-0.1916
-0.44068
-0.44068
-0.22992
-0.22992
-0.46942
-0.46942
-0.42152
-0.42152
-0.35446
-0.35446
-0.30656
-0.30656
-0.36404
-0.36404
-0.45026
-0.45026
-0.24908
-0.2874
-0.44068
-0.44068
-0.41194
-0.41194
-0.21076
-0.21076
-0.2395
-0.2395
-0.22992
-0.22992
-0.24908
-0.24908
-0.30656
-0.30656
-0.39278
-0.39278
-0.16286
-0.32572
-0.3832
-0.3832
-0.36404
-0.36404
-0.42152
-0.42152
-0.20118
-0.20118
-0.35446
-0.35446
-0.2395
-0.2395
-0.44068
-0.46942
-0.46942
-0.46942
-0.46942
-0.32572
-0.32572
-0.3832
-0.3832
-0.45984
-0.45984
-0.45984
-0.45984
-0.1916
-0.1916
-0.42152
-0.42152
-0.2395
-0.2395
-0.45026
-0.2874
-0.2874
-0.27782
-0.27782
-0.31614
-0.31614
-0.45984
-0.45984
-0.42152
-0.42152
-0.34488
-0.34488
-0.26824
-0.26824
-0.27782
-0.27782
-0.32572
-0.32572
-0.2874
-0.2874
-0.22992
-0.22992
-0.22034
-0.22034
-0.50774
-0.50774
-0.41194
-0.41194
-0.35446
-0.35446
-0.42152
-0.42152
-0.32572
-0.32572
-0.4311
-0.4311
-0.41194
-0.41194
-0.4311
-0.4311
-0.36404
-0.36404
-0.46942
-0.46942
-0.25866
-0.25866
-0.39278
-0.39278
-0.34488
-0.34488
-0.10538
-0.34488
-0.076641
-0.076641
-0.16286
-0.16286
-0.48858
-0.48858
-0.46942
-0.46942
-0.24908
-0.24908
-0.42152
-0.42152
-0.78557
-0.78557
-1.5424
-1.5424
-0.20118
-0.20118
-1.7436
-1.7436
-0.5748
-0.5748
-0.5748
-0.5748
-0.45984
-0.45984
0.0479
0.0479
-1.8969
-1.8969
0.45984
0.45984
-0.39278
-0.39278
-0.12454
-0.12454
1.1496
1.1496
1.5711
0.90053
-0.26824
-0.26824
-0.05748
-0.05748
0.56522
0.56522
0.92927
0.92927
1.8585
1.8585
0.2395
0.2395
-0.34488
-0.34488
2.1747
2.1747
-0.94843
-0.94843
-0.46942
-0.46942
-0.98675
-0.98675
-0.66103
-0.66103
-4.1961
-4.1961
-0.0095801
-0.0095801
-0.78557
-0.78557
-1.2167
-1.2167
-1.6861
-1.6861
-0.72809
-0.59396
-0.03832
-0.03832
-0.91011
-0.91011
-0.85263
-0.85263
-1.8777
-1.8777
-1.7244
-1.7244
-1.6957
-1.6957
-1.437
-1.437
0.2395
0.2395
-1.7819
-1.6861
-0.81431
-0.81431
-0.66103
-0.66103
1.619
1.619
-2.1172
-2.1172
-0.68019
-0.68019
3.2189
3.2189
1.6574
1.6574
-0.0095801
-0.0095801
1.2742
1.2742
1.4179
1.4179
1.6382
1.6382
0.85263
0.85263
-0.84305
-0.84305
-1.5424
-1.5424
2.3854
2.3854
1.9448
1.9448
1.8394
1.8394
-1.1209
-1.1209
-1.5137
1.0251
-1.7532
-1.7532
-2.4142
-2.4142
-1.619
-1.619
0.3353
0.3353
-1.2454
-1.2454
-2.0118
-2.0118
-2.2801
-2.2801
-1.7915
-1.7915
-0.37362
-0.37362
-1.37
-1.37
-2.3854
-2.3854
-2.8932
-2.8932
-1.0538
-1.0538
-3.2381
-3.2381
-1.7723
-1.7723
-1.3125
-1.3125
-1.916
-1.916
-0.72809
-0.72809
0.1437
0.1437
-0.68977
-0.68977
-0.086221
-0.086221
0.72809
0.72809
2.4238
2.4238
0.79515
0.79515
1.6478
1.6478
1.0825
1.0825
0.58438
0.58438
0.5748
0.5748
3.0752
3.0752
0.62271
0.62271
-0.5748
-0.5748
2.692
2.692
1.7627
1.7627
1.4753
1.4753
-1.8011
-1.8011
-0.74725
-0.74725
-0.89095
-0.89095
-2.0406
-2.0406
-4.7996
0.26824
-4.6176
-4.6176
-0.086221
-0.086221
-0.88137
-0.88137
-0.31614
-0.31614
-2.6249
-2.6249
-1.7915
-1.7915
-0.5269
-0.5269
-0.95801
-0.95801
-1.4179
-1.4179
-3.4871
-3.4871
-3.8033
-3.8033
-1.14
-1.1688
-1.1688
-1.2071
-1.2071
-0.82389
-0.82389
-1.2837
-1.2837
1.4753
1.4753
2.6728
2.6728
0.91969
0.91969
-0.1437
-0.1437
1.619
1.619
2.874
2.874
1.7915
1.7915
0.80473
0.80473
-0.11496
-0.11496
-1.4658
-1.4658
3.0081
3.0081
1.4945
1.4945
1.9831
1.9831
-1.0825
-1.0825
-0.02874
-0.02874
1.6382
1.6382
1.6861
1.6861
2.1651
2.1651
-1.9064
-1.9064
-1.3221
-1.3221
-1.7819
-1.7819
-0.62271
-0.62271
-2.989
-2.989
-2.6824
-2.6824
0.66103
0.66103
-1.0442
-1.0442
-1.9735
-1.9735
-2.1555
-2.1555
-1.2646
-1.2646
-1.849
-1.849
-1.4945
-1.4945
-0.74725
-0.74725
-1.2837
-1.2837
-1.1304
-1.1304
-0.68977
-0.68977
-2.5004
-2.5004
-0.25866
-0.25866
-1.6765
-1.6765
-0.32572
-0.32572
-0.66103
-0.66103
-0.82389
-0.82389
-1.4849
-1.4849
1.7148
1.7148
2.4621
2.4621
2.5196
2.5196
1.0346
1.0346
1.3891
1.3891
1.5137
1.5137
1.7723
1.7723
2.989
2.989
0.58438
0.58438
1.3795
1.3795
2.7878
2.7878
-0.16286
-0.16286
1.6478
1.6478
-0.91011
-0.91011
-0.74725
-0.74725
1.0155
1.0155
-0.0095801
-0.0095801
1.3987
1.3987
-1.255
-1.255
-0.72809
-0.72809
-1.4274
-1.4274
-1.8585
-1.8585
-0.94843
-0.94843
-4.4643
-4.4643
-0.79515
-0.79515
0.88137
0.88137
-2.3375
-2.3375
-3.0273
-3.0273
-1.9256
-1.9256
-1.0634
-1.0634
-1.4753
-1.4753
-0.68019
-0.68019
-0.68977
-0.68977
-3.171
-3.171
-1.1304
-1.1304
-4.6176
-4.6176
-4.6176
-4.6176
-1.3891
-1.3891
-1.4179
-1.4179
-0.75683
-0.75683
-0.4311
-0.4311
-0.72809
-0.72809
1.2646
1.2646
1.2263
1.2263
0.17244
0.17244
1.437
1.437
1.5041
1.5041
1.5424
1.5424
1.2358
1.2358
1.1688
1.1688
0.82389
0.82389
1.7148
1.7148
2.4046
2.4046
0.65145
0.65145
2.989
2.989
-2.7782
-2.7782
0.82389
0.82389
0.86221
0.86221
-1.6669
-1.6669
2.1076
2.1076
-0.27782
-0.27782
-0.63229
-0.63229
-1.8873
-1.8873
-1.3987
-1.3987
-1.2742
-1.2742
-2.1843
-2.1843
-1.1688
-1.1688
-2.6824
-2.6824
-4.0524
-4.0524
-1.2646
-1.2646
-1.37
-1.37
-2.51
-2.51
-0.87179
-0.87179
-1.1783
-1.1783
-2.031
-2.031
-1.0825
-1.0825
-3.8895
-3.8895
-2.5291
-2.5291
-0.68019
-0.68019
-0.59396
-0.59396
-0.73767
-0.73767
-0.73767
-0.73767
-0.60354
-0.60354
-1.0059
-1.0059
-0.067061
-0.067061
-0.94843
-0.94843
-1.6669
-1.6669
-1.6669
-1.6669
1.5328
1.5328
1.2454
1.2454
2.5675
2.5675
0.96759
0.96759
-0.35446
-0.35446
1.619
1.619
-0.10538
-0.10538
-2.5004
-2.5004
-0.93885
-0.93885
1.7627
1.7627
0.22992
0.22992
0.81431
0.81431
-2.4142
-2.4142
-0.54606
-0.63229
-3.0177
-3.0177
-1.6382
-1.6382
-0.71851
-0.71851
-0.2395
-0.2395
-2.1459
-2.1459
-2.7016
-2.7016
-1.0442
-1.0442
-1.8873
-1.8873
-1.1783
-1.1783
-1.14
-1.14
-1.1017
-1.1017
-1.552
-1.552
-0.13412
-0.13412
-0.56522
-0.56522
-0.73767
-0.73767
-0.16286
-0.16286
0.02874
0.02874
-1.0921
-1.0921
0.076641
0.076641
2.2034
2.2034
-0.67061
-0.67061
0.30656
0.30656
0.48858
0.48858
0.16286
0.16286
-1.437
-1.437
-1.437
-1.437
1.9831
1.9831
1.3221
1.3221
1.3221
1.3221
-1.9352
-1.9352
-1.2071
-1.2071
2.3471
2.3471
0.85263
0.85263
-1.0346
-1.0346
-1.849
-1.849
-0.39278
-0.39278
-1.6765
-1.6765
-0.87179
-0.87179
-4.5122
-4.5122
-0.26824
-0.26824
-0.75683
-0.75683
-1.7244
-1.7244
-1.2933
-1.2933
-1.3316
-1.3316
-1.0825
-1.0825
-0.78557
-0.78557
-1.5711
-1.5711
-1.2742
-1.2742
-1.9256
-1.9256
0.095801
0.095801
-1.7053
-1.7053
0.17244
0.17244
0.5748
0.5748
-1.8011
-1.8011
-0.076641
-0.076641
-0.46942
-0.46942
0.76641
0.76641
0.99633
0.99633
1.1113
1.1113
1.916
1.916
1.9927
1.9927
2.6441
2.6441
0.74725
0.74725
1.255
1.255
2.4908
2.4908
2.3184
2.3184
1.1879
1.1879
-0.3832
-0.3832
0.15328
0.15328
1.6574
1.6574
2.2417
2.2417
1.0346
1.0346
-1.1113
-1.1113
0.10538
0.10538
0.10538
0.10538
-0.54606
-0.01916
1.916
1.916
-3.0081
-3.0081
-1.9639
-1.9639
-1.3508
-1.3508
-1.7148
-1.7148
-1.6669
-1.6669
-0.62271
-0.62271
-0.64187
-0.64187
-1.8681
-1.8681
-2.213
-2.213
-1.849
-1.849
-3.1039
-3.1039
-1.1496
-1.1496
-1.5807
-1.5807
-1.6669
-1.6669
0.34488
0.34488
-0.31614
-0.31614
-0.70893
-0.70893
0.1437
0.1437
1.6286
1.6286
0.76641
0.76641
0.69935
0.69935
1.5041
1.5041
3.1518
3.1518
1.4849
1.4849
2.1364
2.1364
0.92927
0.92927
0.1437
0.1437
1.0442
1.0442
-2.4621
-2.4621
0.48858
0.48858
1.5232
1.5232
-0.479
-0.479
0.59396
0.59396
-2.0501
-2.0501
-0.54606
-0.54606
-0.62271
-0.90053
-4.0811
-4.0811
-1.9927
-1.9927
0.85263
0.85263
-1.4753
-1.4753
-2.9986
-2.9986
-0.58438
-0.58438
-0.58438
-0.58438
-0.35446
-0.35446
-1.7915
-1.7915
-1.4945
-1.4945
-2.5387
-2.5387
-2.2034
-2.2034
-4.8954
-4.8954
-1.1975
-1.1975
-0.22034
-0.22034
-0.85263
-0.85263
-0.63229
-0.63229
-0.42152
-0.42152
-0.68977
-0.68977
0.51732
0.51732
2.3663
2.3663
0.92927
0.69935
1.6478
1.6478
1.3987
1.3987
1.3604
1.3604
-0.64187
-0.64187
1.8585
1.8585
1.5711
1.5711
1.4179
1.4179
0.13412
0.13412
-0.45026
-0.45026
-0.96759
-0.96759
0.85263
0.85263
-0.53648
-0.53648
0.99633
0.99633
-1.4849
-1.4849
-1.6574
-1.6574
-1.7627
-1.7627
-1.3316
-1.3316
-1.4274
-1.4274
-2.4333
-2.4333
-2.874
-2.874
-0.26824
-0.26824
-1.7819
-1.7819
-4.0141
-4.0141
-0.94843
-0.94843
-0.5269
-0.5269
-1.6765
-1.6765
-0.71851
-0.71851
-1.1304
-1.1304
-1.8202
-1.8202
-3.0081
-3.0081
-2.6537
-2.6537
0.5269
0.5269
-0.45026
-0.45026
-1.3891
-1.3891
-0.51732
-0.51732
-0.70893
-0.70893
-0.54606
-0.54606
2.0789
2.0789
1.255
1.255
-0.4311
-0.4311
2.0789
2.0789
0.97717
0.97717
1.0921
1.0921
1.5807
1.5807
0.92927
0.92927
-0.72809
-0.72809
1.2071
1.2071
1.8394
1.8394
0.83347
0.83347
0.1916
0.1916
-1.849
-1.849
-1.0634
-1.0634
2.2417
2.2417
0.15328
0.15328
0.40236
0.40236
-2.6441
-2.6441
-0.66103
-0.66103
-2.328
-2.328
-0.79515
-0.79515
-2.9411
-2.9411
-1.3029
-1.3029
-1.1496
-1.1496
-1.7053
-1.7053
-1.5616
-1.5616
-1.7053
-1.7053
0.12454
0.12454
-1.619
-1.619
-0.59396
-0.59396
-0.26824
-0.26824
-0.74725
-0.74725
-1.0634
-1.0634
-2.4621
-2.4621
-1.255
-1.255
0.15328
0.15328
0.2874
0.2874
-1.4562
-1.4562
-0.02874
-0.02874
0.086221
0.086221
-0.60354
-0.60354
3.2668
3.2668
3.2668
3.2668
0.56522
0.56522
0.2395
0.2395
0.17244
0.17244
0.17244
0.17244
1.8394
1.8394
0.18202
0.18202
0.21076
0.21076
1.4658
1.4658
1.4179
1.4179
1.8681
1.8681
0.27782
0.27782
-0.32572
-0.32572
-1.2933
-1.2933
1.8106
1.8106
0.98675
0.98675
-1.1783
-1.1783
-1.5137
-1.5137
-1.3221
-1.3221
-0
-0
-0.29698
-0.29698
-3.8512
-3.8512
-1.6095
-1.6095
1.5137
1.5137
-1.8394
-1.8394
-1.6478
-1.6478
-2.692
-2.692
-0.96759
-0.96759
-2.1555
-2.1555
-0.83347
-0.83347
-1.916
-1.916
-1.437
-1.437
-1.4083
-1.4083
-1.8298
-1.8298
-0.45026
-0.45026
-0.2874
-0.2874
1.255
1.255
-1.7436
-1.7436
0.24908
0.24908
0.42152
0.42152
-0.41194
-0.41194
0.55564
0.55564
3.7554
3.7554
-0.63229
-0.63229
0.1437
0.1437
2.51
2.51
1.1113
1.1113
1.5137
1.5137
1.5041
1.5041
0.53648
0.53648
0.479
0.479
2.0789
2.0789
1.9256
1.9256
1.6765
1.6765
0.48858
0.48858
0.11496
0.11496
1.5711
1.5711
2.6249
2.6249
2.8357
2.8357
-2.7112
-2.7112
-2.7112
-2.7112
-1.4083
-1.4083
-0.56522
-0.56522
-4.7709
-4.7709
-1.1017
-1.1017
1.4658
1.4658
-3.2093
-3.2093
-1.4945
-1.4945
-0.94843
-0.94843
-2.6824
-2.6824
-1.1017
-1.1017
-1.3891
-1.3891
-1.2933
-1.2933
-2.1076
-2.1076
-0.81431
-0.81431
-1.1113
-1.1113
-2.5675
-2.5675
-0.46942
-0.46942
-0.66103
-0.66103
-0.94843
-0.94843
-1.3795
-1.3795
-0.93885
-0.93885
-0.69935
-0.69935
1.849
1.849
2.3471
2.3471
1.2263
1.2263
1.849
1.849
0.59396
0.59396
0.95801
0.95801
1.9831
1.9831
2.9315
2.9315
0.20118
0.20118
1.3125
1.3125
2.2513
2.2513
0.61313
0.61313
0.87179
0.87179
-1.14
-1.14
-0.54606
-0.54606
0.81431
0.81431
1.14
1.14
1.2933
1.2933
-1.2742
-1.2742
-2.2226
-2.2226
-0.34488
-0.34488
-2.3184
-2.3184
-0.97717
-0.97717
-1.4083
-1.4083
-0.58438
-0.58438
-2.4621
-2.4621
-2.4621
-2.4621
-3.1135
-3.1135
-1.6286
-1.6286
-2.7878
-2.7878
-1.7436
-1.7436
-1.4945
-1.4945
-1.6957
-1.6957
-0.21076
-0.21076
-0.086221
-0.086221
-1.1783
-1.1783
-0.97717
-0.97717
-0.20118
-0.20118
-0.16286
-0.16286
-0.63229
-0.63229
0.0095801
0.0095801
-0.12454
-0.12454
-0.36404
-0.36404
-0.41194
-0.41194
0.2874
0.2874
0.34488
0.34488
-0.11496
-0.11496
0.20118
0.20118
0.479
0.479
0.32572
0.32572
0.095801
0.095801
0.81431
0.81431
0.42152
0.42152
-0.15328
-0.15328
-0.39278
-0.39278
-0.10538
-0.10538
-0.3353
-0.3353
-0.91969
-0.91969
-0.58438
-0.58438
-0.16286
-0.16286
-0.3353
-0.3353
-1.0155
-1.0155
-0.2395
-0.2395
-0.53648
-0.53648
-0.53648
-0.53648
-0.59396
-0.59396
-0.2874
-0.2874
-0.095801
-0.095801
-0.17244
-0.17244
-0.36404
-0.36404
-0.30656
-0.30656
-0.26824
-0.26824
-0.2395
-0.2395
-0.25866
-0.25866
-0.54606
-0.54606
-0.02874
-0.02874
-0.1916
-0.1916
-0.2395
-0.2395
-0.37362
-0.37362
-0.1437
-0.1437
-0.5748
-0.5748
-0.50774
-0.50774
-0.26824
-0.26824
-0.15328
-0.15328
-0.20118
-0.20118
-0.50774
-0.50774
-0.44068
-0.44068
-0.36404
-0.36404
-0.18202
-0.18202
-0.45984
-0.45984
-0.48858
-0.22034
-0.31614
-0.31614
-0.48858
-0.48858
-0.2874
-0.2874
-0.17244
-0.17244
-0.22992
-0.22992
-0.44068
-0.44068
-0.46942
-0.46942
-0.39278
-0.39278
-0.15328
-0.15328
-0.18202
-0.16286
-0.26824
-0.26824
-0.50774
-0.50774
-0.35446
-0.35446
-0.44068
-0.44068
-0.22034
-0.22034
-0.16286
-0.16286
-0.17244
-0.17244
-0.20118
-0.20118
-0.26824
-0.26824
-0.18202
-0.18202
-0.22034
-0.22034
-0.3832
-0.479
-0.35446
-0.35446
-0.22034
-0.22034
-0.36404
-0.36404
-0.50774
-0.50774
-0.22992
-0.22992
-0.1916
-0.1916
-0.3353
-0.3353
-0.48858
-0.48858
-0.42152
-0.42152
-0.22034
-0.22034
-0.3832
-0.3832
-0.25866
-0.25866
-0.40236
-0.24908
-0.3832
-0.3832
-0.3832
-0.3832
-0.40236
-0.40236
-0.44068
-0.44068
-0.49816
-0.49816
-0.46942
-0.46942
-0.44068
-0.44068
-0.479
-0.479
-0.35446
-0.35446
0.05748
0.05748
-0.5269
-0.5269
-0.10538
-0.22992
-0.22992
-0.20118
-0.20118
-1.0346
-1.0346
-0.64187
-0.64187
-0.50774
-0.50774
-0.40236
-0.40236
-1.4083
-1.4083
-0.25866
-0.25866
-0.34488
-0.34488
-1.0825
-1.0825
-0.5269
-0.5269
-0.34488
-0.34488
-0.3353
-0.3353
-0.86221
-0.86221
-1.0155
-1.0155
-1.7819
-1.7819
-0.18202
-0.18202
-0.30656
-0.30656
-0.75683
-0.75683
0.40236
0.40236
-0.71851
-0.71851
0.55564
0.55564
0.64187
0.64187
0.02874
0.02874
0.35446
0.35446
-0.68019
-0.68019
0.68977
0.68977
0.49816
0.49816
0.72809
0.72809
-0.45026
-0.45026
0.17244
0.17244
0.87179
0.87179
0.95801
0.95801
-0.086221
-0.086221
-0.086221
0.41194
0.41194
0.41194
-1.3029
-1.3029
0.41194
0.41194
0.41194
0.41194
-0.095801
-0.095801
-0.25866
-0.25866
-3.1231
-3.1231
-1.9352
-1.9352
0.50774
0.50774
-1.1113
-1.1113
0.41194
0.41194
0.067061
0.067061
0.51732
0.51732
-0.41194
-0.41194
-1.8969
-1.8969
-1.6861
-1.6861
2.1076
2.1076
-1.6957
-2.9123
-0.10538
-0.10538
-2.0406
-2.0406
-0.2395
-0.2395
0.479
0.479
-1.3604
-1.3604
0.58438
0.58438
-1.1496
-1.1496
-0.15328
-0.15328
-0.64187
-0.64187
-0.68019
-0.68019
-0.17244
0.34488
-0.095801
-0.095801
0.68019
0.68019
0.94843
0.94843
1.5807
1.5807
0.49816
0.49816
1.4274
1.4274
0.58438
0.58438
1.14
1.14
-1.2071
-1.2071
-0.98675
-0.98675
0.30656
0.30656
-2.3663
-2.3663
0.21076
0.21076
-1.5807
-1.5807
0.10538
3.5255
3.5255
3.5255
3.5255
0.96759
0.96759
-1.9448
-1.9448
1.2646
1.2646
0.93885
0.93885
2.098
2.098
-1.3221
-1.3221
-5.0583
-5.0583
-1.1783
-1.1783
-0.95801
-0.95801
0.55564
0.55564
-0.70893
-0.70893
-0.067061
-0.067061
0.64187
0.64187
-2.874
-2.874
-1.1975
-1.1975
0.77599
0.77599
0.45026
0.45026
-0.86221
-0.86221
-1.8681
-1.8681
-0.64187
-0.64187
-0.37362
-0.37362
0.65145
0.65145
0.2395
0.2395
0.44068
0.44068
-0
-0
0.27782
0.27782
0.84305
0.84305
-0.83347
-0.83347
0.94843
0.94843
-0.01916
-0.01916
0.067061
0.067061
-0.12454
-0.12454
0.53648
0.53648
-1.2071
-1.2071
-0.095801
-0.095801
4.6942
4.6942
1.4562
1.4562
0.93885
0.93885
-0.095801
-0.095801
-0.479
-0.479
0.80473
0.80473
-0.75683
-0.75683
1.6382
1.6382
1.1496
1.1496
-1.5137
-1.5137
-1.0346
-1.0346
-0.81431
-0.81431
-0.85263
-0.85263
-2.9507
-2.9507
-2.9507
-2.9507
-2.8453
-2.8453
0.11496
0.11496
-0.87179
-0.87179
-2.213
-2.213
-1.0921
-1.0921
-0.5748
-0.5748
-1.6095
-0.086221
0.1437
0.1437
0.10538
0.10538
-0.26824
-0.26824
-0.15328
-0.15328
-0.0479
-0.0479
1.3795
1.3795
-1.1879
-1.1879
0.92927
0.92927
0.1916
0.1916
1.7148
1.7148
0.60354
0.60354
-0.66103
-0.66103
-0
-0
-0.26824
-0.26824
2.2705
2.2705
-0.076641
-0.076641
5.5181
5.5181
-0.97717
-0.97717
2.0885
2.0885
-0.83347
-0.83347
-0.62271
-0.62271
0.68977
0.68977
-1.6478
-1.6478
2.0406
2.0406
1.255
1.255
-2.4238
-2.4238
-3.8416
-3.8416
-0.12454
-0.12454
-0.45984
-0.45984
-1.8298
-1.8298
-1.0251
-1.0155
-0.61313
-0.61313
1.0346
1.0346
-1.6765
-1.6765
-0.69935
-0.69935
-0.69935
-0.69935
-1.9256
-1.9256
-1.9256
-1.9256
-0.37362
-0.37362
-0.5748
-0.5748
-0.067061
-0.067061
-1.5999
-1.5999
0.076641
0.076641
1.5711
1.5711
0.095801
0.095801
0.67061
0.67061
-0.02874
-0.02874
1.0825
1.0825
0.92927
0.92927
-0.53648
-0.53648
0.17244
0.17244
0.63229
0.63229
0.87179
0.87179
0.03832
1.2263
4.2631
4.2631
-2.0789
-2.0789
1.6765
1.6765
-0.73767
-0.73767
0.74725
0.74725
-0.53648
-0.53648
0.42152
0.42152
2.1555
2.1555
1.0346
1.0346
-0.83347
-0.83347
-3.1039
-3.1039
-1.4562
-1.4562
-3.2476
-3.2476
-0.90053
-0.90053
0.86221
0.86221
-0.22034
-0.22034
-2.0214
-2.0214
-1.5616
-1.5616
-0.16286
-0.16286
-3.2476
-3.2476
-1.5424
-1.5424
-0.39278
-0.39278
-2.0214
-2.0214
-2.0022
-2.0022
-1.2837
-1.2837
-0.67061
-0.67061
-0.29698
-0.29698
-0.61313
-0.61313
-0.40236
-0.40236
1.4945
1.4945
0.086221
0.086221
-0.54606
-0.54606
-0.54606
-0.54606
-0.21076
-0.21076
1.1688
1.1688
0.86221
0.86221
-1.073
-1.073
0.68019
0.68019
2.4525
2.4525
-0.55564
-0.55564
0.49816
0.49816
0.78557
0.78557
0.77599
0.77599
-1.0155
-1.0155
0.69935
0.69935
1.0155
1.0155
2.3184
2.3184
0.25866
0.25866
0.62271
0.62271
1.0251
-1.1688
-1.1688
-3.2093
-3.2093
-0.65145
-0.65145
-1.5999
-1.5999
0.91969
0.91969
-0.92927
-0.92927
-1.5616
-1.5616
-2.5196
-2.5196
-0.44068
-0.44068
-1.7819
-1.7819
-1.5424
-1.5424
-1.6861
-1.6861
-1.255
-1.255
-2.328
-2.328
-1.9831
-1.9831
-1.2263
-1.2263
-1.0346
-1.0346
-1.1113
-1.1113
-1.1783
-1.1783
-1.3604
-1.3604
0.20118
0.20118
0.0095801
0.0095801
0.10538
0.10538
0.99633
0.99633
1.1113
1.1113
0.17244
0.17244
-0.53648
-0.53648
3.0752
3.0752
0.67061
0.67061
1.1113
1.1113
-0.24908
-0.24908
-2.9411
-2.9411
1.7819
1.7819
1.6861
1.6861
2.0214
2.0214
2.0214
2.0214
2.4525
2.4525
0.99633
0.99633
0.65145
0.65145
3.8416
3.8416
0.1916
0.1916
0.0479
0.0479
-0.5269
-0.5269
-1.1496
-1.1496
0.5269
0.5269
1.2167
1.2167
-2.7016
-2.7016
-1.7436
-1.7436
-1.1113
-1.1113
-0.93885
-0.93885
-0.49816
-2.395
-2.395
-1.3508
-1.3508
-1.9448
-1.9448
-2.5004
-2.5004
-1.7915
-1.7915
-1.4849
-1.4849
-1.2933
-1.2933
-2.0693
-2.0693
-0.49816
-0.49816
0.076641
0.076641
-1.2358
-1.2358
0.51732
0.51732
-0.63229
-0.63229
1.5424
1.5424
0.95801
0.95801
0.40236
0.40236
0.27782
0.27782
2.51
2.51
-0.42152
-0.42152
1.2454
1.2454
1.0442
1.0442
1.8969
1.8969
1.9352
1.9352
2.1747
2.1747
1.4562
1.4562
1.7053
1.7053
0.90053
0.90053
0.31614
0.31614
0.30656
0.30656
1.1017
1.1017
2.8453
2.8453
1.6286
1.6286
-2.7974
-2.7974
-1.5807
-1.5807
-2.6824
-2.6824
-1.9543
-1.9543
-1.5903
-1.5903
-3.0752
-3.0752
0.12454
0.12454
-0.99633
-0.99633
-1.1304
-1.1304
-4.1482
-4.1482
-1.1592
-1.1592
-1.4753
-1.4753
-2.5962
-2.5962
-2.51
-2.51
-1.8106
-1.8106
-0.97717
-0.97717
-0.84305
-0.84305
-0.36404
-0.36404
0.3832
0.3832
0.30656
0.30656
2.5004
2.5004
0.90053
0.90053
0.13412
0.13412
0.44068
0.44068
0.48858
0.48858
-0.74725
-0.74725
2.328
2.328
2.2034
2.2034
2.7974
2.7974
1.5424
1.5424
0.81431
0.81431
1.552
1.8681
1.8681
1.3316
1.3316
0.59396
0.59396
1.7915
1.7915
-1.7436
-1.7436
-0.42152
-0.42152
0.66103
0.66103
2.1268
2.1268
-1.3987
-1.3987
-0.73767
-0.73767
-2.7016
-2.7016
-2.2992
-2.2992
-2.2513
-2.2513
-2.3567
-2.3567
-0.90053
-0.90053
-4.3973
-4.3973
0.2395
0.2395
-1.5137
-1.5137
-0.35446
-0.35446
-3.4201
-3.4201
-1.0921
-1.0921
-1.5903
-1.5903
-1.3412
-1.3412
-1.7053
-1.7053
0.01916
0.01916
-0.91011
-0.91011
0.4311
0.4311
0.75683
0.75683
0.076641
0.076641
3.1614
3.1614
0.55564
0.55564
-0.20118
-0.20118
1.5137
1.5137
0.26824
0.26824
-0.99633
-0.99633
2.8357
2.8357
3.8129
3.8129
0.81431
0.81431
1.6861
1.6861
1.14
1.14
7.8652
7.8652
-0.46942
-0.46942
0.94843
0.94843
-0.12454
-0.12454
1.2646
1.2646
-0.05748
-0.05748
-0.72809
-0.72809
0.17244
0.17244
-0.84305
-0.84305
0.05748
0.05748
-1.5424
-1.5424
-0.36404
-0.36404
-1.9639
-1.9639
-0.59396
-0.59396
-2.3759
-2.3759
-2.6058
-2.6058
-1.1783
-1.1783
-0.54606
-0.54606
0.40236
0.40236
0.53648
0.53648
-1.2742
-1.2742
-3.765
-3.765
-0.58438
-0.58438
-1.9064
-1.9064
-2.6345
-2.6345
-3.1614
-3.1614
-1.073
-1.073
-0.29698
-0.29698
-1.3029
-1.3029
-1.2646
-1.2646
0.20118
0.20118
0.50774
0.50774
0.24908
0.24908
0.24908
0.24908
1.6095
1.6095
1.6095
1.6095
0.94843
0.94843
0.44068
0.44068
0.5269
0.5269
1.0634
1.0634
0.13412
0.13412
0.16286
0.16286
-0.1916
-0.1916
-0.64187
-0.64187
-0.81431
-0.81431
-0.86221
-0.86221
-1.1592
-1.1592
-0.97717
-0.97717
-0.66103
-0.66103
-0.90053
-0.90053
-1.0921
-1.0921
-0.91011
-0.91011
-0.90053
-0.90053
-0.55564
-0.55564
-0.76641
-0.76641
-0.68977
-0.68977
-0.44068
-0.44068
-0.20118
-0.20118
-0.39278
-0.39278
-0.25866
-0.25866
-0.24908
-0.24908
-0
-0
-0.095801
-0.095801
-0.18202
-0.18202
-0.22992
-0.22992
-0.20118
-0.20118
-0.25866
-0.25866
-0.29698
-0.29698
-0.48858
-0.48858
-0.3832
-0.3832
-0.31614
-0.31614
-0.49816
-0.49816
-0.64187
-0.64187
-0.4311
-0.4311
-0.79515
-0.79515
-0.44068
-0.44068
-0.3832
-0.3832
-0.51732
-0.51732
-0.60354
-0.60354
-0.32572
-0.32572
-0.17244
-0.17244
-0.32572
-0.32572
-0.2874
-0.2874
-0.16286
-0.16286
-0.39278
-0.39278
-0.45984
-0.45984
-0.479
-0.479
-0.41194
-0.41194
-0.3832
-0.3832
-0.41194
-0.41194
-0.63229
-0.63229
-0.45026
-0.45026
-0.37362
-0.37362
-0.34488
-0.34488
-0.30656
-0.30656
-0.29698
-0.29698
-0.20118
-0.20118
-0.37362
-0.37362
-0.3832
-0.3832
-0.22992
-0.22992
-0.26824
-0.26824
-0.51732
-0.51732
-0.3832
-0.3832
-0.32572
-0.32572
-0.3832
-0.3832
-0.45026
-0.45026
-0.49816
-0.49816
-0.45026
-0.45026
-0.41194
-0.41194
-0.44068
-0.44068
-0.44068
-0.44068
-0.41194
-0.41194
-0.21076
-0.21076
-0.26824
-0.26824
-0.45026
-0.45026
-0.35446
-0.35446
-0.56522
-0.56522
-0.2874
-0.2874
-0.45026
-0.45026
-0.55564
-0.55564
-0.4311
-0.4311
-0.34488
-0.34488
-0.51732
-0.51732
-0.49816
-0.49816
-0.3832
-0.3832
-0.42152
-0.42152
-0.25866
-0.25866
-0.49816
-0.49816
-0.2874
-0.2874
-0.32572
-0.32572
-0.54606
-0.54606
-0.3832
-0.3832
-0.53648
-0.53648
-0.31614
-0.31614
-0.31614
-0.31614
-0.44068
-0.44068
-0.30656
-0.30656
-0.30656
-0.30656
-0.51732
-0.51732
-0.54606
-0.54606
-0.39278
-0.39278
-0.479
-0.479
-0.50774
-0.50774
-0.32572
-0.32572
-0.50774
-0.50774
-0.4311
-0.4311
-0.56522
-0.56522
-0.51732
-0.51732
-0.36404
-0.36404
-0.55564
-0.55564
-0.34488
-0.34488
-0.48858
-0.48858
-0.39278
-0.39278
-0.55564
-0.55564
-0.34488
-0.34488
-0.49816
-0.49816
-0.53648
-0.53648
-0.29698
-0.29698
-0.48858
-0.48858
-0.42152
-0.42152
-0.41194
-0.41194
-0.39278
-0.39278
-0.5748
-0.5748
-0.29698
-0.29698
-0.60354
-0.60354
-0.35446
-0.35446
-0.63229
-0.63229
-0.37362
-0.37362
-0.58438
-0.58438
-0.53648
-0.53648
-0.37362
-0.37362
-0.5269
-0.5269
-0.3353
-0.3353
-0.56522
-0.56522
-0.48858
-0.48858
-0.34488
-0.34488
-0.29698
-0.29698
-0.5748
-0.5748
-0.45026
-0.45026
-0.40236
-0.40236
-0.2874
-0.2874
-0.49816
-0.49816
-0.56522
-0.56522
-0.35446
-0.35446
-0.53648
-0.53648
-0.40236
-0.40236
-0.44068
-0.44068
-0.5269
-0.5269
-0.51732
-0.51732
-0.3832
-0.3832
-0.3353
-0.3353
-0.25866
-0.25866
-0.51732
-0.51732
-0.34488
-0.34488
-0.2874
-0.2874
-0.479
-0.479
-0.55564
-0.39278
-0.50774
-0.50774
-0.54606
-0.54606
-0.3832
-0.3832
-0.45026
-0.45026
-0.59396
-0.59396
-0.53648
-0.53648
-0.51732
-0.51732
-0.37362
-0.37362
-0.50774
-0.50774
-0.55564
-0.55564
-0.42152
-0.42152
-0.51732
-0.51732
-0.46942
-0.46942
-0.35446
-0.35446
-0.34488
-0.34488
-0.36404
-0.36404
-0.32572
-0.32572
-0.37362
-0.49816
-0.51732
-0.51732
-0.44068
-0.44068
-0.40236
-0.40236
-0.34488
-0.34488
-0.2874
-0.2874
-0.31614
-0.31614
-0.37362
-0.37362
-0.42152
-0.42152
-0.5269
-0.5269
-0.55564
-0.39278
-0.37362
-0.37362
-0.50774
-0.50774
-0.34488
-0.34488
-0.34488
-0.34488
-0.45984
-0.45984
-0.45984
-0.45984
-0.29698
-0.29698
-0.29698
-0.29698
-0.56522
-0.35446
-0.50774
-0.50774
-0.54606
-0.54606
-0.55564
-0.55564
-0.54606
-0.54606
-0.5748
-0.5748
-0.44068
-0.44068
-0.40236
-0.40236
-0.36404
-0.36404
-0.54606
-0.54606
-0.51732
-0.51732
-0.479
-0.479
-0.41194
-0.41194
-0.56522
-0.56522
-0.56522
-0.56522
-0.5269
-0.5269
-0.54606
-0.54606
-0.4311
-0.4311
-0.3353
-0.3353
-0.3832
-0.3832
-0.58438
-0.58438
-0.086221
-0.086221
-0.58438
-0.58438
-0.53648
-0.53648
-0.18202
-0.18202
-0.49816
-0.49816
-0.18202
-0.18202
-0.0095801
-0.0095801
0.01916
-0.15328
-0.15328
0.18202
0.18202
-0.59396
-0.59396
0.80473
0.80473
-0.48858
-0.48858
0.24908
0.24908
0.72809
0.72809
0.086221
0.086221
-0.70893
-0.70893
-1.9735
-1.9735
-1.1592
-1.1592
-1.9256
-1.9256
-1.9256
-1.9256
-4.5026
-4.5026
-3.2381
-3.2381
-1.5999
-1.5999
-1.9256
-1.9256
-1.8681
-1.8681
-2.5962
-2.5962
-1.2837
-1.2837
-1.9256
-1.9256
-0.71851
-0.71851
-0.31614
-0.31614
-0.63229
-0.63229
-0.11496
-0.11496
-0.24908
-0.24908
-0.75683
-0.75683
0.10538
-0.29698
0.40236
0.40236
-0.64187
-0.64187
1.9352
1.9352
0.99633
0.99633
1.9735
1.9735
1.1113
1.1113
-0
-0
0.30656
0.30656
2.6345
2.6345
3.6883
3.6883
-0.01916
-0.01916
1.0538
1.0538
0.45026
0.45026
0.2395
0.2395
0.86221
0.86221
0.66103
0.66103
-1.3412
-1.3412
0.82389
0.82389
-3.2668
-3.2668
-2.1172
-2.1172
0.83347
0.83347
1.8011
1.8011
0.13412
0.13412
-3.9087
-3.9087
-3.1423
-3.1423
-3.6692
-3.6692
-1.3891
-1.3891
-1.0442
-1.0442
-2.51
-2.51
-3.9662
-3.9662
-0.21076
-0.21076
-1.14
-1.14
-1.4753
-1.4753
-1.0921
-1.0921
0.1916
0.1916
0.2874
0.2874
-0.48858
-0.48858
-0.83347
-0.83347
-3.4297
-3.4297
1.0442
1.0442
0.51732
0.51732
-1.9831
-1.9831
-0.3832
-0.3832
0.25866
0.25866
1.734
1.734
-0.72809
-0.72809
-0.41194
-0.41194
1.3412
1.3412
1.3316
1.3316
0.63229
0.63229
2.0789
2.0789
2.1747
2.1747
-0.51732
-0.51732
1.0825
1.0825
1.7148
1.7148
0.35446
0.35446
-0.48858
-0.48858
0.83347
0.83347
0.63229
0.63229
0.84305
0.84305
-4.8092
-4.8092
-2.1172
-2.1172
1.9543
1.9543
2.1172
2.1172
-1.8681
-1.8681
-4.3302
-4.3302
-2.7686
-2.7686
-1.0155
-1.0155
-0.34488
-0.34488
-0.50774
-0.50774
-3.4201
-3.4201
-2.2513
-2.2513
-1.3604
-1.3604
-2.395
-2.395
-1.8106
-1.8106
-2.3471
-2.3471
-1.9831
-1.9831
-0.88137
-0.88137
-0.05748
-0.05748
-1.0538
-1.0538
-1.6478
-1.6478
-2.6537
-2.6537
2.51
2.51
-1.8873
-1.8873
-1.8873
-1.8873
0.69935
0.69935
0.69935
0.69935
-1.4466
-1.4466
0.69935
0.69935
0.15328
0.15328
3.2189
3.2189
1.8011
1.8011
1.7148
1.7148
2.395
2.395
0.86221
0.86221
1.849
1.849
1.5137
1.5137
0.37362
0.37362
0.68019
0.68019
-0.15328
-0.15328
0.48858
0.48858
0.5748
0.5748
-0.37362
-0.37362
-0.39278
-0.39278
0.96759
0.96759
0.17244
0.17244
-0.53648
-0.53648
-2.1268
-2.1268
1.073
1.073
0.5748
0.5748
-0.45026
-0.45026
-1.734
-1.734
-0.95801
-0.95801
-5.7768
-5.7768
-2.2417
-2.2417
-1.1209
-1.1209
-1.9639
-1.9639
-6.0546
-6.0546
-2.0885
-2.0885
-1.2454
-1.2454
-2.5962
-2.5962
-1.0825
-1.0825
-1.7244
-1.7244
-2.9219
-2.9219
-0.01916
-0.01916
1.9735
1.9735
0.1916
0.1916
-1.2933
-1.2933
-2.5866
-2.5866
-1.1975
-1.1975
0.83347
0.83347
1.4274
1.4274
0.93885
0.93885
0.66103
0.66103
-0.24908
-0.24908
-0.24908
-0.24908
4.2631
4.2631
2.5866
2.5866
-0.12454
-0.12454
1.9639
1.9639
1.6095
1.6095
0.3353
0.3353
2.9028
2.9028
6.1792
6.1792
4.0141
4.0141
-2.031
-2.031
1.4562
1.4562
0.66103
0.66103
0.46942
0.46942
-2.5483
-2.5483
-0.87179
-0.87179
-0.84305
-0.84305
1.0155
1.0155
-2.2896
-2.2896
0.0095801
0.0095801
-3.5159
-3.5159
-3.1518
-3.1518
-1.5328
-1.5328
-0.37362
-0.37362
-2.4908
-2.4908
-4.0045
-4.0045
-2.8836
-2.8836
-1.4945
-1.4945
-2.2609
-2.2609
-2.4621
-2.4621
-2.0118
-2.0118
-1.9064
-1.9064
0.21076
0.21076
-0.21076
-0.21076
-1.2933
-1.2933
0.89095
0.89095
-1.2837
-1.2837
-1.0251
-1.0251
-0.39278
-0.39278
2.2226
2.2226
0.17244
0.17244
0.22992
0.22992
1.0538
1.0538
4.4643
4.4643
-1.0538
-1.0538
0.1916
0.1916
3.5638
3.5638
3.3339
3.3339
0.86221
0.86221
1.2837
1.2837
0.26824
0.26824
2.6249
2.6249
1.1879
1.1879
1.1879
1.1879
0.55564
0.55564
0.479
0.479
0.3353
0.3353
0.15328
0.15328
-0.5748
-0.5748
-0.5269
-0.5269
-1.2454
-1.2454
-1.2071
-1.2071
-1.0538
-1.0538
-1.2837
-1.2837
-1.2071
-1.2071
-0.68977
-0.68977
-0.01916
-0.01916
-1.8585
-1.8585
-1.37
-1.37
-1.1113
-1.1113
-1.5616
-1.5616
-1.5424
-1.5424
-1.8681
-1.8681
-1.1017
-1.1017
-0.77599
-0.77599
-1.7148
-1.7148
-2.5291
-2.5291
-1.6382
-1.6382
-0.74725
-0.74725
-0.42152
-0.42152
-0.61313
-0.61313
-0.067061
-0.067061
-0.03832
-0.03832
0.3832
0.3832
0.25866
0.25866
0.5269
0.5269
0.25866
0.25866
0.68977
0.68977
0.82389
0.82389
0.40236
0.40236
0.2874
0.2874
0.63229
0.63229
-0.49816
-0.49816
-0.15328
-0.15328
-0
-0
-0.63229
-0.63229
-0.68977
-0.68977
-0.46942
-0.46942
-0.61313
-0.61313
-0.60354
-0.60354
-0.91969
-0.91969
-0.51732
-0.51732
-0.85263
-0.85263
-0.61313
-0.61313
-0.50774
-0.50774
-0.60354
-0.60354
-0.37362
-0.37362
-0.39278
-0.39278
-0.34488
-0.34488
-0.20118
-0.20118
-0
-0
-0.086221
-0.086221
-0.086221
-0.086221
-0.17244
-0.17244
-0.45984
-0.45984
-0.49816
-0.49816
-0.50774
-0.50774
-0.53648
-0.53648
-0.41194
-0.41194
-0.5269
-0.5269
-0.3832
-0.3832
-0.31614
-0.31614
-0.46942
-0.46942
-0.26824
-0.26824
-0.39278
-0.39278
-0.29698
-0.29698
-0.3832
-0.3832
-0.32572
-0.32572
-0.49816
-0.49816
-0.36404
-0.36404
-0.35446
-0.35446
-0.25866
-0.25866
-0.48858
-0.48858
-0.48858
-0.48858
-0.49816
-0.49816
-0.29698
-0.29698
-0.5269
-0.5269
-0.3832
-0.3832
-0.27782
-0.27782
-0.17244
-0.17244
-0.24908
-0.24908
-0.41194
-0.41194
-0.56522
-0.56522
-0.36404
-0.36404
-0.24908
-0.24908
-0.32572
-0.32572
-0.24908
-0.24908
-0.3353
-0.3353
-0.42152
-0.42152
-0.26824
-0.26824
-0.42152
-0.42152
-0.479
-0.479
-0.26824
-0.26824
-0.27782
-0.27782
-0.51732
-0.51732
-0.31614
-0.31614
-0.26824
-0.26824
-0.60354
-0.60354
-0.39278
-0.39278
-0.39278
-0.39278
-0.39278
-0.39278
-0.40236
-0.40236
-0.5748
-0.5748
-0.2395
-0.2395
-0.60354
-0.60354
-0.49816
-0.49816
-0.45984
-0.45984
-0.41194
-0.41194
-0.54606
-0.54606
-0.59396
-0.59396
-0.24908
-0.24908
-0.36404
-0.36404
-0.42152
-0.42152
-0.39278
-0.39278
-0.51732
-0.51732
-0.35446
-0.35446
-0.479
-0.479
-0.44068
-0.44068
-0.44068
-0.44068
-0.25866
-0.25866
-0.2874
-0.2874
-0.48858
-0.48858
-0.50774
-0.50774
-0.45984
-0.45984
-0.44068
-0.44068
-0.51732
-0.51732
-0.26824
-0.26824
-0.35446
-0.35446
-0.5269
-0.5269
-0.26824
-0.26824
-0.53648
-0.53648
-0.42152
-0.42152
-0.3353
-0.3353
-0.41194
-0.41194
-0.41194
-0.41194
-0.21076
-0.21076
-0.45984
-0.45984
-0.44068
-0.44068
-0.34488
-0.34488
-0.50774
-0.50774
-0.3832
-0.3832
-0.37362
-0.37362
-0.32572
-0.32572
-0.21076
-0.21076
-0.3353
-0.3353
-0.54606
-0.54606
-0.37362
-0.37362
-0.51732
-0.51732
-0.35446
-0.35446
-0.2874
-0.2874
-0.3353
-0.3353
-0.48858
-0.48858
-0.39278
-0.39278
-0.53648
-0.53648
-0.50774
-0.50774
-0.35446
-0.35446
-0.49816
-0.49816
-0.26824
-0.26824
-0.51732
-0.51732
-0.45984
-0.45984
-0.3353
-0.3353
-0.32572
-0.32572
-0.45026
-0.45026
-0.39278
-0.39278
-0.50774
-0.50774
-0.48858
-0.48858
-0.40236
-0.40236
-0.49816
-0.49816
-0.56522
-0.56522
-0.4311
-0.4311
-0.40236
-0.40236
-0.39278
-0.39278
-0.479
-0.479
-0.51732
-0.51732
-0.32572
-0.32572
-0.54606
-0.54606
-0.2874
-0.2874
-0.46942
-0.46942
-0.46942
-0.46942
-0.46942
-0.46942
-0.46942
-0.46942
-0.31614
-0.31614
-0.26824
-0.26824
-0.479
-0.479
-0.3832
-0.3832
-0.56522
-0.56522
-0.45984
-0.45984
-0.46942
-0.46942
-0.31614
-0.31614
-0.54606
-0.54606
-0.2874
-0.2874
-0.5269
-0.5269
-0.4311
-0.4311
-0.48858
-0.48858
-0.34488
-0.34488
-0.53648
-0.53648
-0.45026
-0.45026
-0.2395
-0.2395
-0.44068
-0.44068
-0.35446
-0.35446
-0.46942
-0.46942
-0.41194
-0.41194
-0.25866
-0.25866
-0.42152
-0.42152
-0.42152
-0.42152
-0.54606
-0.54606
-0.44068
-0.44068
-0.44068
-0.44068
-0.479
-0.479
-0.29698
-0.29698
-0.53648
-0.53648
-0.4311
-0.4311
-0.26824
-0.26824
-0.479
-0.479
-0.24908
-0.24908
-0.46942
-0.46942
-0.2874
-0.2874
-0.479
-0.479
-0.55564
-0.55564
-0.50774
-0.50774
-0.479
-0.479
-0.32572
-0.32572
-0.53648
-0.53648
-0.44068
-0.44068
-0.42152
-0.42152
-0.44068
-0.44068
-0.31614
-0.31614
-0.2395
-0.2395
-0.55564
-0.55564
-0.54606
-0.54606
-0.48858
-0.48858
-0.26824
-0.26824
-0.3832
-0.3832
-0.3832
-0.3832
-0.36404
-0.36404
-0.45026
-0.45026
-0.31614
-0.31614
-0.34488
-0.34488
-0.50774
-0.50774
-0.36404
-0.36404
-0.34488
-0.34488
-0.5269
-0.5269
-0.51732
-0.51732
-0.29698
-0.29698
-0.35446
-0.35446
-0.2395
-0.2395
-0.31614
-0.31614
-0.46942
-0.46942
-0.53648
-0.53648
-0.49816
-0.49816
-0.45984
-0.45984
-0.3353
-0.3353
-0.21076
-0.21076
-0.40236
-0.40236
-0.5269
-0.5269
-0.36404
-0.36404
-0.36404
-0.36404
-0.4311
-0.4311
-0.4311
-0.4311
-0.53648
-0.53648
-0.49816
-0.49816
-0.35446
-0.35446
-0.45984
-0.45984
-0.32572
-0.32572
-0.39278
-0.39278
-0.5269
-0.5269
-0.46942
-0.46942
-0.46942
-0.46942
-0.2874
-0.2874
-0.53648
-0.53648
-0.45026
-0.45026
-0.26824
-0.26824
-0.44068
-0.44068
-0.46942
-0.46942
-0.32572
-0.32572
-0.3832
-0.3832
-0.62271
-0.62271
-0.45984
-0.45984
-0.2395
-0.2395
-0.44068
-0.44068
-0.3353
-0.3353
-0.24908
-0.24908
-0.51732
-0.51732
-0.26824
-0.26824
-0.24908
-0.24908
-0.45026
-0.45026
-0.32572
-0.32572
-0.42152
-0.42152
-0.41194
-0.41194
-0.27782
-0.27782
-0.3832
-0.3832
-0.25866
-0.25866
-0.53648
-0.53648
-0.2874
-0.2874
-0.32572
-0.32572
-0.50774
-0.50774
-0.2874
-0.2874
-0.49816
-0.49816
-0.32572
-0.32572
-0.22992
-0.22992
-0.29698
-0.29698
-0.50774
-0.50774
-0.27782
-0.27782
-0.40236
-0.40236
-0.50774
-0.50774
-0.50774
-0.50774
-0.25866
-0.25866
-0.34488
-0.34488
-0.44068
-0.44068
-0.53648
-0.53648
-0.2874
-0.2874
-0.53648
-0.53648
-0.32572
-0.32572
-0.49816
-0.49816
-0.42152
-0.42152
-0.40236
-0.40236
-0.31614
-0.31614
-0.2874
-0.2874
-0.49816
-0.49816
-0.5269
-0.5269
-0.25866
-0.25866
-0.35446
-0.35446
-0.50774
-0.50774
-0.36404
-0.36404
-0.26824
-0.26824
-0.49816
-0.49816
-0.50774
-0.50774
-0.24908
-0.24908
-0.27782
-0.27782
-0.46942
-0.46942
-0.56522
-0.56522
