-0.20118
-0.20118
-0.25866
-0.25866
-0.20118
-0.20118
-0.18202
-0.18202
-0.1437
-0.1437
-0.22992
-0.22992
-0.11496
-0.11496
-0.2395
-0.2395
-0.26824
-0.26824
-0.12454
-0.12454
-0.22992
-0.22992
-0.24908
-0.24908
-0.15328
-0.15328
-0.12454
-0.12454
-0.1437
-0.1437
-0.13412
-0.13412
-0.13412
-0.13412
-0.12454
-0.12454
-0.10538
-0.10538
-0.10538
-0.10538
-0.10538
-0.10538
-0.15328
-0.15328
-0.20118
-0.20118
-0.1916
-0.1916
-0.11496
-0.11496
-0.1437
-0.1437
-0.26824
-0.26824
-0.1916
-0.1916
-0.12454
-0.12454
-0.11496
-0.11496
-0.1916
-0.1916
-0.22992
-0.22992
-0.22034
-0.22034
-0.1437
-0.1437
-0.22034
-0.22034
-0.15328
-0.15328
-0.20118
-0.20118
-0.26824
-0.26824
-0.15328
-0.15328
-0.2395
-0.2395
-0.22992
-0.22992
-0.10538
-0.10538
-0.22992
-0.22992
-0.13412
-0.13412
-0.21076
-0.21076
-0.1916
-0.1916
-0.2395
-0.2395
-0.22034
-0.22034
-0.1437
-0.1437
-0.18202
-0.18202
-0.22034
-0.22034
-0.20118
-0.20118
-0.1916
-0.1916
-0.21076
-0.21076
-0.13412
-0.13412
-0.2395
-0.2395
-0.20118
-0.20118
-0.22992
-0.22992
-0.17244
-0.17244
-0.10538
-0.10538
-0.13412
-0.13412
-0.21076
-0.21076
-0.15328
-0.15328
-0.13412
-0.13412
-0.18202
-0.18202
-0.22034
-0.22034
-0.1916
-0.1916
-0.16286
-0.16286
-0.22992
-0.22992
-0.22034
-0.22034
-0.13412
-0.13412
-0.16286
-0.16286
-0.24908
-0.24908
-0.16286
-0.16286
-0.1437
-0.1437
-0.16286
-0.16286
-0.15328
-0.15328
-0.22034
-0.22034
-0.22992
-0.22992
-0.10538
-0.10538
-0.18202
-0.18202
-0.20118
-0.20118
-0.17244
-0.17244
-0.1916
-0.1916
-0.1437
-0.1437
-0.12454
-0.12454
-0.22034
-0.22034
-0.21076
-0.21076
-0.20118
-0.20118
-0.22034
-0.22034
-0.17244
-0.17244
-0.11496
-0.11496
-0.1437
-0.1437
-0.22034
-0.22034
-0.13412
-0.13412
-0.16286
-0.16286
-0.2395
-0.2395
-0.1916
-0.1916
-0.10538
-0.10538
-0.12454
-0.12454
-0.18202
-0.18202
-0.20118
-0.20118
-0.13412
-0.13412
-0.12454
-0.12454
-0.21076
-0.21076
-0.22034
-0.22034
-0.24908
-0.24908
-0.24908
-0.24908
-0.21076
-0.21076
-0.17244
-0.17244
-0.25866
-0.25866
-0.20118
-0.20118
-0.1437
-0.1437
-0.10538
-0.10538
-0.20118
-0.20118
-0.13412
-0.13412
-0.18202
-0.18202
-0.11496
-0.11496
-0.18202
-0.18202
-0.24908
-0.24908
-0.21076
-0.21076
-0.13412
-0.13412
-0.22992
-0.22992
-0.22992
-0.22992
-0.13412
-0.13412
-0.15328
-0.15328
-0.12454
-0.12454
-0.20118
-0.20118
-0.20118
-0.20118
-0.22034
-0.22034
-0.13412
-0.13412
-0.12454
-0.12454
-0.1916
-0.1916
-0.13412
-0.13412
-0.17244
-0.17244
-0.12454
-0.12454
-0.22992
-0.22992
-0.20118
-0.20118
-0.11496
-0.11496
-0.17244
-0.17244
-0.22992
-0.22992
-0.11496
-0.11496
-0.17244
-0.17244
-0.15328
-0.15328
-0.10538
-0.10538
-0.22034
-0.22034
-0.15328
-0.15328
-0.15328
-0.15328
-0.17244
-0.17244
-0.18202
-0.18202
-0.2395
-0.2395
-0.1916
-0.1916
-0.1916
-0.1916
-0.16286
-0.16286
-0.24908
-0.24908
-0.11496
-0.11496
-0.15328
-0.15328
-0.2395
-0.2395
-0.21076
-0.21076
-0.17244
-0.17244
-0.15328
-0.15328
-0.22992
-0.22992
-0.1437
-0.1437
-0.22034
-0.22034
-0.11496
-0.11496
-0.13412
-0.13412
-0.17244
-0.17244
-0.24908
-0.24908
-0.20118
-0.20118
-0.1916
-0.1916
-0.15328
-0.15328
-0.21076
-0.21076
-0.11496
-0.1437
-0.21076
-0.21076
-0.21076
-0.21076
-0.25866
-0.25866
-0.18202
-0.18202
-0.15328
-0.15328
-0.2395
-0.2395
-0.21076
-0.21076
-0.1916
-0.1916
-0.18202
-0.18202
-0.10538
-0.10538
-0.24908
-0.24908
-0.17244
-0.17244
-0.21076
-0.21076
-0.24908
-0.24908
-0.16286
-0.16286
-0.16286
-0.16286
-0.10538
-0.10538
-0.22992
-0.22992
-0.13412
-0.13412
-0.20118
-0.21076
-0.1916
-0.1916
-0.22992
-0.22992
-0.18202
-0.18202
-0.12454
-0.12454
-0.12454
-0.12454
-0.17244
-0.17244
-0.16286
-0.16286
-0.24908
-0.24908
-0.18202
-0.18202
-0.1916
-0.21076
-0.21076
-0.21076
-0.21076
-0.2395
-0.2395
-0.18202
-0.18202
-0.2395
-0.2395
-0.17244
-0.17244
-0.18202
-0.18202
-0.18202
-0.18202
-0.20118
-0.20118
-0.1916
-0.17244
-0.17244
-0.18202
-0.18202
-0.0479
-0.0479
-0.03832
-0.03832
0.03832
0.03832
0.41194
0.41194
0.26824
0.26824
0.41194
0.41194
0.58438
0.58438
0.62271
0.62271
0.68977
0.78557
0.78557
0.26824
0.26824
0.69935
0.69935
0.77599
0.77599
0.26824
0.26824
-0.13412
-0.13412
-0.31614
-0.31614
-0.45984
-0.45984
-0.92927
-0.92927
-2.4717
-2.4717
-2.2992
-2.2992
-2.1459
-2.1459
-2.4525
-2.4525
-1.9543
-1.9543
-2.8644
-2.8644
-1.0155
-1.0155
-0.91011
-0.91011
-2.3759
-2.3759
2.3471
2.3471
0.74725
0.74725
0.076641
0.076641
2.6824
2.6824
2.3567
2.3567
1.255
1.255
-1.2263
-1.2263
-1.6478
-1.6478
-1.2742
-1.2742
-2.5387
-2.5387
-2.7591
-2.7591
-2.098
3.171
1.7915
1.7915
0.1437
0.1437
0.5269
0.5269
2.0693
2.0693
0.76641
0.76641
0.26824
0.26824
-0.03832
-0.03832
-1.8585
-1.8585
-1.9639
-1.9639
-2.4525
0.0095801
4.1482
4.1482
1.8298
1.8298
1.1017
1.1017
2.807
2.807
2.328
2.328
2.8453
2.8453
2.5579
2.5579
1.3795
1.3795
-0.13412
-0.13412
-3.468
-3.468
-1.6095
-1.6095
-0.63229
-2.4621
-1.2263
-1.2263
-1.0921
-1.0921
-1.2646
-1.2646
0.10538
0.10538
0.76641
0.76641
0.99633
0.99633
-1.4179
-1.4179
-2.2322
-2.2322
-2.395
-3.3434
-4.4356
-4.4356
-2.031
-2.031
-1.2837
-1.2837
-2.0406
-2.0406
-2.1843
-2.1843
3.1423
3.1423
2.5866
2.5866
0.95801
0.95801
-0.63229
-0.63229
1.4083
1.4083
0.54606
0.54606
-0.86221
-0.86221
-2.6537
-2.6537
-0.72809
-0.72809
1.9927
1.9927
2.8549
2.8549
0.98675
0.98675
1.9831
1.9831
3.1423
3.1423
2.3759
2.3759
1.4466
1.4466
1.4466
1.4466
0.55564
0.55564
-2.8357
-2.8357
-2.0501
-2.0501
0.02874
0.02874
-1.8585
-1.8585
-2.6345
-2.6345
-2.3854
-2.3854
-0.84305
-0.84305
-1.1113
-1.1113
-0.81431
-0.81431
-0.41194
-0.41194
-0.94843
0.1916
-2.0118
-2.0118
-3.2668
-3.2668
-1.552
-1.552
-2.1938
-2.1938
-3.0273
-3.0273
-2.7782
-2.7782
-1.8777
-1.8777
1.0251
1.0251
2.0118
2.0118
1.7627
1.7627
0.93885
0.93885
0.86221
0.86221
2.3471
2.3471
2.3759
2.3759
1.1592
1.1592
0.46942
0.46942
1.37
1.37
0.72809
0.72809
-0.91969
-0.91969
-0.88137
-0.88137
-0.11496
2.1555
1.6286
1.6286
1.6286
1.6286
1.7627
1.7627
1.2358
1.2358
0.1437
0.1437
-1.1304
-1.1304
-0.67061
-0.67061
-2.1268
-2.1268
-2.3663
-2.0885
-1.6957
-1.6957
-0.1437
-0.1437
-1.6765
-1.6765
-1.2646
-1.2646
-0.3353
-0.3353
1.7819
1.7819
1.2071
1.2071
-2.1268
-2.1268
-1.9064
-1.9064
-3.8799
-3.8799
-3.3818
-3.3818
-2.3088
-2.3088
-1.0538
-1.0538
-0.66103
-0.66103
1.0251
1.0251
2.395
2.395
2.6154
2.6154
2.1938
2.1938
0.82389
0.82389
0.66103
0.66103
0.82389
0.82389
1.1592
1.1592
-0.56522
-0.56522
-1.1113
-1.1113
0.45026
0.45026
2.0118
2.0118
1.9448
1.9448
2.3759
2.3759
1.0442
1.0442
1.8106
1.8106
-0.63229
-0.63229
-1.6095
-1.6095
-2.5291
-2.5291
-0.69935
-0.69935
-2.577
-2.577
-1.3987
-1.3987
-1.437
-1.437
-2.3854
-2.3854
-0.55564
-0.55564
1.5137
1.5137
-0.01916
-0.01916
-2.0214
-2.0214
-2.7207
-2.7207
-3.9374
-3.9374
-2.395
-2.395
-1.4945
-1.4945
-0.91011
-0.91011
0.15328
0.15328
1.5424
1.5424
3.2955
3.2955
-0.48858
-0.48858
0.2395
2.213
0.59396
0.59396
2.1555
2.1555
0.4311
0.4311
0.48858
0.48858
-0.4311
-0.4311
-1.255
-1.255
0.086221
0.086221
1.9543
1.9543
1.6095
2.328
1.6382
1.6382
1.1017
1.1017
1.7244
1.7244
-1.1592
-1.1592
-2.6633
-2.6633
-2.328
-2.328
-1.1688
-1.1688
-1.4945
-1.4945
-2.7686
-2.7686
-1.6382
-1.1975
-2.1555
-2.1555
-1.8106
-1.8106
-0.63229
-0.63229
1.2646
1.2646
-0.095801
-0.095801
-2.3088
-2.3088
-2.874
-2.874
-1.0921
-1.0921
-1.9448
-1.9448
-4.1865
-1.0634
0.71851
0.71851
1.5999
1.5999
2.1459
2.1459
0.24908
0.24908
1.1209
1.1209
2.5675
2.5675
1.7244
1.7244
0.076641
0.076641
0.97717
0.97717
1.849
1.849
-0.11496
-0.11496
-1.552
-1.552
-1.5232
-1.5232
1.9256
1.9256
2.4621
2.4621
1.7148
1.7148
1.5232
1.5232
2.7207
2.7207
1.7723
1.7723
1.8202
1.8202
0.0095801
0.0095801
-1.7053
-1.7053
-2.2322
-2.2322
-1.5711
-1.5711
-0.55564
-0.55564
-1.849
-1.849
-2.9698
-2.9698
-0.76641
-0.76641
-1.1017
-1.1017
-0.78557
-0.78557
-1.4274
-1.4274
-1.7915
-1.7915
0.05748
0.05748
1.9352
1.9352
0.03832
0.03832
-2.692
-2.692
-3.0752
-3.0752
-1.1017
-1.1017
-1.6957
-1.6957
-3.6883
-3.6883
-2.2801
-2.2801
-1.3412
-1.3412
-0.42152
-0.42152
0.44068
0.44068
3.2093
3.2093
2.031
2.031
-0.086221
-0.086221
1.8969
1.8969
3.0752
3.0752
1.1496
1.1496
0.51732
0.51732
1.5424
1.5424
1.5424
1.5424
-1.5999
-1.5999
-0.70893
-0.70893
0.86221
0.86221
0.51732
0.51732
2.9315
2.9315
1.6669
1.6669
1.0538
1.0538
-0.50774
-0.50774
-1.14
-1.14
-2.1555
-2.1555
-2.0501
-2.0501
-2.2801
-2.2801
-0.93885
-0.93885
-0.45026
-0.45026
-2.0501
-2.0501
-1.2933
-1.2933
-0.2395
-0.2395
0.98675
0.98675
0.90053
0.90053
-0.84305
-1.3987
-1.2742
-1.2742
-2.9507
-2.9507
-3.535
-3.535
-2.1651
-2.1651
-1.9735
-1.9735
-0.15328
-0.15328
2.0022
2.0022
2.8261
2.8261
0.82389
0.82389
2.5004
2.5004
0.51732
0.51732
1.0346
1.0346
1.6478
1.6478
0.46942
0.46942
-0.63229
-0.63229
-1.1304
-1.1304
-0.25866
1.8777
1.1113
1.1113
1.7244
1.7244
1.619
1.619
0.68019
0.68019
1.552
1.552
-2.1843
-2.1843
-3.5255
-3.5255
-1.6478
-3.4201
-1.9735
-1.9735
-0.71851
-0.71851
-0.94843
-0.94843
-1.9543
-1.9543
-2.328
-2.328
-1.8585
-1.8585
1.849
1.849
0.88137
-2.577
-0.89095
-0.89095
-1.8394
-1.8394
-3.7171
-3.7171
-3.1135
-3.1135
-2.0597
-2.0597
-1.2742
-1.2742
-0.66103
-0.66103
2.098
0.66103
0.66103
0.83347
0.83347
2.1651
2.1651
2.6728
2.6728
0.72809
0.72809
0.68977
0.68977
0.36404
0.36404
0.58438
0.58438
-0.71851
-0.71851
-1.4083
0.97717
2.0693
2.0693
1.4658
1.4658
2.1747
2.1747
1.5807
1.5807
1.3891
1.3891
0.76641
0.76641
-0.64187
-0.64187
-2.9602
-1.3125
-1.3125
-2.3759
-2.3759
-2.874
-2.874
-1.437
-1.437
-1.1879
-1.1879
-0.77599
-0.77599
-2.5291
-2.5291
-2.5291
-2.5291
1.916
1.916
0.3353
-2.9986
-2.9986
-0.87179
-0.87179
-2.5483
-2.5483
-3.2381
-3.2381
-2.7112
-2.7112
-1.1592
-1.1592
-0.0095801
-0.0095801
0.53648
0.53648
2.6345
-0.26824
1.5328
1.5328
3.0369
3.0369
1.255
1.255
0.086221
0.086221
1.9735
1.9735
1.734
1.734
-0.15328
-0.15328
-1.0251
-1.0251
-1.8394
1.4849
1.4849
1.5903
1.5903
-0.10538
-0.10538
2.9794
2.9794
1.5424
1.5424
2.1843
2.1843
0.63229
0.63229
-1.14
-1.14
-1.9639
-1.9639
-2.8932
-2.8932
-3.056
-3.056
-0.92927
-0.92927
-1.8873
-1.8873
-1.1113
-1.1113
-1.3987
-1.3987
-0.98675
-0.98675
-0.37362
-0.37362
-2.2801
-2.2801
-2.9794
-2.9794
-2.0885
-2.0885
-2.1651
-2.1651
-3.1327
-3.1327
-2.2513
-2.2513
-0.2874
-0.2874
0.90053
0.90053
2.5866
2.5866
2.692
2.692
1.5616
2.5387
2.5387
0.85263
0.85263
0.61313
0.61313
1.1975
1.1975
1.1304
1.1304
0.78557
0.78557
-1.6286
-1.6286
-1.3316
-1.3316
1.2454
1.2454
1.7532
1.7532
1.2071
1.2071
1.4562
1.4562
2.3184
2.3184
1.4658
1.4658
1.5424
1.5424
1.0155
-3.2668
-3.2668
-1.2933
-1.2933
-1.9639
-1.9639
-3.3722
-3.3722
-2.328
-2.328
-0.48858
-0.48858
-0.85263
-0.85263
-0.68977
-0.68977
-1.1592
-1.1592
-2.1843
-2.1843
0.51732
0.51732
1.8298
1.8298
-0.40236
-0.40236
-2.3567
-2.3567
-2.6633
-2.6633
-2.0118
-2.0118
-2.2609
-2.2609
-3.4297
-3.4297
-1.619
-1.619
-1.5137
-1.5137
0
0
0.72809
0.72809
3.7362
3.7362
1.2837
1.2837
0.22992
0.22992
1.1592
1.1592
3.468
3.468
1.1975
1.1975
1.437
1.437
1.437
1.437
0.1916
0.1916
0.1916
0.1916
-1.5999
-1.5999
0.91011
0.91011
2.0214
2.0214
0.89095
0.89095
0.94843
0.94843
2.031
2.031
1.4753
1.4753
1.4274
1.4274
0.17244
0.17244
-1.3221
-1.3221
-3.2381
-3.2381
-1.3604
-1.3604
-1.6095
-1.6095
-3.286
-3.286
-2.1268
-2.1268
-0.71851
-0.71851
-1.3987
-1.3987
-2.0214
-2.0214
-0.93885
-0.93885
-0.27782
-0.27782
0.479
0.479
1.0059
1.0059
-0.34488
-0.34488
-1.5807
-1.5807
-1.3221
-1.3221
-2.0118
-2.0118
-2.4717
-2.4717
-2.5387
-2.5387
-2.328
-2.328
-1.5999
-1.5999
0.85263
0.85263
2.7399
2.7399
4.0141
4.0141
1.552
1.552
0.81431
0.81431
2.9411
2.9411
2.8453
2.8453
0.46942
0.46942
0.11496
0.11496
0.60354
0.60354
-0.96759
-0.96759
-2.6728
-2.6728
-0.63229
-0.63229
1.1304
1.1304
1.3795
1.3795
-0.36404
-0.36404
1.0921
1.0921
3.0369
3.0369
2.1555
2.1555
0.2395
0.2395
0.46942
0.46942
0.46942
0.46942
-2.6441
-2.6441
-2.6441
-2.6441
-0.30656
-0.30656
-1.3029
-1.3029
-3.832
-3.832
-1.1304
-1.1304
-1.2071
-1.2071
-1.4274
-1.4274
0.68019
0.68019
-1.14
-1.14
0.095801
0.095801
0.73767
0.73767
-1.4945
-1.4945
-2.692
-2.692
-1.7436
-1.7436
-1.734
-1.734
-3.0944
-3.0944
-2.7878
-2.7878
-2.5579
-2.5579
-1.4658
-1.4658
1.1496
1.1496
4.3781
4.3781
3.9087
3.9087
0.82389
0.82389
1.4849
1.4849
3.8033
3.8033
2.0118
2.0118
-0.01916
-0.01916
-0.34488
-0.34488
1.6095
1.6095
-1.0442
-1.0442
-2.2226
-2.2226
-0.22992
-0.22992
1.3891
1.3891
2.5579
2.5579
0.46942
0.46942
1.5424
1.5424
2.7112
2.7112
2.3759
2.3759
1.5424
1.5424
-0.65145
-0.65145
1.4849
1.4849
-0.96759
-0.96759
-3.1614
-3.1614
-1.1113
-1.1113
0.27782
0.27782
-2.5196
-2.5196
-3.0273
-3.0273
-1.1688
-1.1688
-2.0789
-2.0789
-0.53648
-0.53648
-1.2933
-1.2933
-0.99633
-0.99633
-0.05748
-0.05748
-1.5041
-1.5041
-2.4142
-2.4142
-2.2034
-2.2034
-1.9448
-1.9448
-2.5004
-2.5004
-2.2705
-2.2705
-2.0118
-2.0118
0.21076
0.21076
2.5387
2.5387
2.9411
2.9411
2.0022
2.0022
1.4562
1.4562
2.7112
2.7112
1.9927
1.9927
1.4179
1.4179
-0.17244
-0.17244
-1.1209
-1.1209
1.4753
1.4753
-1.0634
-1.0634
-1.5711
-1.5711
-0.72809
-0.72809
0.99633
0.99633
3.2093
3.2093
0.92927
0.92927
0.37362
0.37362
1.9448
1.9448
2.8549
2.8549
1.1113
1.1113
0.42152
0.42152
-1.2263
-1.2263
-1.3125
-1.3125
-2.1651
-2.1651
-1.2358
-1.2358
-1.0921
-1.0921
-3.1231
-3.1231
-2.2417
-2.2417
-1.7819
-1.7819
-2.9315
-2.9315
-1.255
-1.255
-2.3471
-2.3471
-1.9256
-1.9256
-0.97717
-0.97717
0.16286
0.16286
-2.5387
-2.5387
-2.5291
-2.5291
-1.9448
-1.9448
-1.3221
-1.3221
-1.7627
-1.7627
-0.91969
-0.91969
-0.50774
-0.50774
1.3029
1.3029
2.9028
2.9028
2.5962
2.5962
1.734
1.734
2.3088
2.3088
1.9352
1.9352
1.3891
1.3891
0.49816
0.49816
0.68977
0.68977
1.4562
1.4562
-0.32572
-0.32572
-0.94843
-0.94843
-0.89095
-0.89095
1.1592
1.1592
1.3221
1.3221
1.8873
1.8873
1.1113
1.1113
1.5424
1.5424
2.5866
2.5866
0.91011
0.91011
0.2395
0.2395
-1.7532
-1.7532
-1.8106
-1.8106
-1.6957
-1.6957
-0.73767
-0.73767
-1.6861
-1.6861
-2.2896
-2.2896
-2.1843
-2.1843
-1.9256
-1.9256
-2.2992
-2.2992
0.41194
0.41194
-1.7053
-1.7053
-1.4562
-1.4562
-0.46942
-0.46942
-0.93885
-0.93885
-2.3663
-2.3663
-2.2801
-2.2801
-2.1076
-2.1076
-2.328
-2.328
-2.8932
-2.8932
-2.1076
-2.1076
-0.45026
-0.45026
0.93885
0.93885
1.8777
1.8777
2.8261
2.8261
2.3375
2.3375
1.4083
1.4083
2.3471
2.3471
1.7627
1.7627
-0.076641
-0.076641
0.086221
0.086221
1.073
1.073
-0.42152
-0.42152
-0.42152
-0.42152
-0.50774
-0.50774
0.85263
0.85263
1.9543
1.9543
1.437
1.437
1.5137
1.5137
1.3316
1.3316
1.37
1.37
-0.1437
-0.1437
-0.70893
-0.70893
-2.5483
-2.5483
-2.4525
-2.4525
-1.2263
-1.2263
-1.8011
-1.8011
-2.577
-2.577
-3.0944
-3.0944
-1.7244
-1.7244
-2.6537
-2.6537
-2.6537
-2.6537
-1.0346
-1.0346
-2.3854
-2.3854
-1.255
-1.255
-0.93885
-0.93885
-0.74725
-0.74725
-2.2034
-2.2034
-1.9448
-1.9448
-1.6286
-1.6286
-0.61313
-0.61313
-2.4238
-2.4238
-1.255
-1.255
-0.24908
-0.24908
0.93885
0.93885
2.6537
2.6537
2.4142
2.4142
2.8644
2.8644
0.24908
0.24908
2.577
2.577
2.6154
2.6154
0.11496
0.11496
0.479
0.479
2.6441
2.6441
0.97717
0.97717
0.35446
0.35446
-0.90053
-0.90053
-0.82389
-0.82389
1.849
1.849
2.3567
2.3567
0.69935
0.69935
1.0346
1.0346
1.3508
1.3508
1.552
1.552
-0.13412
-0.13412
-0.13412
-0.13412
-2.0022
-2.0022
-1.6861
-1.6861
-0.2395
-0.2395
-0.2395
-0.2395
-2.7495
-2.7495
-1.4466
-1.4466
-2.3567
-2.3567
-2.9028
-2.9028
-2.6345
-2.6345
-1.5711
-1.5711
-0.84305
-0.84305
-1.255
-1.255
-1.0155
-1.0155
-1.6382
-1.6382
-2.4333
-2.4333
-1.6478
-1.6478
-1.437
-1.437
-2.0406
-2.0406
-1.2167
-1.2167
1.0442
1.0442
1.2358
1.2358
2.3759
2.3759
2.213
2.213
2.6633
2.6633
1.6286
1.6286
3.0848
3.0848
0.85263
0.85263
0.73767
0.73767
2.3088
2.3088
1.734
1.734
0.94843
0.94843
-0.50774
-0.50774
0.32572
0.32572
-0.32572
-0.32572
1.1592
1.1592
1.7915
1.7915
1.4466
1.4466
1.3604
1.3604
1.7436
1.7436
0.35446
0.35446
-0.55564
-0.55564
-2.2034
-2.2034
-1.6574
-1.6574
-2.874
-2.874
-1.8585
-1.8585
-1.3316
-1.3316
-3.0465
-3.0465
-1.8777
-1.8777
-2.0406
-2.0406
-2.0501
-2.0501
-2.4046
-2.4046
-1.7627
-1.7627
-2.3375
-2.3375
-0.2395
-0.2395
-0.67061
-0.67061
-2.9986
-2.9986
-0.95801
-0.95801
-1.4658
-1.4658
-1.0155
-1.0155
-1.7723
-1.7723
-0.49816
-0.49816
1.0346
1.0346
1.1879
1.1879
2.0885
2.0885
2.692
2.692
2.5291
2.5291
2.0022
2.0022
1.734
1.734
1.1688
1.1688
0.76641
0.76641
1.8681
1.8681
1.2263
1.2263
1.1209
1.1209
-0.26824
-0.26824
-1.3029
-1.3029
-0.095801
-0.095801
1.6095
1.6095
2.2034
2.2034
1.0059
1.0059
0.77599
0.77599
1.2454
1.2454
1.6574
1.6574
0.1437
0.1437
-2.4812
-2.4812
-2.4908
-2.4908
-2.2992
-2.2992
-0.36404
-0.36404
-2.874
-2.874
-3.3722
-3.3722
-1.8202
-1.8202
-1.9064
-1.9064
-1.7532
-1.7532
-1.734
-1.734
-1.7532
-1.7532
-1.7148
-1.7148
-0.5269
-0.5269
-0.20118
-0.20118
-2.0501
-2.0501
-3.3051
-3.3051
-1.4179
-1.4179
-0.85263
-0.85263
-1.4179
-1.4179
-1.37
-1.37
-0.22992
-0.22992
1.1304
1.1304
2.2705
2.2705
2.2705
2.2705
0.96759
0.96759
0.96759
0.96759
1.8106
1.8106
1.2837
1.2837
0.65145
0.65145
0.65145
0.65145
-2.031
-2.031
-2.0118
-2.0118
-1.3221
-1.3221
-3.4105
-3.4105
-0.45984
-0.45984
-0.46942
-0.46942
-0.4311
-0.4311
0.22034
0.22034
1.0921
1.0921
1.7053
1.7053
1.8777
1.8777
1.2071
1.2071
0.73767
0.73767
0.85263
0.85263
0.4311
0.4311
0.41194
0.41194
-0.3832
-0.3832
-1.0442
-1.0442
-1.5711
-1.5711
-1.3891
-1.3891
-1.8873
-1.8873
-1.9064
-1.9064
-1.6574
-1.6574
-1.2742
-1.2742
-1.1017
-1.1017
-0.27782
-0.27782
-0.16286
-0.16286
0
0
0.45984
0.45984
0.44068
0.44068
0.17244
0.17244
0.067061
0.067061
-0.01916
-0.01916
-0.29698
-0.29698
-0.21076
-0.21076
-0.4311
-0.4311
-0.4311
-0.4311
-0.40236
-0.40236
-0.48858
-0.48858
-0.29698
-0.29698
-0.3832
-0.3832
-0.45026
-0.45026
-0.29698
-0.29698
-0.10538
-0.10538
-0.24908
-0.24908
-0.27782
-0.27782
-0.29698
-0.29698
-0.22992
-0.22992
-0.27782
-0.27782
-0.1916
-0.1916
-0.3832
-0.3832
-0.15328
-0.15328
-0.30656
-0.30656
-0.2874
-0.2874
-0.2395
-0.2395
-0.42152
-0.42152
-0.22992
-0.22992
-0.21076
-0.21076
-0.44068
-0.44068
-0.18202
-0.18202
-0.2874
-0.2874
-0.1916
-0.1916
-0.36404
-0.36404
-0.15328
-0.15328
-0.29698
-0.29698
-0.29698
-0.29698
-0.24908
-0.24908
-0.18202
-0.18202
-0.20118
-0.20118
-0.29698
-0.29698
-0.25866
-0.25866
-0.3353
-0.3353
-0.2395
-0.2395
-0.21076
-0.21076
-0.22034
-0.22034
-0.25866
-0.25866
-0.22992
-0.22992
-0.1437
-0.1437
-0.24908
-0.24908
-0.2874
-0.2874
-0.31614
-0.31614
-0.25866
-0.25866
-0.2874
-0.2874
-0.29698
-0.29698
-0.21076
-0.21076
-0.2395
-0.2395
-0.27782
-0.27782
-0.15328
-0.15328
-0.25866
-0.25866
-0.18202
-0.18202
-0.18202
-0.18202
-0.2395
-0.2395
-0.24908
-0.24908
-0.27782
-0.27782
-0.27782
-0.27782
-0.24908
-0.24908
-0.32572
-0.32572
-0.26824
-0.26824
-0.30656
-0.30656
-0.31614
-0.31614
-0.31614
-0.31614
-0.24908
-0.24908
-0.21076
-0.21076
-0.2395
-0.2395
-0.24908
-0.24908
-0.25866
-0.25866
-0.2395
-0.2395
-0.2874
-0.2874
-0.1916
-0.1916
-0.24908
-0.24908
-0.27782
-0.27782
-0.2395
-0.2395
-0.2874
-0.2874
-0.20118
-0.20118
-0.34488
-0.34488
-0.20118
-0.20118
-0.22034
-0.22034
-0.2395
-0.2395
-0.25866
-0.25866
-0.22034
-0.22034
-0.24908
-0.24908
-0.22992
-0.22992
-0.2874
-0.2874
-0.24908
-0.24908
-0.21076
-0.21076
-0.32572
-0.32572
-0.22034
-0.20118
-0.24908
-0.24908
-0.2395
-0.2395
-0.30656
-0.30656
-0.17244
-0.17244
-0.24908
-0.24908
-0.2395
-0.2395
-0.29698
-0.29698
-0.25866
-0.25866
-0.2395
-0.20118
-0.27782
-0.27782
-0.1916
-0.1916
-0.30656
-0.30656
-0.22034
-0.22034
-0.27782
-0.27782
-0.27782
-0.27782
-0.1916
-0.24908
-0.24908
-0.24908
-0.24908
-0.32572
-0.32572
-0.25866
-0.25866
-0.25866
-0.25866
-0.2874
-0.2874
-0.22992
-0.22992
-0.22992
-0.22992
-0.2874
-0.2874
-0.2874
-0.30656
-0.30656
-0.32572
-0.32572
-0.20118
-0.20118
-0.25866
-0.25866
-0.2874
-0.2874
-0.32572
-0.32572
-0.26824
-0.26824
-0.21076
-0.21076
-0.2395
-0.2395
-0.22992
-0.22992
-0.29698
-0.29698
-0.22992
-0.22992
-0.24908
-0.24908
-0.27782
-0.27782
-0.30656
-0.30656
-0.24908
-0.24908
-0.32572
-0.32572
-0.29698
-0.29698
-0.3353
-0.3353
-0.3832
-0.3832
-0.66103
-0.66103
-0.56522
-0.56522
-0.70893
-0.70893
-0.72809
-0.72809
-0.95801
-0.95801
-1.3125
-1.3604
-1.1688
-1.1688
-1.5999
-1.5999
-1.2454
-1.2454
-1.0059
-1.0059
-0.66103
-0.66103
-0.90053
-0.90053
0.26824
0.26824
-0.29698
-0.29698
1.8873
1.8873
0.87179
0.87179
2.9602
2.9602
2.9602
2.9602
1.8202
1.8202
2.0406
2.0406
0.1437
0.1437
-0.02874
-0.02874
0.51732
0.51732
-3.2093
-3.2093
-3.468
-3.468
-0.086221
1.9543
1.1592
1.1592
-0.13412
-0.13412
2.0406
2.0406
1.8202
1.8202
1.7723
1.7723
-1.6669
-1.6669
-3.0656
-3.0656
-1.6765
-1.6765
-2.9986
-2.9986
-0.69935
-0.69935
-0.5748
-0.5748
-0.79515
-0.79515
-0.45026
-0.45026
-0.70893
-0.70893
0.42152
0.42152
1.5616
1.5616
-0.88137
-0.88137
-2.7112
-1.619
-3.3626
-3.3626
-3.5829
-3.5829
-2.9123
-2.9123
-1.5232
-1.5232
-2.3088
-2.3088
-0.56522
-0.56522
2.2513
2.2513
0.15328
0.15328
0.15328
1.5137
1.552
1.552
0.36404
0.36404
-0.45984
-0.45984
-0.55564
-0.55564
-1.255
-1.255
-0.56522
-0.56522
2.213
2.213
2.2417
2.2417
2.8165
2.8165
1.7915
1.7915
0.98675
0.98675
1.1975
1.1975
-1.437
-1.437
-2.874
-2.874
-2.8261
-2.8261
0.65145
0.65145
-2.6058
-2.6058
-4.1099
-4.1099
-0.71851
-1.6095
-1.5424
-1.5424
-2.1938
-2.1938
-1.4658
-1.4658
-0.20118
-0.20118
-1.619
-1.619
-2.7974
-2.7974
-3.1327
-3.1327
-0.84305
-0.84305
-2.7782
-2.7782
-2.7686
-2.7686
-1.4562
-1.4562
-1.14
-1.14
0.82389
0.82389
1.6382
1.6382
2.7207
2.7207
1.0921
1.0921
0.17244
0.17244
1.8681
1.8681
2.2322
2.2322
1.3412
1.3412
0.45026
0.45026
0.85263
0.85263
-0.10538
-0.10538
-0.55564
-0.55564
2.4238
2.4238
2.4238
2.4238
0.55564
0.55564
1.6957
1.6957
0.34488
0.34488
1.4658
1.4658
-1.3029
-1.3029
-1.0538
-1.0538
-1.849
-1.849
-3.2955
-3.2955
-2.6345
-2.6345
-0.84305
-0.84305
-2.0501
-2.0501
-1.6095
-1.6095
-1.2263
0.80473
-0.095801
-0.095801
-1.916
-1.916
-2.4812
-2.4812
-1.0251
-1.0251
-3.0177
-3.0177
-3.5446
-3.5446
-2.6824
-2.6824
-2.0406
-2.0406
-1.8873
-1.8873
-1.6669
-1.6669
1.0538
1.0538
2.1364
0.17244
0.17244
1.0059
1.0059
2.5004
2.5004
1.734
1.734
0.24908
0.24908
0.18202
0.18202
0.95801
0.95801
0.80473
0.80473
-0.41194
-0.41194
-0.24908
-0.24908
2.1076
2.1076
1.916
1.916
1.7723
1.7723
1.4658
1.4658
2.7207
2.7207
0.76641
0.76641
1.255
1.255
-1.0251
-1.0251
-1.5232
-1.5232
-2.6154
-2.6154
-1.8873
-1.8873
-1.0442
-1.0442
-3.5255
-3.5255
-1.9064
-1.9064
-1.3987
-1.3987
-2.0693
-2.0693
-3.3051
-3.3051
-0.87179
-0.87179
0.45026
0.45026
-1.1592
-1.1592
-1.9352
-1.9352
-2.7399
-2.7399
-2.2322
-2.2322
-2.9315
-2.9315
-3.1039
-3.1039
-2.1555
-2.1555
-1.4945
-1.4945
-1.0059
-1.0059
0.12454
0.12454
1.255
1.255
3.353
3.353
0.44068
0.44068
0.29698
0.29698
2.2226
2.2226
2.1938
2.1938
0.90053
0.90053
0.94843
0.94843
0.3832
0.3832
1.5424
1.5424
-0.53648
-0.53648
-1.1496
-1.1496
0.26824
0.26824
2.328
2.328
1.3508
1.3508
1.6478
1.6478
2.6633
2.6633
1.8873
1.8873
0.3832
0.3832
0.81431
0.81431
-0.4311
-0.4311
-1.5616
-1.5616
-2.7303
-2.7303
-1.5616
-1.5616
-1.5711
-1.5711
-2.5483
-2.5483
-1.6765
-1.6765
-1.0251
-1.0251
-2.6249
-2.6249
-2.0118
-2.0118
-3.2285
-3.2285
-0.89095
-0.89095
1.1783
1.1783
-0.99633
-0.99633
-2.692
-2.692
-1.7244
-1.7244
-1.7244
-1.7244
-2.8453
-2.8453
-2.0406
-2.0406
-0.89095
-0.89095
-1.7148
-1.7148
1.1975
1.1975
-0.76641
-0.76641
2.6249
2.6249
0.88137
0.88137
1.1209
1.1209
1.9639
1.9639
2.5483
2.5483
0.479
0.479
1.6095
1.6095
1.9735
1.9735
0.75683
0.75683
-0.48858
-0.48858
-1.2263
-1.2263
1.2454
1.2454
2.577
2.577
1.6286
1.6286
1.2933
1.2933
2.031
2.031
2.0789
2.0789
0.77599
0.77599
1.5232
1.5232
-1.6286
-1.6286
-2.577
-2.577
-2.1364
-2.1364
-1.6095
-1.6095
-2.2705
-2.2705
-2.7495
-2.7495
-1.2837
-1.2837
-1.0155
-1.0155
-1.2263
-1.2263
-1.4562
-1.4562
-2.8836
-2.8836
0.02874
0.02874
0.46942
0.46942
-2.0597
-2.0597
-1.9639
-1.9639
-1.8873
-1.8873
-2.1268
-2.1268
-3.2476
-3.2476
-2.7399
-2.7399
-1.7436
-1.7436
-0.81431
-0.81431
-0.98675
-0.98675
0.59396
0.59396
3.1997
3.1997
2.2801
2.2801
1.2071
1.2071
1.2071
1.2071
1.3125
1.3125
1.3125
1.3125
0.0479
0.0479
-0.479
-0.479
0.53648
0.53648
0.53648
0.53648
-0.54606
-0.54606
1.9352
1.9352
2.6154
2.6154
1.255
1.255
0.97717
0.97717
1.1017
1.1017
-0.05748
-0.05748
-2.3471
-2.3471
-2.5579
-2.5579
-1.1592
-1.1592
-0.84305
-0.84305
-3.1231
-3.1231
-2.9028
-2.9028
-0.3832
-0.5269
-2.1172
-2.1172
-1.5711
-1.5711
-0.49816
-0.49816
1.437
1.437
-0.05748
-0.05748
-1.3604
-1.3604
-2.8644
-2.8644
-2.0214
-2.0214
-2.2992
-2.2992
-3.2572
-3.2572
-2.0214
-2.0214
-0.68019
-0.68019
2.7591
2.7591
2.098
2.098
0.22992
0.22992
1.9735
1.9735
2.9028
2.9028
1.4274
1.4274
0.63229
0.63229
1.8202
1.8202
0.70893
0.70893
1.6669
1.6669
-1.0059
-1.0059
1.1688
1.1688
1.1496
1.1496
2.3854
2.3854
0.61313
0.61313
0.55564
0.55564
0.2395
0.2395
-1.2837
-1.2837
-2.8165
-2.8165
-1.1113
-1.1113
-1.9352
-1.9352
-3.8895
-3.8895
-3.0848
-3.0848
-0.85263
-0.85263
-1.9352
-1.9352
-1.1496
-1.1496
-1.8106
-1.8106
-1.4945
-1.4945
-1.0251
-1.0251
-2.8453
-2.8453
-1.9448
-1.9448
-2.1555
-2.1555
-2.9028
-2.9028
-3.4871
-3.4871
-2.1459
-2.1459
-1.8202
-1.8202
-0.50774
-0.50774
2.1555
2.1555
1.7819
1.7819
2.3759
2.3759
1.4466
1.4466
1.5041
1.5041
1.9831
1.9831
0.86221
0.86221
0.1916
0.1916
0.4311
0.4311
-1.1496
-1.1496
0.63229
0.63229
2.8932
2.8932
1.6765
1.6765
0.95801
0.95801
2.213
2.213
2.3184
2.3184
1.3412
1.3412
0.95801
0.95801
-0.95801
-0.95801
-2.0597
-2.0597
-0.89095
-0.89095
-0.89095
-0.89095
-2.098
-2.098
-4.0332
-4.0332
-1.0825
-1.0825
-2.1076
-2.1076
-1.1975
-1.1496
0.22034
0.22034
0.076641
0.076641
-2.3088
-2.3088
-3.6788
-3.6788
-1.2837
-1.2837
-2.1172
-2.1172
-3.1997
-3.1997
-2.7207
-2.7207
-1.2933
-1.2933
-1.5903
-1.5903
-0.0479
-0.0479
0.76641
0.76641
3.4488
3.4488
0.62271
0.62271
0.49816
0.49816
2.0022
2.0022
2.2801
2.2801
0.82389
0.82389
0.71851
0.71851
0.2874
0.2874
-0.93885
-0.93885
0.49816
0.49816
1.849
1.849
2.098
2.098
1.8394
1.8394
2.5004
2.5004
0.45984
0.45984
0.21076
0.21076
1.552
1.552
-0.87179
-0.87179
-3.4871
-3.4871
-2.2896
-2.2896
-1.0921
-1.0921
-2.0789
-2.0789
-4.1386
-4.1386
-1.4658
-1.4658
-0.99633
-1.3795
-3.0177
-3.0177
-1.1113
-1.1113
1.437
1.437
0.13412
0.13412
-1.7915
-1.7915
-0.65145
-0.65145
-0.65145
-0.65145
-3.65
-3.65
-2.9123
-2.9123
-0.82389
-0.82389
-0.86221
-0.86221
-0.05748
-0.05748
-0.91969
-0.91969
2.2322
2.2322
1.552
1.552
0.5748
0.5748
1.8681
1.8681
2.2609
2.2609
0.1916
0.1916
1.073
1.073
2.2226
2.2226
1.3508
-1.4274
1.2167
1.2167
2.9315
2.9315
0.87179
0.87179
1.1113
1.1113
2.9411
2.9411
1.4658
1.4658
1.4849
1.4849
0.01916
0.01916
-1.7244
-1.7244
-2.4717
-2.4717
-1.9927
-1.9927
-2.5196
-2.5196
-2.1268
-2.1268
-3.286
-3.286
-0.95801
-0.95801
-1.1688
-1.1688
-1.552
-1.552
-1.5137
-1.5137
-2.0597
-2.0597
-0.72809
-0.72809
0.84305
0.84305
-0.49816
-0.49816
-1.9927
-1.9927
-2.7112
-2.7112
-1.7915
-1.7915
-2.2417
-2.2417
-3.6788
-3.6788
-2.0406
-2.0406
-1.0251
-1.0251
-1.2167
-1.2167
3.2093
3.2093
3.2093
3.2093
1.8969
1.8969
0.44068
0.44068
1.3604
1.3604
2.4717
2.4717
0.85263
0.85263
1.2358
1.2358
2.4142
2.4142
0.3353
0.3353
-0.89095
-0.89095
-0.63229
-0.63229
2.098
2.098
2.5579
2.5579
1.3412
1.3412
0.85263
0.85263
2.5004
2.5004
0.95801
0.95801
0.99633
0.99633
0.05748
0.05748
-1.4083
-1.4083
-3.4297
-3.4297
-0.88137
-0.88137
-0.76641
-0.76641
-2.7686
-2.7686
-2.8165
-2.8165
-0.68019
-0.68019
-2.3184
-2.3184
-0.90053
-0.90053
-1.9543
-1.9543
-1.8681
-1.8681
-0.3353
-0.3353
1.0442
1.0442
-0.42152
-0.42152
-1.3987
-1.3987
-1.8106
-1.8106
-1.9352
-1.9352
-3.2572
-3.2572
-3.0177
-3.0177
-1.7436
-1.7436
-1.0442
-1.0442
-0.94843
-0.94843
2.5579
2.5579
2.9411
2.9411
2.7016
2.7016
-0.5748
-0.5748
2.1076
2.1076
2.5579
2.5579
1.1688
1.1688
1.5616
1.5616
1.5616
1.5616
1.4849
1.4849
-1.1304
-1.1304
-0.75683
-0.75683
1.4274
1.4274
2.328
2.328
1.3604
1.3604
0.82389
0.82389
1.9735
1.9735
1.6669
1.6669
0.87179
0.87179
-0.68977
-0.68977
-1.5232
-1.5232
-2.213
-2.213
-1.1879
-1.1879
-1.1209
-1.1209
-4.129
-4.129
-1.9639
-1.9639
-0.83347
-0.83347
-2.1268
-2.1268
-1.1113
-1.1113
-1.4562
-1.4562
-0.44068
-0.44068
0.41194
0.41194
-0.0095801
-0.0095801
-1.4179
-1.4179
-1.6574
-1.6574
-1.619
-1.619
-2.4238
-2.4238
-3.5638
-3.5638
-3.7267
-3.7267
-1.4849
-1.4849
-0.75683
-0.75683
-1.4658
-1.4658
1.3125
1.3125
2.6537
2.6537
2.3088
2.3088
0.20118
0.20118
2.7207
2.7207
2.0118
2.0118
0.67061
0.67061
0.93885
0.93885
1.4849
1.4849
0.15328
0.15328
1.6669
1.6669
-0.63229
-0.63229
-0.45026
-0.45026
2.3854
2.3854
2.4621
2.4621
1.6286
1.6286
1.5232
1.5232
1.5232
1.5232
1.4466
1.4466
1.3891
1.3891
-1.2933
-1.2933
-2.5962
-2.5962
-2.9028
-2.9028
-1.619
-1.619
-1.6574
-1.6574
-2.2801
-2.2801
-0.85263
-0.85263
-1.5424
-1.5424
-1.6095
-1.6095
-2.6154
-2.6154
-1.916
-1.916
0.79515
0.79515
-0.62271
-0.62271
-1.8011
-1.8011
-3.0369
-3.0369
-2.213
-2.213
-2.2322
-2.2322
-2.7878
-2.7878
-2.9602
-2.9602
-2.1268
-2.1268
-1.3508
-1.3508
-0.54606
-0.54606
1.437
1.437
2.8932
2.8932
0.44068
0.44068
0.77599
0.77599
1.7819
1.7819
1.849
1.849
0.93885
0.93885
1.5903
1.5903
0.15328
0.15328
1.4562
1.4562
0.40236
0.40236
-0.24908
-0.24908
0.1916
0.1916
1.8202
1.8202
2.8932
2.8932
1.7627
1.7627
2.1076
2.1076
1.6669
1.6669
0.93885
0.93885
0.42152
0.42152
-1.0442
-1.0442
-2.5004
-2.5004
-2.5675
-2.5675
-1.14
-1.14
-2.2896
-2.2896
-3.2285
-3.2285
-1.6669
-1.6669
-1.6478
-1.6478
-2.1076
-2.1076
-1.6669
-1.6669
-0.0095801
-0.0095801
-0.086221
-0.086221
1.2837
1.2837
1.2837
1.2837
-0.2874
-0.2874
-0.2874
-0.2874
0.11496
0.11496
-1.7627
-1.7627
-1.6286
-1.6286
-2.4046
-2.4046
-2.0118
-2.0118
-2.2513
-2.2513
-1.5137
-1.5137
-1.3125
-1.3125
-0.64187
-0.64187
-0.53648
-0.53648
0.26824
0.26824
1.2454
1.2454
1.3508
1.3508
1.5424
1.5424
1.7148
1.7148
1.6669
1.6669
1.1879
1.1879
0.4311
0.4311
0.32572
0.32572
-0.24908
-0.24908
-0.44068
-0.44068
-0.76641
-0.76641
-0.77599
-0.77599
-0.92927
-0.92927
-0.479
-0.479
-0.25866
-0.25866
-0.095801
-0.095801
0.16286
0.16286
0.42152
0.42152
0.15328
0.15328
0.076641
0.076641
0.095801
0.095801
0.0095801
0.0095801
-0.2395
-0.2395
-0.27782
-0.27782
-0.32572
-0.32572
-0.30656
-0.30656
-0.45026
-0.45026
-0.3353
-0.3353
-0.21076
-0.21076
-0.095801
-0.095801
-0.13412
-0.13412
-0.05748
-0.05748
-0.02874
-0.02874
-0.02874
-0.02874
-0.53648
-0.53648
0.0095801
0.0095801
-0.03832
-0.03832
-0.0095801
-0.0095801
-0.27782
-0.27782
-0.13412
-0.13412
-0.13412
-0.13412
-0.15328
-0.15328
-0.30656
-0.30656
-0.1916
-0.1916
-0.17244
-0.17244
-0.2395
-0.2395
-0.1916
-0.1916
-0.11496
-0.11496
-0.1916
-0.1916
-0.22034
-0.22034
-0.12454
-0.13412
-0.25866
-0.25866
-0.22034
-0.22034
-0.12454
-0.12454
-0.25866
-0.25866
-0.095801
-0.095801
-0.1437
-0.1437
-0.15328
-0.15328
-0.13412
-0.13412
-0.1437
-0.1437
-0.22992
-0.20118
-0.095801
-0.095801
-0.20118
-0.20118
-0.21076
-0.21076
-0.25866
-0.25866
-0.21076
-0.21076
-0.16286
-0.16286
-0.24908
-0.24908
-0.16286
-0.16286
-0.22992
-0.22992
-0.21076
-0.21076
-0.22992
-0.22992
-0.22034
-0.13412
-0.11496
-0.11496
-0.10538
-0.10538
-0.24908
-0.24908
-0.20118
-0.20118
-0.27782
-0.27782
-0.20118
-0.20118
-0.095801
-0.095801
-0.15328
-0.15328
-0.095801
-0.095801
-0.1916
-0.1916
-0.1916
-0.1916
-0.18202
-0.18202
-0.13412
-0.22034
-0.086221
-0.086221
-0.086221
-0.086221
-0.086221
-0.086221
-0.10538
-0.10538
-0.24908
-0.24908
-0.24908
-0.24908
-0.39278
-0.39278
-0.81431
-0.81431
-0.44068
-0.44068
-0.97717
-0.97717
-0.85263
-0.85263
-0.93885
-0.61313
-0.61313
-1.0634
-1.0634
-0.91969
-0.91969
-0.5748
-0.5748
-0.71851
-0.71851
-0.49816
-0.49816
-0.59396
-0.59396
-0.2874
-0.2874
-0.24908
-0.24908
-0.27782
-0.27782
0.98675
0.98675
1.8873
1.8873
2.4333
2.4333
2.7974
2.7974
1.0825
1.0825
2.4333
2.4333
1.1496
1.1496
0.93885
0.93885
-3.7075
-3.7075
0.51732
0.51732
-0.83347
-0.83347
-4.4452
-4.4452
-3.3243
-3.3243
-0.5748
-0.5748
0.29698
0.29698
0.48858
0.48858
0.73767
0.73767
1.0825
1.0825
2.0022
2.0022
2.874
2.874
0.82389
0.82389
-2.6824
-2.6824
-2.3088
-2.3088
0.37362
0.37362
0.37362
-0.44068
-1.1783
-1.1783
0.18202
0.18202
-0.18202
-0.18202
0.13412
0.13412
1.6861
1.6861
0.3353
0.3353
-1.8873
-1.8873
-2.9028
-2.9028
-2.5675
-2.5675
-2.098
-2.098
-2.7399
-2.7399
-3.0848
-3.0848
-2.0501
-2.0501
-0.41194
-0.41194
-0.37362
-0.37362
2.6345
2.6345
2.3375
2.3375
-0.18202
2.1172
2.2322
2.2322
0.56522
0.56522
0.89095
0.89095
-0.75683
-0.75683
0.10538
0.10538
-0.58438
-0.58438
-1.9927
-1.9927
-0.1916
-0.1916
3.6117
3.6117
1.6669
1.6669
1.6382
2.031
2.5291
2.5291
1.3891
1.3891
0.37362
0.37362
-2.3663
-2.3663
-2.8165
-2.8165
-1.0346
-1.0346
-2.0022
-2.0022
-2.577
-2.577
-2.0597
-2.0597
-0.77599
-0.77599
-1.2646
-1.2646
-1.1688
-1.1688
-2.0597
-2.0597
-2.0214
-2.0214
-1.073
-1.2263
-1.2263
-1.2263
-1.2263
-2.5675
-2.5675
-1.9543
-1.9543
-1.9543
-1.9543
-0.35446
-0.35446
1.6286
1.6286
0.74725
0.74725
1.6861
1.6861
1.1209
1.1209
1.37
1.37
1.9256
1.9256
1.6765
1.6765
0.1916
0.1916
-0.61313
-0.61313
1.3987
1.3987
-0.83347
-0.83347
-1.8394
-1.8394
0.36404
0.36404
2.6058
2.6058
1.3987
1.3987
1.2837
1.2837
1.3987
1.3987
2.0693
2.0693
0.63229
0.63229
0.77599
0.77599
-1.5232
-1.5232
-3.6883
-3.6883
-1.7915
-1.7915
-2.7782
-2.7782
-2.6058
-2.6058
-2.6441
-2.6441
-1.4179
-1.4179
-1.2071
-1.2071
-2.7207
-2.7207
-1.073
-1.073
-0.71851
-0.71851
-0.55564
-0.55564
-1.9256
-1.9256
-0.96759
-0.96759
-2.51
-2.51
-1.7053
-1.7053
-1.619
-1.619
0.45026
0.45026
0.42152
0.42152
2.0789
2.0789
0.91011
0.91011
2.9219
2.9219
0.68977
0.68977
2.9794
2.9794
2.0597
2.0597
0.26824
0.26824
1.5232
1.5232
-0.086221
-0.086221
0.92927
0.92927
0.89095
0.89095
-1.2263
-1.2263
-1.6286
-1.6286
1.3316
0.20118
1.5424
1.5424
2.2609
2.2609
1.849
1.849
0.93885
0.93885
-0.44068
-0.44068
-2.0789
-2.0789
-3.5638
-3.5638
-0.96759
-0.96759
-2.7207
-2.7207
-2.1843
-2.1843
-2.8165
-2.8165
-1.6286
-1.6286
-0.78557
-0.78557
-1.5711
-1.5711
-3.5734
-3.5734
-3.171
-3.171
-1.4083
-1.4083
-1.4083
-1.4083
-1.5137
-1.5137
-0.67061
-0.67061
-2.0693
-2.0693
-1.3125
-1.3125
-0.68977
-0.68977
0.90053
0.90053
1.7915
1.7915
0.84305
0.84305
1.2454
1.2454
1.8585
1.8585
0.65145
0.65145
2.7495
2.7495
1.1879
1.2071
1.0346
1.0346
2.4621
2.4621
0.1437
0.1437
-1.5999
-1.5999
-1.5999
-1.5999
1.8873
1.8873
1.8873
1.8873
1.3029
1.3029
1.5616
1.5616
1.9256
1.9256
1.3221
1.3221
-0.63229
-0.63229
-3.3051
-3.3051
-2.874
-2.874
-1.3795
-1.3795
-3.2093
-3.2093
-3.0273
-3.0273
-1.9735
-1.9735
-1.6669
-1.6669
-0.73767
-0.73767
-1.8585
-1.8585
-2.1938
-2.1938
-2.4046
-0.94843
-1.6382
-1.6382
-2.3663
-2.3663
-1.0825
-1.0825
-1.3795
-1.3795
-2.0406
-2.0406
-0.40236
-0.40236
-1.2263
-1.2263
0.25866
0.25866
1.5711
1.5711
0.3832
0.3832
1.2358
1.2358
1.14
1.14
2.0885
2.0885
1.9543
1.9543
1.6765
1.6765
0.67061
0.67061
0.16286
0.16286
0.01916
0.01916
1.8202
1.8202
-0.25866
-0.25866
-2.3663
-2.3663
-0.68977
-0.68977
2.6154
2.6154
1.6382
1.6382
0.76641
0.76641
2.0118
2.0118
1.8394
1.8394
1.6957
1.6957
1.849
1.849
-0.10538
-0.10538
-3.2093
-3.2093
-1.6382
-1.6382
-1.6382
-1.6382
-2.7686
-2.7686
-2.0789
-2.0789
-1.1688
-1.1688
-1.437
-1.437
-2.1938
-2.1938
-2.395
-2.395
-1.6861
-1.6861
-0.86221
-0.86221
-0.83347
-0.83347
-2.1076
-2.1076
-1.8873
-1.8873
-2.0214
-2.0214
-2.2034
-2.2034
-0.71851
-0.71851
-0.92927
-0.92927
-0.37362
-0.37362
0.18202
0.29698
0.29698
2.7207
2.7207
1.6478
1.6478
0.12454
0.12454
2.6537
2.6537
1.0921
1.0921
0.67061
0.67061
-0.03832
-0.03832
0.13412
0.13412
0.4311
0.4311
-1.734
-1.734
-2.5387
-2.5387
0.62271
0.62271
2.2226
2.2226
1.6765
1.6765
1.14
1.14
1.1975
1.1975
2.4621
2.4621
1.8873
1.8873
1.2646
1.2646
1.0346
1.0346
-1.8681
-1.8681
-2.2322
-2.2322
-2.6537
-2.6537
-2.031
-2.031
-1.1113
-1.1113
-2.3567
-2.3567
-0.67061
-0.67061
-2.4429
-2.4429
0.46942
0.46942
-1.3795
-1.3795
-1.7532
-1.7532
-1.8298
-1.8298
-2.1076
-2.1076
-2.2609
-2.2609
-2.2609
-2.2609
-1.734
-1.734
-0.49816
-0.49816
0.75683
0.75683
0.11496
0.11496
-0.05748
-0.05748
0.92927
0.92927
2.2801
2.2801
0.99633
0.99633
0.94843
0.94843
1.7819
1.7819
-0.34488
-0.34488
-0.96759
-0.96759
-1.1879
-1.1879
-0.62271
-0.62271
-1.6478
0.53648
0.53648
1.6861
1.6861
1.5328
1.5328
1.3508
1.3508
0.92927
0.92927
1.619
1.619
3.1518
3.1518
2.0693
2.0693
-0.067061
-0.067061
-0.91011
-0.91011
-3.1518
-3.1518
-1.3221
-1.3221
-1.2837
-1.2837
-2.5004
-2.5004
-2.1843
-2.1843
-0.29698
-0.29698
0.2874
0.2874
-0.68977
-0.68977
1.1113
1.1113
1.552
1.552
0.13412
0.13412
-1.2071
-1.2071
-2.51
-2.51
-1.7244
-1.7244
-2.2034
-2.2034
-2.6537
-2.6537
-2.989
-2.989
-1.849
-1.849
-1.4179
-1.4179
-0.85263
-0.85263
-0.87179
-0.87179
1.1975
1.1975
1.1496
1.1496
0.42152
0.42152
2.8357
2.8357
1.8394
1.8394
-0.21076
-0.21076
0.479
0.479
-1.7627
-1.7627
0.54606
0.54606
-0.93885
-0.93885
-2.0885
-2.0885
0.42152
0.42152
2.3088
2.3088
1.3125
1.3125
0.48858
0.48858
1.5616
1.5616
2.4333
2.4333
2.0693
2.0693
1.3316
1.3316
-0.22992
-0.22992
-1.8873
-1.8873
-2.1555
-2.1555
-0.39278
-0.39278
-2.098
-2.098
-2.3854
-2.3854
-1.9639
-1.9639
-0.479
-0.479
0.42152
0.42152
0.39278
0.39278
0.62271
0.62271
0.87179
0.87179
-0.3353
-0.3353
-1.3795
-1.9927
-1.9927
-1.849
-1.849
-3.8608
-3.8608
-3.1806
-3.1806
-2.6824
-2.6824
-1.0251
-1.0251
-1.0155
-1.0155
-0.21076
-0.21076
2.5962
2.5962
1.2263
1.2263
-1.073
-1.073
1.1304
1.1304
2.6633
2.6633
0.55564
0.55564
0.90053
0.90053
-0.46942
-0.46942
-0.479
-0.479
-1.4083
-1.4083
-2.0118
-2.0118
0.55564
0.55564
0.55564
0.55564
1.5711
1.5711
1.4945
1.4945
0.55564
0.55564
2.4621
2.4621
1.6765
1.6765
1.3221
1.3221
-2.031
-2.031
-2.7782
-2.7782
-1.3412
-1.3412
-1.2742
-1.2742
-2.8453
-2.8453
-2.3184
-2.3184
-0.83347
-0.83347
-0.26824
-0.26824
0.20118
0.20118
-0.1437
-0.1437
0.17244
0.17244
1.1783
1.1783
-0.22992
-0.22992
-0.2874
-0.2874
-2.3854
-2.3854
-2.2322
-2.2322
-2.2034
-2.2034
-3.0752
-3.0752
-2.6537
-2.6537
-2.6633
-2.6633
-1.8969
-1.8969
-1.3604
-1.3604
-0.076641
-0.076641
2.4238
2.4238
1.9352
1.9352
-0.71851
-0.71851
2.0885
2.0885
2.807
2.807
0.54606
0.54606
0.095801
0.095801
-3.6883
-3.6883
-0.83347
-0.83347
0.13412
0.13412
-2.4333
-2.4333
-3.0273
-3.0273
0.45026
0.45026
1.1113
1.1113
0.25866
0.25866
0.3832
0.3832
1.4753
1.4753
2.213
2.213
1.5424
1.5424
1.3029
1.3029
0.65145
0.65145
1.4274
1.4274
1.3795
1.3795
1.1783
1.1783
-0.68019
-0.68019
-1.2358
-1.2358
-0.91011
-0.91011
-1.5616
-1.5616
-2.4142
-2.4142
-1.3891
-1.3891
-1.1017
-1.1017
-0.73767
-0.73767
-0.67061
-0.67061
0.05748
0.05748
0.0095801
0.0095801
-0.03832
-0.03832
0.16286
0.16286
0.32572
0.32572
0.086221
0.086221
-0.076641
-0.076641
0.0095801
0.0095801
-0.18202
-0.18202
-0.25866
-0.25866
-0.49816
-0.49816
-0.56522
-0.56522
-0.75683
-0.75683
-0.44068
-0.44068
-0.42152
-0.42152
-0.44068
-0.44068
-0.10538
-0.10538
-0.02874
-0.02874
0.0095801
0.0095801
0.01916
0.01916
-0.18202
-0.18202
0.086221
0.086221
-0.086221
-0.086221
-0.10538
-0.10538
0.0479
0.0479
-0.21076
-0.21076
-0.35446
-0.35446
-0.095801
-0.095801
-0.37362
-0.37362
-0.32572
-0.32572
-0.18202
-0.18202
-0.5748
-0.5748
-0.095801
-0.095801
-0.22992
-0.22992
-0.21076
-0.21076
-0.15328
-0.15328
-0.26824
-0.26824
-0.18202
-0.18202
-0.32572
-0.32572
-0.32572
-0.32572
-0.1437
-0.1437
-0.22992
-0.22992
-0.067061
-0.067061
-0.20118
-0.20118
-0.17244
-0.17244
-0.24908
-0.24908
-0.21076
-0.21076
-0.22992
-0.22992
-0.26824
-0.26824
-0.27782
-0.27782
-0.30656
-0.30656
-0.24908
-0.24908
-0.13412
-0.13412
-0.11496
-0.11496
-0.2395
-0.2395
-0.15328
-0.15328
-0.18202
-0.18202
-0.11496
-0.11496
-0.1916
-0.1916
-0.26824
-0.26824
-0.18202
-0.18202
-0.17244
-0.17244
-0.11496
-0.11496
-0.18202
-0.18202
-0.24908
-0.24908
-0.24908
-0.24908
-0.13412
-0.13412
-0.25866
-0.25866
-0.21076
-0.21076
-0.18202
-0.18202
-0.18202
-0.18202
-0.18202
-0.18202
-0.24908
-0.24908
-0.1916
-0.1916
-0.24908
-0.24908
-0.10538
-0.10538
-0.21076
-0.21076
-0.16286
-0.16286
-0.22992
-0.22992
-0.12454
-0.12454
-0.26824
-0.26824
-0.2395
-0.2395
-0.18202
-0.18202
-0.2395
-0.2395
-0.2874
-0.2874
-0.27782
-0.27782
-0.18202
-0.18202
-0.16286
-0.16286
-0.13412
-0.13412
-0.15328
-0.15328
-0.24908
-0.24908
-0.22034
-0.22034
-0.2395
-0.2395
-0.16286
-0.16286
-0.1916
-0.1916
-0.17244
-0.17244
-0.20118
-0.20118
-0.20118
-0.20118
-0.2395
-0.2395
-0.22034
-0.22034
-0.15328
-0.15328
-0.10538
-0.10538
-0.17244
-0.17244
-0.11496
-0.11496
-0.22992
-0.22992
-0.095801
-0.095801
-0.22034
-0.22034
-0.10538
-0.10538
-0.24908
-0.24908
-0.13412
-0.13412
-0.25866
-0.25866
-0.13412
-0.13412
-0.20118
-0.20118
-0.15328
-0.15328
-0.22034
-0.22034
-0.22034
-0.22034
-0.13412
-0.13412
-0.21076
-0.21076
-0.24908
-0.24908
-0.16286
-0.16286
-0.29698
-0.29698
-0.15328
-0.15328
-0.21076
-0.21076
-0.13412
-0.13412
-0.22034
-0.22034
-0.1916
-0.1916
-0.2395
-0.2395
-0.2395
-0.2395
-0.15328
-0.15328
-0.25866
-0.25866
-0.1916
-0.1916
-0.24908
-0.24908
-0.13412
-0.13412
-0.11496
-0.11496
-0.20118
-0.20118
-0.22992
-0.22992
-0.22034
-0.22034
-0.15328
-0.15328
-0.16286
-0.16286
-0.24908
-0.24908
-0.22992
-0.22992
-0.21076
-0.21076
-0.22034
-0.22034
-0.13412
-0.13412
-0.25866
-0.25866
-0.20118
-0.20118
-0.22992
-0.22992
-0.16286
-0.16286
-0.21076
-0.21076
-0.13412
-0.13412
-0.22992
-0.22992
-0.22034
-0.22034
-0.17244
-0.17244
-0.2395
-0.24908
-0.2395
-0.2395
-0.22034
-0.22034
-0.17244
-0.17244
-0.13412
-0.13412
-0.16286
-0.16286
-0.22034
-0.22034
-0.21076
-0.21076
-0.21076
-0.21076
-0.22992
-0.22992
-0.17244
-0.17244
-0.13412
-0.13412
-0.16286
-0.16286
-0.17244
-0.17244
-0.2395
-0.2395
-0.16286
-0.16286
-0.1916
-0.1916
-0.17244
-0.17244
-0.1437
-0.1916
-0.13412
-0.13412
-0.15328
-0.15328
-0.12454
-0.12454
-0.1916
-0.1916
-0.1916
-0.1916
-0.20118
-0.20118
-0.1437
-0.1437
-0.17244
-0.17244
-0.11496
-0.11496
-0.1916
-0.24908
-0.1916
-0.1916
-0.24908
-0.24908
-0.22992
-0.22992
-0.22992
-0.22992
-0.17244
-0.17244
-0.17244
-0.17244
-0.18202
-0.18202
-0.13412
-0.13412
-0.22992
-0.18202
-0.16286
-0.16286
-0.17244
-0.17244
-0.12454
-0.12454
-0.2395
-0.2395
-0.2395
-0.2395
-0.24908
-0.24908
-0.22992
-0.22992
-0.24908
-0.24908
-0.1916
-0.1916
-0.15328
-0.15328
-0.17244
-0.17244
-0.17244
-0.17244
-0.1437
-0.1437
-0.1437
-0.1437
-0.17244
-0.17244
-0.16286
-0.16286
-0.15328
-0.15328
-0.076641
-0.076641
0.2395
0.2395
0.81431
0.81431
0.40236
0.40236
0.45984
0.45984
0.80473
0.80473
1.2358
1.2358
0.20118
0.20118
1.0251
1.0251
0.70893
0.70893
0.39278
0.13412
0.13412
-0.24908
-0.24908
-0.45026
-0.45026
-0.44068
-0.44068
-4.0907
-4.0907
-2.2992
-2.2992
-2.7399
-2.7399
-0.66103
-0.66103
-1.7819
-1.7819
-2.8165
-2.8165
-2.6154
-2.6154
-1.255
-1.255
-1.255
-1.255
1.1879
1.1879
0.91011
0.91011
2.9698
2.9698
2.1651
2.1651
2.395
2.395
1.6765
1.6765
0.12454
0.12454
-0.18202
-0.18202
-0.67061
-0.67061
-0.97717
-0.97717
-1.9639
-1.9639
-2.2034
-2.2034
-0.98675
-0.98675
2.3471
2.3471
2.1747
-0.05748
1.3604
1.3604
1.0921
1.0921
-1.14
-1.14
0.61313
0.61313
-3.0848
-3.0848
-2.7112
-2.7112
-2.7112
-2.7112
-1.5903
-1.5903
-0.95801
-0.95801
0.10538
0.10538
1.1304
1.1304
1.4274
1.4274
3.5829
3.5829
1.8873
1.8873
2.807
2.807
2.8836
2.8836
1.3987
1.3987
-0.16286
-0.16286
-0.70893
-0.70893
-0.87179
-0.87179
-1.5807
-1.5807
0.076641
0.076641
-3.0848
-3.0848
-1.6765
-1.6765
0.50774
0.50774
2.7782
2.7782
0.71851
0.71851
2.5675
2.5675
1.4083
1.4083
-1.7723
-1.7723
-0.92927
-0.92927
-0.10538
-0.10538
-3.3722
-3.3722
-3.9278
-3.9278
-3.5063
-3.5063
-0.76641
-0.76641
-1.916
-1.916
-4.0811
-4.0811
-4.4547
-4.4547
0.56522
0.56522
3.8991
3.8991
0.01916
0.01916
-1.2263
-1.2263
1.9639
1.9639
-0.31614
-0.31614
-2.4621
-2.4621
-3.171
-3.171
-2.6249
-2.6249
-2.5483
-2.5483
-0.45026
-0.45026
0.29698
0.29698
2.7207
2.7207
1.1017
1.1017
1.6478
1.6478
2.8932
2.8932
4.0811
4.0811
1.849
1.849
2.1172
2.1172
2.0693
2.0693
2.1651
2.1651
0.69935
0.69935
-2.031
-2.031
-2.5387
-2.5387
-0.46942
-0.46942
-2.6154
-2.6154
-0.91011
-0.91011
2.0022
2.0022
3.6883
3.6883
2.0406
2.0406
2.0501
2.0501
1.4658
1.4658
-1.8969
-1.8969
-1.0442
-1.0442
0.36404
0.36404
-1.0346
-1.0346
-4.5218
-4.5218
-4.062
-4.062
-2.2609
-2.2609
-0.71851
-0.71851
-2.1076
-2.1076
-4.2057
-4.2057
-0.55564
-0.55564
-0.55564
-0.55564
1.2646
1.2646
1.2646
1.2646
-0.84305
-0.84305
-0.84305
-0.84305
-1.9735
-1.9735
-5.0774
-5.0774
-4.79
-4.79
-0.68977
-0.68977
-0.79515
-0.79515
-1.8969
-1.8969
2.1843
2.1843
2.8836
2.8836
-0.05748
-0.05748
2.989
2.989
4.4931
4.4931
3.5063
3.5063
0.50774
0.50774
2.2992
2.2992
2.1172
2.1172
2.2322
2.2322
-0.56522
-0.56522
0.99633
0.99633
-0.99633
-0.99633
2.1747
2.1747
1.0155
1.0155
2.8165
2.8165
3.5063
3.5063
4.129
4.129
1.9927
1.9927
-1.0825
-1.0825
0.18202
0.18202
1.552
1.552
0.076641
0.076641
-1.7627
-1.7627
-3.4967
-3.4967
-2.7399
-2.7399
-2.7878
-2.7878
-2.2417
-2.2417
-1.8585
-1.8585
-3.4201
-3.4201
-2.4333
-2.4333
-1.5328
-1.5328
-1.1304
-1.1304
1.849
1.849
-2.5291
-2.5291
-5.681
-5.681
-0.12454
-0.12454
-3.9566
-3.9566
-7.3958
-7.3958
-2.5004
-2.5004
0.51732
0.51732
-4.1673
-4.1673
-3.056
-3.056
5.1445
5.1445
3.3626
3.3626
-0.53648
-0.53648
1.7723
1.7723
3.1327
3.1327
3.1997
3.1997
1.849
1.849
0.11496
0.11496
-0.13412
-0.13412
1.7532
1.7532
-7.712
-7.712
2.031
2.031
0.01916
0.01916
3.1806
3.1806
2.7207
2.7207
3.2668
3.2668
5.0487
5.0487
2.3759
2.3759
-0.90053
-0.90053
0.05748
0.05748
2.4333
2.4333
-0.62271
-0.62271
-1.437
-1.437
-1.5807
-1.5807
-3.056
-3.056
-2.989
-2.989
-2.2417
-2.2417
-2.6633
-2.6633
-3.65
-3.65
-1.5711
-1.5711
-1.3508
-1.3508
-0.62271
-0.62271
0.12454
0.12454
-3.6213
-3.6213
-3.3339
-3.3339
-1.3316
-1.3316
-5.02
-5.02
-8.076
-8.076
-3.1902
-3.1902
0.3832
0.3832
-0.58438
-0.58438
-3.6021
-3.6021
-4.9721
-4.9721
-0.50774
-0.50774
-1.14
-1.14
0.22992
0.22992
1.1688
1.1688
1.7819
1.7819
1.7819
1.7819
0.79515
0.79515
2.8261
2.8261
2.8836
2.8836
2.8836
2.8836
2.9986
2.9986
3.947
3.947
2.5866
2.5866
2.8357
2.8357
2.8644
2.8644
2.1364
2.1364
1.7148
1.7148
1.4562
1.4562
0.79515
0.79515
0.02874
0.02874
-1.9735
-1.9735
-3.0369
-3.0369
-3.1614
-3.1614
-2.6537
-2.6537
-2.9507
-2.9507
-3.468
-3.468
-2.9411
-2.9411
-2.5675
-2.5675
-2.5579
-2.5579
-2.3663
-2.3663
-0.83347
-0.83347
0.0095801
0.0095801
-0.15328
-0.15328
1.1496
1.1496
1.8011
1.8011
1.6478
1.6478
1.7532
1.7532
1.4658
1.4658
0.77599
0.77599
0.45026
0.45026
0.0095801
0.0095801
-0.24908
-0.24908
-0.98675
-0.98675
-1.255
-1.255
-1.1304
-1.1304
-1.1783
-1.1783
-0.66103
-0.66103
-0.4311
-0.4311
0.067061
0.067061
0.4311
0.4311
0.45026
0.45026
0.4311
0.4311
0.3832
0.3832
0.076641
0.076641
-0.22034
-0.22034
-0.27782
-0.27782
-0.35446
-0.35446
-0.48858
-0.48858
-0.48858
-0.48858
-0.36404
-0.36404
-0.02874
-0.02874
-0.02874
-0.02874
-0.05748
-0.05748
-0.02874
-0.02874
-0.086221
-0.086221
-0.2395
-0.2395
-0.32572
-0.32572
-0.29698
-0.29698
-0.24908
-0.24908
-0.095801
-0.095801
-0.13412
-0.13412
-0.13412
-0.13412
-0.18202
-0.18202
-0.1437
-0.1437
-0.15328
-0.15328
-0.24908
-0.24908
-0.17244
-0.17244
-0.31614
-0.31614
-0.20118
-0.20118
-0.25866
-0.25866
-0.13412
-0.13412
-0.22992
-0.22992
-0.067061
-0.067061
-0.20118
-0.20118
-0.095801
-0.095801
-0.20118
-0.20118
-0.12454
-0.12454
-0.25866
-0.25866
-0.24908
-0.24908
-0.16286
-0.16286
-0.11496
-0.11496
-0.13412
-0.13412
-0.16286
-0.16286
-0.22034
-0.22034
-0.095801
-0.095801
-0.1916
-0.1916
-0.22034
-0.22034
-0.26824
-0.26824
-0.15328
-0.15328
-0.11496
-0.11496
-0.095801
-0.095801
-0.10538
-0.10538
-0.15328
-0.15328
-0.22034
-0.22034
-0.13412
-0.13412
-0.13412
-0.13412
-0.24908
-0.24908
-0.17244
-0.17244
-0.12454
-0.12454
-0.18202
-0.18202
-0.13412
-0.13412
-0.10538
-0.10538
-0.22992
-0.22992
-0.15328
-0.15328
-0.15328
-0.15328
-0.24908
-0.24908
-0.21076
-0.21076
-0.10538
-0.10538
-0.22992
-0.22992
-0.1916
-0.1916
-0.20118
-0.20118
-0.10538
-0.10538
-0.10538
-0.10538
-0.21076
-0.21076
-0.13412
-0.13412
-0.10538
-0.10538
-0.18202
-0.18202
-0.2395
-0.2395
-0.25866
-0.25866
-0.26824
-0.26824
-0.16286
-0.16286
-0.20118
-0.20118
-0.086221
-0.086221
-0.24908
-0.24908
-0.086221
-0.086221
-0.16286
-0.16286
-0.1916
-0.1916
-0.25866
-0.25866
-0.16286
-0.16286
-0.15328
-0.15328
-0.1916
-0.1916
-0.1916
-0.1916
-0.17244
-0.17244
-0.1437
-0.1437
-0.18202
-0.18202
-0.20118
-0.20118
-0.18202
-0.18202
-0.1437
-0.1437
-0.11496
-0.11496
-0.21076
-0.21076
-0.095801
-0.095801
-0.21076
-0.21076
-0.2395
-0.2395
-0.11496
-0.11496
-0.2395
-0.2395
-0.15328
-0.15328
-0.13412
-0.13412
-0.11496
-0.11496
-0.10538
-0.10538
-0.21076
-0.21076
-0.22992
-0.22992
-0.17244
-0.17244
-0.1437
-0.1437
-0.18202
-0.18202
-0.22034
-0.22034
-0.18202
-0.18202
-0.1437
-0.1437
-0.20118
-0.20118
-0.12454
-0.12454
-0.16286
-0.16286
-0.12454
-0.12454
-0.22992
-0.22992
-0.17244
-0.17244
-0.16286
-0.16286
-0.22034
-0.22034
-0.10538
-0.10538
-0.11496
-0.11496
-0.17244
-0.17244
-0.22034
-0.22034
-0.22992
-0.22992
-0.18202
-0.18202
-0.11496
-0.11496
-0.2395
-0.2395
-0.2395
-0.2395
-0.18202
-0.18202
-0.11496
-0.11496
-0.26824
-0.26824
-0.12454
-0.12454
-0.1916
-0.1916
-0.11496
-0.11496
-0.10538
-0.10538
-0.22992
-0.22992
-0.2395
-0.2395
-0.13412
-0.13412
-0.21076
-0.21076
-0.095801
-0.095801
-0.1437
-0.1437
-0.095801
-0.095801
-0.22034
-0.22034
-0.13412
-0.13412
-0.22992
-0.22992
-0.15328
-0.15328
-0.15328
-0.15328
-0.22992
-0.22992
-0.17244
-0.17244
-0.1916
-0.1916
-0.12454
-0.12454
-0.21076
-0.21076
-0.15328
-0.15328
-0.22992
-0.22992
-0.22992
-0.22992
-0.18202
-0.18202
-0.12454
-0.12454
-0.16286
-0.16286
-0.2395
-0.2395
-0.13412
-0.13412
-0.1437
-0.1437
-0.1437
-0.1437
-0.17244
-0.17244
-0.22992
-0.22992
-0.1437
-0.1437
-0.1437
-0.1437
-0.10538
-0.10538
-0.10538
-0.10538
-0.1437
-0.1437
-0.22992
-0.22992
-0.13412
-0.13412
-0.22034
-0.22034
-0.1916
-0.1916
-0.18202
-0.18202
-0.1916
-0.1916
-0.22034
-0.22034
-0.2395
-0.2395
-0.21076
-0.21076
-0.1916
-0.1916
-0.076641
-0.076641
-0.11496
-0.11496
-0.13412
-0.13412
-0.20118
-0.20118
-0.13412
-0.13412
-0.13412
-0.13412
-0.21076
-0.21076
-0.086221
-0.086221
-0.2395
-0.2395
-0.16286
-0.16286
-0.16286
-0.16286
-0.086221
-0.086221
-0.17244
-0.17244
-0.22992
-0.22992
-0.15328
-0.15328
-0.22034
-0.22034
-0.11496
-0.11496
-0.18202
-0.18202
-0.2395
-0.2395
-0.1437
-0.1437
-0.086221
-0.086221
-0.22992
-0.22992
-0.21076
-0.21076
-0.24908
-0.24908
-0.27782
-0.27782
-0.26824
-0.26824
-0.22992
-0.22992
-0.22992
-0.22992
-0.24908
-0.24908
-0.22034
-0.22034
-0.13412
-0.13412
-0.13412
-0.13412
-0.13412
-0.13412
-0.1916
-0.1916
-0.25866
-0.25866
-0.16286
-0.16286
-0.22992
-0.22992
-0.11496
-0.11496
-0.25866
-0.25866
-0.22034
-0.22034
-0.21076
-0.21076
-0.095801
-0.095801
-0.12454
-0.12454
-0.2395
-0.2395
-0.12454
-0.12454
-0.22992
-0.22992
-0.22034
-0.22034
-0.16286
-0.16286
-0.2395
-0.2395
-0.20118
-0.20118
-0.16286
-0.16286
-0.1437
-0.1437
-0.18202
-0.18202
-0.22992
-0.22992
-0.15328
-0.15328
-0.15328
-0.15328
-0.25866
-0.25866
-0.20118
-0.20118
-0.13412
-0.13412
-0.21076
-0.21076
-0.22034
-0.22034
-0.1437
-0.1437
-0.18202
-0.18202
-0.17244
-0.17244
-0.17244
-0.17244
-0.16286
-0.16286
-0.26824
-0.26824
-0.15328
-0.15328
-0.12454
-0.12454
-0.27782
-0.27782
-0.12454
-0.12454
-0.13412
-0.13412
-0.1437
-0.1437
-0.17244
-0.17244
-0.20118
-0.20118
-0.13412
-0.13412
-0.21076
-0.21076
-0.21076
-0.21076
-0.1437
-0.1437
-0.12454
-0.12454
-0.20118
-0.20118
-0.21076
-0.21076
-0.15328
-0.15328
-0.2395
-0.2395
-0.24908
-0.24908
-0.10538
-0.10538
-0.10538
-0.10538
-0.22992
-0.22992
-0.16286
-0.16286
-0.22992
-0.22992
-0.15328
-0.15328
-0.16286
-0.16286
-0.1916
-0.1916
-0.1437
-0.1437
-0.17244
-0.17244
-0.24908
-0.24908
-0.12454
-0.12454
-0.21076
-0.21076
-0.22034
-0.22034
-0.22992
-0.22992
-0.1437
-0.1437
-0.18202
-0.18202
-0.24908
-0.24908
-0.17244
-0.17244
-0.11496
-0.11496
-0.17244
-0.17244
-0.24908
-0.24908
-0.13412
-0.13412
-0.21076
-0.21076
-0.25866
-0.25866
-0.22034
-0.22034
-0.13412
-0.13412
