0
0.0053263
0.0053263
-0.016512
-0.016512
-0.010919
-0.010919
0.016512
0.016512
0.010919
0.010919
0.0053263
0.0053263
0
0
-0.0053263
-0.0053263
-0.010919
-0.010919
0
0
0.010919
0.010919
-0.022104
-0.022104
0.0053263
0.0053263
0
0
-0.0053263
-0.0053263
0.016512
0.016512
-0.010919
-0.010919
0
0
-0.016512
-0.016512
-0.0053263
-0.0053263
-0.0053263
-0.0053263
-0.016512
-0.016512
0
0
0
0
0.027697
0.027697
0
0
-0.0053263
-0.0053263
-0.0053263
-0.0053263
-0.010919
-0.010919
0.0053263
0.0053263
0.010919
0.010919
0
0
0.010919
0.010919
0
0
-0.010919
-0.010919
0
0
-0.0053263
-0.0053263
0
0
0
0
-0.0053263
-0.0053263
0
0
-0.0053263
-0.0053263
-0.0053263
-0.0053263
0
0
0.0053263
0.0053263
0
0
-0.0053263
-0.0053263
0
0
-0.010919
-0.010919
-0.0053263
-0.0053263
0
0
0.0053263
0.0053263
-0.0053263
-0.0053263
0.0053263
0.0053263
-0.010919
-0.010919
0
0
0.010919
0.010919
0
0
-0.0053263
-0.0053263
0
0
-0.010919
-0.010919
0.0053263
0.0053263
-0.0053263
-0.0053263
-0.010919
-0.010919
-0.016512
-0.016512
-0.016512
-0.016512
0.022104
0.022104
0.010919
0.010919
0.0053263
0.0053263
0.0053263
0.0053263
0.016512
0.016512
0.010919
0.010919
-0.010919
-0.010919
0.0053263
0.0053263
0.010919
0.010919
0.010919
0.010919
0
0
-0.0053263
-0.0053263
0.0053263
0.0053263
-0.016512
-0.016512
0
0
-0.010919
-0.010919
0.010919
0.010919
0.010919
0.010919
0.0053263
0.0053263
0
0
0
0
0
0
0.016512
0.016512
-0.0053263
-0.0053263
-0.0053263
-0.0053263
-0.0053263
-0.0053263
0.0053263
0.0053263
-0.0053263
-0.0053263
-0.0053263
-0.0053263
0
0
-0.0053263
-0.0053263
0
0
-0.010919
-0.010919
-0.0053263
-0.0053263
-0.0053263
-0.0053263
0.0053263
0.0053263
-0.016512
-0.016512
-0.010919
-0.010919
-0.0053263
-0.0053263
-0.010919
-0.010919
0.016512
0.016512
0.010919
0.010919
-0.0053263
-0.0053263
0.0053263
0.0053263
0
0
-0.0053263
-0.0053263
0.0053263
0.0053263
-0.010919
-0.010919
0.0053263
0.0053263
-0.0053263
-0.0053263
0
0
0
0
0.0053263
0.0053263
0
0
-0.0053263
-0.0053263
-0.0053263
-0.0053263
-0.0053263
-0.0053263
-0.0053263
-0.0053263
-0.010919
-0.010919
0
0
-0.010919
-0.010919
-0.010919
-0.010919
-0.0053263
-0.0053263
-0.016512
-0.016512
-0.016512
-0.016512
0
0
-0.0053263
-0.0053263
-0.0053263
-0.0053263
0.0053263
0.0053263
0.0053263
0.0053263
0.0053263
0.0053263
-0.0053263
-0.0053263
0
0
-0.016512
-0.016512
-0.0053263
-0.0053263
-0.0053263
-0.0053263
0
0
-0.016512
-0.016512
0.0053263
0.0053263
-0.010919
-0.010919
0.0053263
0.0053263
-0.0053263
-0.0053263
-0.0053263
-0.0053263
0
0
-0.0053263
-0.0053263
-0.016512
-0.016512
-0.0053263
-0.0053263
0.010919
0.010919
0.010919
0.010919
0.016512
0.016512
0
0
0
0
0
0
0.0053263
0.0053263
-0.0053263
-0.0053263
-0.0053263
0
-0.03329
-0.03329
0.010919
0.010919
0
0
0.0053263
0.0053263
-0.0053263
-0.0053263
0
0
-0.010919
-0.010919
0
0
0
0
-0.0053263
-0.0053263
0
0
0.0053263
0.0053263
0
0
-0.0053263
-0.0053263
0.0053263
0.0053263
0.0053263
0.0053263
-0.0053263
-0.0053263
0
0
-0.0053263
-0.0053263
0.0053263
0.0053263
0
-0.010919
-0.016512
-0.016512
0
0
-0.010919
-0.010919
-0.010919
-0.010919
0
0
0
0
-0.0053263
-0.0053263
-0.0053263
-0.0053263
0.0053263
0.0053263
-0.016512
-0.016512
-0.016512
-0.016512
0.010919
0.010919
-0.016512
-0.016512
0
0
-0.010919
-0.010919
0
0
0.0053263
0.0053263
0.0053263
0.0053263
0
0.0053263
0.0053263
0.0053263
0.0053263
0
0
0.0053263
0.0053263
-0.0053263
-0.0053263
-0.0053263
-0.0053263
-0.016512
-0.016512
-0.0053263
-0.0053263
0
0
-0.0053263
-0.010919
-0.010919
0
0
0.0053263
0.0053263
0
0
0.0053263
0.0053263
0.038882
0.038882
0.094809
0.094809
0.03329
0.03329
0.016512
0.016512
0.03329
0.03329
-0.016512
-0.016512
-0.0053263
-0.061253
-0.061253
-0.03329
-0.03329
0.016512
0.016512
-0.038882
-0.038882
-0.12277
-0.12277
-0.18988
-0.18988
-0.072438
-0.072438
0.03329
0.03329
0.12836
0.12836
0.21758
0.21758
0.34621
0.34621
0.4522
0.4522
0.31825
0.31825
0.022104
0.022104
0.13396
0.13396
0.23436
0.23436
0.32384
0.32384
0.51932
0.51932
-0.1004
-0.1004
-0.48576
-0.48576
-0.34621
-0.34621
-0.31825
-0.31825
-0.59175
-0.59175
-0.89349
-0.89349
-0.8096
-0.8096
-0.44661
-0.44661
-0.05566
-0.05566
0.044475
0.044475
-0.12277
-0.12277
-0.010919
-0.010919
-0.12277
-0.12277
-0.27351
-0.27351
-0.11159
-0.11159
0.050067
0.050067
-0.044475
-0.044475
-0.21199
-0.21199
0.14514
0.14514
0.69242
0.69242
0.59175
0.59175
1.1673
1.1673
1.0946
1.0946
0.55287
0.55287
0.22317
0.22317
0.11159
0.11159
0.1004
0.1004
0.027697
0.027697
-0.010919
-0.010919
0.11718
0.11718
-0.13396
-0.13396
-0.42983
-0.42983
-0.22877
-0.22877
-0.4522
-0.4522
-0.26791
-0.26791
-0.23436
-0.23436
-0.64768
-0.64768
-0.54169
-0.54169
-0.54169
-0.54169
-0.77631
-0.77631
-0.78723
-0.78723
-0.65327
-0.65327
-0.072438
-0.072438
-0.0053263
-0.0053263
0.072438
0.072438
0.11159
0.11159
-0.22877
-0.22877
-0.016512
-0.016512
0.22317
0.22317
0.15073
0.15073
0.10599
0.10599
0.2791
0.2791
0.17311
0.17311
0.027697
0.027697
0.25114
0.25114
0.44102
0.44102
0.83197
0.66446
0.95501
0.95501
0.65327
0.65327
0.31266
0.31266
0.17311
0.17311
0.12277
0.12277
-0.1004
-0.1004
-0.25673
-0.25673
-0.14514
-0.14514
-0.044475
-0.044475
-0.23995
-0.23995
-0.13396
-0.13396
-0.14514
-0.14514
-0.30706
-0.30706
-0.51372
-0.51372
-0.39095
-0.39095
-0.22317
-0.22317
-0.038882
-0.038882
-0.30706
-0.30706
-0.54169
-0.54169
-0.3518
-0.3518
-0.44661
-0.44661
-0.31266
-0.31266
-0.016512
-0.016512
0.16751
0.16751
0.11159
0.11159
0.1787
0.1787
0.24554
0.24554
0.078031
0.078031
0.18429
0.18429
0.010919
0.010919
0.050067
0.050067
-0.038882
-0.038882
0.30706
0.30706
0.18988
0.18988
-0.027697
-0.027697
0.18429
0.18429
0.25673
0.25673
0.36858
0.36858
0.3574
0.3574
0.48576
0.48576
0.28469
0.28469
0.15633
0.15633
-0.083623
-0.083623
-0.13955
-0.13955
-0.19548
-0.19548
-0.16192
-0.16192
-0.15633
-0.15633
0.12836
0.12836
-0.12836
-0.12836
-0.34062
-0.34062
-0.31266
-0.31266
-0.12277
-0.12277
-0.022104
-0.022104
-0.69801
-0.69801
-0.62531
-0.62531
-0.31825
-0.31825
-0.46898
-0.59175
-0.22317
-0.22317
-0.078031
-0.078031
-0.061253
-0.061253
0.016512
0.016512
0.44661
0.44661
0.21758
0.21758
-0.016512
-0.016512
0.12836
0.12836
0.26232
0.20639
0.18429
0.18429
0.13955
0.13955
-0.016512
-0.016512
-0.089216
-0.089216
0.17311
0.17311
0.37417
0.37417
0.42424
0.42424
0.46339
0.46339
0.61412
0.61412
0.41865
0.16751
0.022104
0.022104
-0.19548
-0.19548
-0.30147
-0.30147
-0.11159
-0.11159
-0.022104
-0.022104
-0.16751
-0.16751
-0.12277
-0.12277
-0.010919
-0.34621
-0.21199
-0.21199
0.0053263
0.0053263
0.13396
0.13396
-0.23995
-0.23995
-0.52491
-0.52491
-0.34621
-0.34621
-0.44102
-0.44102
-0.69801
-0.22317
0.038882
0.038882
0.010919
0.010919
0.22877
0.22877
0.23436
0.23436
0.17311
0.17311
-0.016512
-0.016512
0.15633
0.15633
0.21199
0.21199
0.03329
0.03329
0.21758
0.21758
0.03329
0.03329
-0.11159
-0.11159
0.016512
0.016512
0.41865
0.41865
0.41306
0.41306
0.42983
0.42983
0.59735
0.59735
0.50254
0.50254
-0.016512
-0.016512
-0.2791
-0.2791
-0.23436
-0.23436
-0.15073
-0.15073
-0.022104
-0.022104
-0.17311
-0.17311
0.1004
0.1004
0.0053263
0.0053263
-0.28469
-0.28469
-0.28469
-0.28469
0.044475
0.044475
-0.36299
-0.36299
-0.40187
-0.40187
-0.29028
-0.29028
-0.36858
-0.36858
-0.61972
-0.61972
-0.56406
-0.56406
-0.13955
-0.13955
0.066845
0.066845
0.022104
0.022104
0.24554
0.24554
-0.066845
-0.066845
0.16751
0.16751
0.11159
0.11159
0.038882
0.038882
0.12277
0.12277
0.26232
0.26232
0.11718
0.11718
-0.016512
-0.016512
-0.083623
-0.083623
0.2791
0.2791
0.49695
0.49695
0.42983
0.42983
0.41865
0.41865
0.67005
0.67005
0.6309
0.6309
0.30147
0.30147
0.11159
0.11159
-0.072438
-0.072438
-0.17311
-0.17311
-0.29028
-0.29028
-0.18988
-0.18988
-0.12836
-0.12836
-0.12277
-0.12277
0.016512
0.016512
0.0053263
0.0053263
-0.23436
-0.23436
-0.36858
-0.36858
-0.11159
-0.11159
0.13955
0.13955
0.094809
0.094809
-0.46898
-0.46898
-0.49135
-0.49135
-0.30706
-0.30706
-0.31825
-0.31825
-0.5305
-0.5305
-0.59175
-0.59175
-0.34062
-0.34062
0.083623
0.083623
0.089216
0.089216
0.038882
0.038882
0.26232
0.26232
0.21758
0.21758
0.05566
0.05566
0.12277
0.12277
0.21758
0.21758
0.022104
0.022104
0.03329
0.03329
0.33503
0.33503
0.10599
0.10599
-0.05566
-0.05566
-0.3574
-0.3574
0.27351
0.27351
0.40746
0.40746
0.37977
0.37977
0.40746
0.54728
0.18988
0.18988
-0.010919
-0.010919
-0.066845
-0.066845
-0.23436
-0.23436
-0.21758
-0.21758
-0.18429
-0.18429
-0.089216
-0.089216
0.094809
0.094809
0.05566
-0.13955
-0.28469
-0.28469
-0.18988
-0.18988
0
0
0.11718
0.11718
-0.21758
-0.21758
-0.44102
-0.44102
-0.36299
-0.36299
-0.50813
-0.50813
-0.22877
-0.22877
0.0053263
0.0053263
0.016512
0.016512
0.089216
0.089216
0.22877
0.22877
0.1787
0.1787
0.044475
0.044475
0.26232
0.26232
0.16192
0.16192
0.050067
0.26791
0.10599
0.10599
-0.0053263
-0.0053263
-0.072438
-0.072438
0.24554
0.24554
0.26791
0.26791
0.37417
0.37417
0.4522
0.4522
0.26791
0.26791
0.10599
0.10599
-0.10599
-0.10599
-0.2791
-0.2791
-0.22877
-0.22877
-0.022104
-0.022104
-0.10599
-0.10599
-0.038882
-0.038882
-0.21199
-0.21199
-0.34621
-0.34621
-0.16192
-0.16192
0.1787
0.1787
0.29028
0.29028
-0.3574
-0.3574
-0.48576
-0.48576
-0.2791
-0.2791
-0.47458
-0.47458
-0.31825
-0.31825
-0.11718
-0.11718
-0.0053263
-0.0053263
0.089216
0.089216
0.1787
0.1787
0.31825
0.31825
0.089216
0.089216
0.1787
0.1004
0.1004
0.027697
0.027697
0.28469
0.28469
0.11159
0.11159
-0.12836
-0.12836
-0.11718
-0.11718
0.21199
0.21199
0.39095
0.39095
0.39095
0.39095
0.40187
0.40187
0.3518
0.3518
0.13955
0.13955
-0.2008
-0.2008
-0.29588
-0.29588
-0.30706
-0.30706
-0.027697
-0.027697
-0.083623
-0.083623
0.066845
-0.078031
-0.078031
-0.27351
-0.27351
-0.27351
-0.27351
-0.18429
-0.18429
0.089216
0.089216
0.1787
0.1787
-0.32943
-0.32943
-0.48017
-0.48017
-0.28469
-0.47458
-0.47458
-0.51372
-0.51372
-0.19548
-0.19548
0.11159
0.11159
0.061253
0.061253
0.11159
0.11159
0.30147
0.30147
0.10599
0.10599
0.10599
0.10599
0.078031
0.078031
0.10599
0.10599
0.28469
0.28469
0
0
-0.078031
-0.078031
-0.038882
-0.038882
0.050067
0.050067
0.39095
0.39095
0.26791
0.26791
0.5305
0.56965
0.56965
0.13396
0.13396
0.072438
0.072438
-0.15073
-0.15073
-0.16751
-0.16751
-0.2008
-0.2008
-0.14514
-0.14514
-0.12277
-0.027697
0.03329
0.03329
-0.1787
-0.1787
-0.24554
-0.24554
-0.066845
-0.066845
0.027697
0.027697
0.15073
0.15073
-0.32384
-0.32384
-0.48576
-0.48576
-0.36858
-0.60294
-0.54728
-0.54728
-0.26791
-0.26791
-0.050067
-0.050067
0.03329
0.03329
0.11718
0.11718
0.2791
0.2791
0.19548
0.19548
0.11718
0.11718
0.31266
0.31266
0.03329
0.05566
0.05566
0.25114
0.25114
0.078031
0.078031
-0.15073
-0.15073
-0.078031
-0.078031
0.43543
0.43543
0.39628
0.39628
0.29588
0.29588
0.41865
0.41865
0.55287
0.55287
0.46898
0.46898
0.39628
0.39628
-0.14514
-0.14514
-0.2008
-0.2008
-0.24554
-0.24554
-0.18988
-0.18988
-0.20639
-0.083623
-0.083623
-0.038882
-0.038882
-0.14514
-0.14514
-0.29588
-0.29588
-0.25673
-0.25673
-0.16192
-0.16192
0.15633
0.15633
0.14514
0.14514
-0.39095
-0.39095
-0.54169
-0.54169
-0.22317
-0.22317
-0.33503
-0.33503
-0.46339
-0.46339
-0.47458
-0.47458
-0.13955
-0.13955
-0.061253
-0.061253
0.089216
0.089216
0.10599
0.10599
0.26232
0.26232
0.28469
0.28469
0.010919
0.010919
0.25673
0.25673
-0.010919
-0.010919
0.061253
0.061253
0.072438
0.072438
0.31266
0.31266
0.12277
0.12277
-0.15633
-0.15633
-0.12277
-0.12277
0.066845
0.066845
0.29028
0.29028
0.3518
0.3518
0.40187
0.40187
0.49695
0.49695
0.51372
0.51372
0.34621
0.34621
-0.010919
-0.010919
-0.16751
-0.16751
-0.23436
-0.23436
-0.2008
-0.2008
-0.094809
-0.094809
-0.094809
-0.094809
0.072438
0.072438
0.05566
0.05566
0.027697
0.027697
-0.21758
-0.21758
-0.25673
-0.25673
-0.094809
-0.094809
0.044475
0.044475
0.16192
0.16192
-0.21758
-0.21758
-0.29028
-0.29028
-0.36299
-0.36299
-0.39628
-0.39628
-0.42983
-0.42983
-0.51372
-0.51372
-0.22877
-0.22877
0.027697
0.027697
0.15633
0.15633
0.11718
0.11718
0.13955
0.13955
0.11159
0.11159
-0.066845
-0.066845
0.11718
0.11718
-0.078031
-0.078031
-0.12277
-0.12277
0.03329
0.03329
0.30706
0.30706
-0.25673
-0.25673
-0.2791
-0.2791
0.31266
0.31266
0.42983
0.42983
0.3574
0.3574
0.42983
0.42983
0.60294
0.60294
0.80401
0.80401
0.56406
0.56406
0.18429
0.18429
0.18429
0.18429
0
0
0.0053263
0.0053263
-0.18988
-0.18988
-0.29028
-0.29028
-0.15073
-0.15073
-0.0053263
-0.0053263
-0.12836
-0.12836
0.15633
0.15633
-0.061253
-0.061253
-0.33503
-0.33503
-0.27351
-0.27351
-0.061253
-0.061253
0.16751
0.16751
-0.37417
-0.37417
-0.58643
-0.58643
-0.59735
-0.59735
-0.37977
-0.37977
-0.54169
-0.54169
-0.43543
-0.43543
-0.2008
-0.2008
0.027697
0.027697
0.027697
0.027697
0.03329
0.03329
0.17311
0.17311
0.022104
0.022104
-0.027697
-0.027697
0.2008
0.2008
-0.13955
-0.13955
-0.1004
-0.1004
0.15633
0.15633
0.39628
0.39628
-0.022104
-0.022104
-0.094809
-0.094809
0.094809
0.094809
0.62531
0.62531
0.30147
0.30147
0.36299
0.36299
0.50254
0.50254
0.7819
0.7819
-0.15073
-0.15073
0.19548
0.19548
0.089216
0.089216
-0.05566
-0.05566
-0.21199
-0.21199
-0.34062
-0.34062
-0.066845
-0.066845
-0.1787
-0.1787
-0.37977
-0.37977
-0.22317
-0.22317
0.027697
0.027697
-0.23995
-0.23995
-0.46898
-0.46898
-0.31266
-0.31266
-0.2791
-0.2791
0.022104
0.022104
-0.22317
-0.22317
-0.42424
-0.42424
-0.38536
-0.38536
-0.27351
-0.27351
-0.28469
-0.28469
-0.30706
-0.30706
-0.15633
-0.15633
0.18429
0.18429
0.25114
0.25114
0.089216
0.089216
0.18988
0.18988
-0.010919
-0.010919
0.1004
0.1004
0
0
-0.050067
-0.050067
0.10599
0.10599
0.05566
0.05566
0.18429
0.18429
-0.038882
-0.038882
-0.31266
-0.31266
0.094809
0.094809
0.54728
0.54728
0.34062
0.34062
0.27351
0.27351
0.27351
0.27351
0.7092
0.7092
0.4578
0.4578
0.13955
0.13955
0.11718
0.11718
-0.28469
-0.28469
-0.1787
-0.1787
-0.31825
-0.31825
-0.28469
-0.28469
-0.18429
-0.18429
-0.11718
-0.11718
-0.022104
-0.022104
0.0053263
0.0053263
-0.2008
-0.2008
-0.29588
-0.29588
-0.26791
-0.26791
-0.28469
-0.28469
-0.022104
-0.022104
-0.050067
-0.050067
-0.22317
-0.22317
-0.24554
-0.24554
-0.11718
-0.11718
-0.16751
-0.16751
-0.23436
-0.23436
-0.072438
-0.072438
0.16192
0.16192
0.18988
0.18988
0.16751
0.16751
0.19548
0.19548
0.044475
0.044475
-0.05566
-0.05566
-0.083623
-0.083623
0.078031
0.078031
0.12836
0.12836
0.05566
0.05566
0.1787
0.1787
-0.094809
-0.094809
-0.27351
-0.27351
-0.083623
-0.083623
0.19548
0.19548
0.36299
0.36299
0.2008
0.2008
0.27351
0.27351
0.6309
0.6309
0.58643
0.58643
0.32384
0.32384
-0.03329
-0.03329
-0.16192
-0.16192
-0.18429
-0.18429
-0.18429
-0.18429
-0.22317
-0.22317
-0.23436
-0.23436
-0.1787
-0.1787
0.010919
0.010919
0.1004
0.1004
-0.11159
-0.11159
-0.12277
-0.12277
-0.23436
-0.23436
-0.24554
-0.24554
-0.25673
-0.25673
-0.15073
-0.15073
-0.34062
-0.34062
-0.32943
-0.32943
-0.23995
-0.23995
-0.26791
-0.26791
-0.29028
-0.29028
-0.14514
-0.14514
0.1004
0.1004
0.19548
0.19548
0.13955
0.13955
0.18988
0.18988
0.061253
0.061253
0.027697
0.027697
0.038882
0.038882
-0.083623
-0.083623
0.050067
0.050067
0.23436
0.23436
0.41306
0.41306
0.044475
0.044475
-0.16192
-0.16192
-0.11159
-0.11159
0.044475
0.044475
0.22317
0.22317
0.16751
0.16751
0.25673
0.25673
0.41865
0.41865
0.43543
0.43543
0.22877
0.22877
-0.072438
-0.072438
-0.23436
-0.23436
-0.30706
-0.30706
-0.23995
-0.23995
-0.16751
-0.16751
-0.1004
-0.1004
0
0
0.089216
0.089216
0.022104
0.022104
-0.26232
-0.26232
-0.39095
-0.39095
-0.3518
-0.3518
-0.12277
-0.12277
-0.010919
-0.010919
-0.13396
-0.13396
-0.22317
-0.22317
-0.16192
-0.16192
0
0
-0.18429
-0.18429
-0.21199
-0.21199
-0.094809
-0.094809
0.13955
0.13955
0.038882
0.038882
0.11159
0.11159
-0.016512
-0.016512
-0.1004
-0.1004
-0.0053263
-0.0053263
0.016512
0.016512
0.050067
0.050067
0.027697
0.027697
0.066845
0.066845
0.29028
0.29028
0.016512
0.016512
-0.089216
-0.089216
0.016512
0.016512
0.29588
0.29588
0.25114
0.25114
0.29588
0.29588
0.25114
0.25114
0.44661
0.44661
0.55846
0.55846
0.13396
0.13396
-0.061253
-0.061253
-0.11718
-0.11718
-0.2008
-0.2008
-0.22877
-0.22877
-0.19548
-0.19548
-0.072438
-0.072438
-0.17311
-0.17311
-0.11718
-0.11718
-0.0053263
-0.0053263
-0.27351
-0.27351
-0.41865
-0.41865
-0.33503
-0.33503
-0.16751
-0.16751
-0.12836
-0.12836
-0.16192
-0.16192
-0.2008
-0.2008
-0.089216
-0.089216
-0.17311
-0.17311
-0.26232
-0.26232
-0.11159
-0.11159
-0.1004
-0.1004
0.089216
0.089216
0.22317
0.22317
0.16751
0.16751
-0.21199
-0.21199
0.094809
0.094809
0.010919
0.010919
0.050067
0.050067
0.11159
0.11159
-0.016512
-0.016512
0.26791
0.26791
0.25673
0.25673
0.1004
0.1004
-0.038882
-0.038882
-0.061253
-0.061253
0.078031
0.078031
0.11159
0.11159
0.22877
0.22877
0.24554
0.24554
0.42424
0.42424
0.47458
0.47458
0.21758
0.21758
-0.066845
-0.066845
-0.23436
-0.23436
-0.27351
-0.27351
-0.2008
-0.2008
-0.19548
-0.19548
-0.11159
-0.11159
-0.022104
-0.022104
0.022104
0.022104
0.010919
0.010919
-0.20639
-0.20639
-0.36858
-0.36858
-0.33503
-0.33503
-0.089216
-0.089216
0.078031
0.078031
-0.072438
-0.072438
-0.20639
-0.20639
-0.13396
-0.13396
0.0053263
0.0053263
-0.083623
-0.083623
-0.26232
-0.26232
-0.05566
-0.05566
0.13955
0.13955
0.16192
0.16192
0.11718
0.11718
0.12836
0.12836
0.010919
0.010919
-0.03329
-0.03329
-0.10599
-0.10599
0.14514
0.14514
0.12277
0.12277
0.10599
0.10599
0.17311
0.17311
-0.03329
-0.03329
-0.22317
-0.22317
-0.15073
-0.15073
-0.010919
-0.010919
0.2008
0.2008
0.2791
0.2791
0.23995
0.23995
0.40187
0.40187
0.51932
0.51932
0.31266
0.31266
-0.15073
-0.15073
-0.3574
-0.3574
-0.038882
-0.038882
-0.089216
-0.089216
-0.05566
-0.05566
-0.10599
-0.10599
-0.072438
-0.072438
0.13396
0.13396
0.027697
0.027697
-0.33503
-0.33503
-0.27351
-0.27351
-0.17311
-0.17311
-0.16192
-0.16192
0.022104
0.022104
-0.078031
-0.078031
-0.19548
-0.19548
-0.1787
-0.1787
-0.083623
-0.083623
-0.16751
-0.16751
-0.23995
-0.23995
-0.18988
-0.18988
0.11718
0.11718
0.18988
0.18988
0.15633
0.15633
0.24554
0.24554
0.03329
0.03329
0.027697
0.027697
-0.078031
-0.078031
-0.20639
-0.20639
-0.089216
-0.089216
-0.0053263
-0.0053263
0.11718
0.11718
-0.089216
-0.089216
-0.28469
-0.28469
-0.30147
-0.30147
-0.22317
-0.22317
0.22877
0.22877
0.19548
0.19548
0.34062
0.34062
0.59735
0.59735
0.61972
0.61972
0.37977
0.37977
0.22317
0.22317
0.078031
0.078031
0.083623
0.083623
0.0053263
0.0053263
-0.13955
-0.13955
-0.24554
-0.24554
-0.31266
-0.31266
-0.30706
-0.30706
-0.30147
-0.30147
-0.29588
-0.29588
-0.26791
-0.26791
-0.12836
-0.12836
-0.061253
-0.061253
-0.016512
-0.016512
0.066845
0.066845
0.13955
0.13955
0.17311
0.17311
0.18988
0.18988
0.15073
0.15073
0.078031
0.078031
0.027697
0.027697
0.03329
0.03329
-0.022104
-0.022104
-0.050067
-0.050067
-0.050067
-0.050067
-0.05566
-0.05566
-0.03329
-0.03329
-0.016512
-0.016512
-0.022104
-0.022104
-0.010919
-0.010919
0.027697
0.027697
-0.0053263
-0.0053263
0
0
-0.010919
-0.010919
-0.010919
-0.010919
0.010919
0.010919
0.010919
0.010919
0.0053263
0.0053263
-0.010919
-0.010919
-0.016512
-0.016512
0.010919
0.010919
0.016512
0.016512
-0.022104
-0.022104
-0.010919
-0.010919
0.016512
0.016512
-0.0053263
-0.0053263
0
0
0.016512
0.016512
-0.022104
-0.022104
-0.0053263
-0.0053263
0.010919
0.010919
-0.022104
-0.022104
0.0053263
0.0053263
0.010919
0.010919
0
0
-0.016512
-0.016512
0
0
0
0
0.016512
0.016512
-0.010919
-0.010919
-0.016512
-0.016512
-0.010919
-0.010919
-0.0053263
-0.0053263
-0.0053263
-0.0053263
0
0
-0.0053263
-0.0053263
0
0
0.010919
0.010919
-0.0053263
-0.0053263
0.016512
0.016512
-0.0053263
-0.0053263
-0.03329
-0.03329
-0.010919
-0.010919
-0.0053263
-0.0053263
0.010919
0.010919
0.016512
0.016512
0
0
-0.0053263
-0.0053263
0.0053263
0.0053263
0
0
0.0053263
0.0053263
-0.010919
-0.010919
-0.016512
-0.016512
-0.016512
-0.016512
-0.022104
-0.022104
-0.010919
-0.010919
-0.016512
-0.016512
0
0
-0.016512
-0.016512
-0.016512
-0.016512
-0.0053263
-0.0053263
0
0
0.010919
0.010919
-0.0053263
-0.0053263
0.010919
0.010919
0.010919
0.010919
0.022104
0.022104
0
0
-0.0053263
-0.0053263
0.0053263
0.0053263
0.022104
0.022104
0.010919
0.010919
0.0053263
0.0053263
0.010919
0.010919
0
0
-0.016512
-0.016512
-0.010919
-0.010919
0
0
-0.0053263
-0.0053263
0.0053263
0.0053263
-0.016512
-0.0053263
-0.0053263
-0.0053263
-0.010919
-0.010919
0.010919
0.010919
-0.016512
-0.016512
0.0053263
0.0053263
-0.010919
-0.010919
0.010919
0.010919
0.0053263
0.0053263
-0.0053263
-0.0053263
-0.0053263
-0.0053263
-0.016512
-0.016512
-0.0053263
-0.0053263
-0.010919
-0.010919
-0.016512
-0.016512
-0.010919
-0.010919
0.010919
0.010919
0.022104
0.022104
0.0053263
0.0053263
-0.022104
-0.022104
-0.0053263
-0.0053263
0.0053263
0.0053263
-0.010919
-0.010919
0
0
-0.010919
-0.010919
-0.010919
-0.0053263
-0.0053263
0.0053263
0.0053263
-0.0053263
-0.0053263
0
0
-0.0053263
-0.0053263
-0.016512
-0.016512
0.0053263
0.0053263
-0.010919
-0.010919
0.0053263
-0.0053263
-0.0053263
-0.0053263
-0.0053263
0
0
0.0053263
0.0053263
0.0053263
0.0053263
0
0
-0.0053263
-0.0053263
0.010919
0.010919
-0.016512
-0.016512
0
0
-0.0053263
-0.0053263
0.0053263
0.0053263
0
0
0.016512
0.016512
0.010919
0.010919
0.010919
0.010919
0
0
-0.010919
-0.010919
0
0
0
0
-0.05566
-0.05566
-0.089216
-0.089216
-0.12836
-0.12836
-0.10599
-0.10599
-0.072438
-0.072438
-0.066845
-0.066845
0.016512
0.016512
0.010919
0.010919
-0.038882
-0.038882
0.066845
0.066845
0.18429
0.18429
0.25673
0.25673
0.25673
0.25673
-0.050067
-0.050067
-0.1004
-0.1004
-0.23995
-0.23995
-0.32384
-0.19548
0.044475
0.044475
-0.078031
-0.078031
-0.14514
-0.14514
-0.31266
-0.31266
-0.60294
-0.60294
0.022104
0.022104
0.50813
0.50813
0.2791
0.2791
0.23436
0.23436
0.61972
0.61972
0.37417
0.37417
-0.027697
-0.027697
0
0
-0.022104
-0.022104
0.1004
0.1004
0.038882
0.038882
-0.15633
-0.15633
0.15633
-0.16192
-0.30706
-0.30706
-0.16192
-0.16192
-0.094809
-0.094809
0.050067
0.050067
-0.64768
-0.64768
-0.60853
-0.60853
-0.46339
-0.46339
-0.60294
-0.60294
-0.69801
-0.69801
-0.15633
-0.15633
-0.05566
-0.05566
0.038882
0.038882
0.23995
0.23995
0.20639
0.20639
0.37977
0.37977
0.089216
0.089216
0.37417
0.37417
0.016512
0.016512
0.37977
0.37977
0.094809
0.094809
-0.03329
-0.03329
0.50813
0.50813
0.37977
0.37977
0.60294
0.60294
0.52491
0.52491
0.70361
0.2791
0.18988
0.18988
0.078031
0.078031
-0.18429
-0.18429
-0.3518
-0.3518
-0.17311
-0.17311
-0.1004
-0.1004
-0.21758
-0.21758
-0.17311
-0.17311
-0.21199
-0.21199
-0.43543
-0.43543
-0.51932
-0.51932
-0.089216
-0.089216
-0.078031
-0.078031
-0.40187
-0.40187
-0.26232
-0.26232
-0.22877
-0.22877
-0.19548
-0.19548
-0.29028
-0.29028
0
0
0.1787
0.1787
0.25114
0.25114
0.30147
0.30147
0.26232
0.26232
0.26232
0.26232
-0.0053263
-0.0053263
0.21758
0.21758
0.061253
0.061253
0.083623
0.083623
0.16192
0.16192
0.32943
0.32943
0.23436
0.23436
-0.010919
-0.010919
0.0053263
0.39628
0.16192
0.16192
0.17311
0.17311
0.3518
0.3518
0.34062
0.34062
0.1787
0.1787
-0.027697
-0.027697
-0.1787
-0.1787
-0.31825
-0.31825
-0.28469
0.061253
-0.12836
-0.12836
0.13396
0.13396
0.066845
0.066845
-0.25673
-0.25673
-0.30147
-0.30147
-0.67564
-0.67564
-0.13955
-0.13955
0.044475
0.044475
-0.43543
-0.43543
-0.39095
-0.39095
-0.68124
-0.68124
-0.33503
-0.33503
-0.1787
-0.1787
-0.11159
-0.11159
-0.044475
-0.044475
0.061253
0.061253
0.28469
0.28469
0.1787
0.1787
0.038882
0.038882
0.083623
0.083623
0.10599
0.19548
0.19548
0.32943
0.32943
0.37417
0.37417
0.083623
0.083623
-0.1004
-0.1004
0.37977
0.37977
0.48017
0.48017
0.40746
0.40746
0.28469
0.28469
0.49135
0.49135
0.49135
0.49135
0.15633
0.15633
-0.089216
-0.089216
-0.11718
-0.11718
-0.24554
-0.24554
-0.31266
-0.31266
-0.038882
-0.038882
-0.1004
-0.1004
-0.050067
-0.050067
-0.10599
-0.10599
-0.1787
-0.1787
-0.31266
-0.31266
-0.31266
-0.31266
-0.33503
-0.33503
-0.066845
-0.066845
0.072438
0.072438
-0.24554
-0.24554
-0.38536
-0.38536
-0.18988
-0.18988
-0.36299
-0.36299
-0.42983
-0.42983
-0.28469
-0.28469
-0.1787
-0.1787
-0.027697
-0.027697
0.044475
0.044475
0.22877
0.22877
0.2791
0.2791
0.22877
0.22877
0.089216
0.089216
0.16192
0.16192
0.18429
0.18429
0.066845
0.066845
0.12836
0.12836
0.32384
0.32384
0.25673
0.25673
0.066845
0.066845
-0.016512
-0.016512
0.32384
0.32384
0.027697
0.027697
0.36858
0.36858
0.26232
0.26232
0.50254
0.50254
0.49135
0.49135
0.23995
0.23995
0.010919
0.010919
-0.05566
-0.05566
-0.29028
-0.29028
-0.31266
-0.31266
-0.15073
-0.15073
-0.094809
-0.094809
-0.23995
-0.23995
0.061253
0.061253
-0.05566
-0.05566
-0.36299
-0.36299
-0.34062
-0.34062
-0.26791
-0.26791
-0.05566
-0.05566
0.016512
0.016512
-1.2341
-1.2341
-0.36858
-0.36858
-0.19548
-0.19548
-0.40187
-0.40187
-0.50813
-0.50813
-0.30147
-0.30147
-0.2008
-0.2008
-0.038882
-0.038882
-0.022104
-0.022104
0.14514
0.14514
0.29028
0.29028
0.23436
0.23436
0.12836
0.12836
0.1787
0.1787
0.16751
0.16751
0.1004
0.1004
0.13396
0.13396
0.3518
0.3518
0.25114
0.25114
0.0053263
0.0053263
-0.29028
-0.29028
0.25673
0.25673
0.4522
0.4522
0.36858
0.36858
0.3518
0.3518
0.60294
0.60294
0.56406
0.56406
0.29028
0.29028
0.016512
0.016512
-0.1004
-0.1004
-0.31266
-0.31266
-0.27351
-0.27351
-0.18988
-0.18988
-0.094809
-0.094809
-0.2008
-0.2008
0.016512
0.016512
-0.050067
-0.050067
-0.3574
-0.3574
1.29
1.29
-0.25673
-0.25673
-0.14514
-0.14514
-0.0053263
-0.0053263
-0.32943
-0.32943
-0.49135
-0.49135
-0.28469
-0.28469
-0.37977
-0.37977
-0.51372
-0.51372
-0.31266
-0.31266
-0.094809
-0.094809
-0.066845
-0.066845
0.010919
0.010919
0.2008
0.2008
0.34062
0.34062
0.22877
0.22877
0.094809
0.094809
0.21199
0.21199
0.19548
0.19548
0.078031
0.078031
0.18988
0.18988
0.42983
0.42983
0.26232
0.26232
0.089216
0.089216
-0.05566
-0.05566
0.40746
0.40746
0.51932
0.51932
0.31825
0.31825
0.21758
0.21758
0.42424
0.42424
0.11718
0.11718
0.13396
0.13396
-0.010919
-0.2008
-0.21758
-0.21758
-0.32384
-0.32384
-0.1004
-0.1004
-0.050067
-0.050067
0.044475
0.044475
-0.078031
-0.078031
-0.30147
-0.30147
-0.3518
-0.3518
0.10599
0.10599
-0.39628
-0.39628
-0.58643
-0.58643
-0.42424
-0.42424
-0.19548
-0.19548
-0.34621
-0.34621
-0.50813
-0.50813
-0.22317
-0.22317
0.022104
0.022104
0.089216
0.089216
0.1004
0.1004
0.26232
0.26232
0.13955
0.13396
0.13955
0.13955
0.066845
0.066845
0.11159
0.11159
0.37977
0.37977
0.31266
0.31266
0.072438
0.072438
-0.17311
-0.17311
0.41865
0.41865
0.51932
0.51932
0.34621
0.34621
0.24554
0.51932
0.18429
0.18429
0.027697
0.027697
-0.11159
-0.11159
-0.15633
-0.15633
-0.23436
-0.23436
-0.10599
-0.10599
-0.10599
-0.10599
-0.038882
-0.038882
-0.010919
-0.010919
-0.027697
-0.027697
-0.36858
-0.36858
-0.25673
-0.25673
-0.18988
-0.18988
-0.038882
-0.038882
0.18429
0.18429
-0.46898
-0.46898
-0.4522
-0.39095
-0.5305
-0.5305
-0.39095
-0.39095
-0.22317
-0.22317
0.016512
0.016512
-0.0053263
-0.0053263
0.072438
0.072438
0.22317
0.22317
0.19548
0.19548
-0.010919
-0.010919
0.083623
0.083623
0.19548
0.19548
0.078031
0.078031
0.10599
0.10599
0.3518
0.3518
0.29028
0.29028
0.0053263
0.0053263
0.64209
0.23995
0.27351
0.27351
0.32943
0.32943
0.59175
0.59175
0.39095
0.39095
0.15073
0.15073
-0.0053263
-0.0053263
-0.11159
-0.11159
-0.25673
-0.25673
-0.29028
-0.29028
-0.3518
-0.3518
-0.15633
-0.15633
-0.061253
-0.061253
0.18988
0.18988
0.0053263
0.0053263
-0.38536
-0.38536
-0.27351
-0.27351
-0.13955
-0.13955
-0.0053263
-0.0053263
0.089216
0.089216
-0.3518
-0.3518
-0.29028
-0.29028
-0.49135
-0.49135
-0.46339
-0.46339
-0.20639
-0.20639
0.089216
0.089216
0.027697
0.027697
0.072438
0.072438
0.26791
0.26791
0.13396
0.13396
0.14514
0.14514
0.12277
0.12277
0.11718
0.11718
0.10599
0.10599
0.15073
0.15073
0.32943
0.32943
0.26232
0.26232
-0.03329
-0.03329
-0.76513
0.41865
0.30706
0.30706
0.2791
0.2791
0.4578
0.4578
0.38536
0.38536
0.13955
0.13955
0.066845
0.066845
-0.21758
-0.21758
-0.36858
-0.36858
-0.23995
-0.23995
-0.23436
-0.23436
-0.11718
-0.11718
-0.26791
-0.26791
0.11159
0.11159
-0.10599
-0.10599
-0.64768
-0.64768
-0.26232
-0.26232
-0.18429
-0.18429
-0.33503
-0.33503
-0.57524
-0.57524
-0.14514
-0.14514
-0.30706
-0.30706
-0.51932
-0.51932
-0.51372
-0.51372
-0.18429
-0.18429
0.044475
0.044475
-0.016512
-0.016512
0.010919
0.010919
0.20639
0.20639
0.2008
0.2008
0.10599
0.10599
0.14514
0.14514
0.1004
0.1004
0.18988
0.18988
0.16192
0.16192
0.31266
0.31266
0.20639
0.20639
0.016512
0.016512
-0.22877
-0.22877
0.30147
0.30147
0.27351
0.27351
0.55287
0.55287
0.51372
0.51372
0.15073
0.15073
-0.050067
-0.050067
-0.18988
-0.18988
-0.16751
-0.16751
-0.22877
-0.22877
0.41306
0.41306
-0.078031
-0.078031
-0.083623
-0.083623
-0.027697
-0.027697
-0.022104
-0.022104
-0.26791
-0.26791
-0.078031
-0.078031
-0.16192
-0.16192
0.044475
0.044475
0.16751
0.16751
-0.23436
-0.23436
-0.39628
-0.39628
-0.30706
-0.30706
-0.34621
-0.34621
-0.50254
-0.50254
-0.50813
-0.50813
-0.25114
-0.25114
0.03329
0.03329
-0.016512
-0.016512
0.027697
0.027697
0.25114
0.25114
0.18988
0.18988
0.044475
0.044475
0.1004
0.1004
0.15633
0.15633
0
0
0.10599
0.10599
0.31266
0.31266
0.1787
0.1787
-0.03329
-0.03329
0.27351
0.27351
0.26791
0.26791
0.40746
0.40746
0.31825
0.31825
0.31825
0.31825
0.50813
0.50813
0.3574
0.3574
0.1787
0.1787
0.044475
0.044475
-0.10599
-0.10599
-0.21758
-0.21758
-0.31266
-0.31266
-0.11159
-0.11159
-0.15633
-0.15633
-0.1004
-0.1004
0.061253
0.061253
-0.083623
-0.083623
-0.32943
-0.32943
-0.34062
-0.34062
-0.23995
-0.23995
-0.11159
-0.11159
0.15633
0.15633
-0.23436
-0.23436
-0.41306
-0.41306
-0.26232
-0.26232
-0.25114
-0.25114
-0.48017
-0.48017
-0.41306
-0.41306
-0.12836
-0.12836
-0.027697
-0.027697
-0.010919
-0.010919
0.15633
0.15633
0.30147
0.30147
0.47458
0.47458
-0.05566
-0.05566
0.30147
0.30147
0.21758
0.21758
-0.0053263
-0.0053263
0.17311
0.17311
0.32943
0.32943
0.18988
0.18988
0.016512
0.016512
0.072438
0.072438
0.16192
0.16192
0.41865
0.41865
0.25673
0.25673
0.29028
0.29028
0.4578
0.4578
0.44661
0.44661
0.60853
0.60853
0
0
-0.12277
-0.12277
-0.19548
-0.19548
-0.23436
-0.23436
-0.19548
-0.19548
0.038882
0.038882
-0.24554
-0.24554
-0.022104
-0.022104
0.03329
0.03329
-0.2791
-0.2791
-0.30147
-0.30147
-0.26791
-0.26791
-0.044475
-0.044475
0.10599
0.10599
-0.23436
-0.23436
-0.42424
-0.42424
-0.34621
-0.34621
-0.43543
-0.43543
-0.5305
-0.5305
-0.43543
-0.43543
-0.21758
-0.21758
-0.089216
-0.089216
-0.03329
-0.03329
0.094809
0.094809
0.37977
0.37977
0.21199
0.21199
0.10599
0.10599
0.15073
0.15073
0.17311
0.17311
0.083623
0.083623
0.16751
0.16751
0.36299
0.36299
0.21758
0.21758
0.044475
0.044475
-0.2008
-0.2008
0.18429
0.18429
0.44661
0.44661
0.30706
0.30706
0.29028
0.29028
0.43543
0.43543
0.36858
0.36858
1.0834
1.0834
0.016512
0.016512
-0.18988
-0.18988
-0.22317
-0.22317
-0.2008
-0.2008
-0.10599
-0.10599
-0.094809
-0.094809
-0.078031
-0.078031
-0.010919
-0.010919
-0.072438
-0.072438
-0.25673
-0.25673
0.30706
0.30706
-0.24554
-0.24554
-0.072438
-0.072438
0.13955
0.13955
-0.42424
-0.42424
-0.48576
-0.48576
-0.30706
-0.30706
-0.34062
-0.34062
-0.60853
-0.60853
-0.44102
-0.44102
-0.23436
-0.23436
-0.050067
-0.050067
0.050067
0.050067
0.15073
0.15073
0.2791
0.2791
0.16192
0.16192
0.15073
0.15073
0.10599
0.10599
0.1787
0.1787
0.18988
0.18988
0.2008
0.2008
0.40746
0.40746
0.27351
0.27351
0.044475
0.044475
-0.089216
-0.089216
0.16192
0.16192
0.39628
0.39628
0.3574
0.3574
0.25673
0.25673
0.38536
0.38536
0.37977
0.37977
0.14514
0.14514
-0.016512
-0.016512
-0.15633
-0.15633
-0.31266
-0.31266
-0.3574
-0.3574
-0.1004
-0.1004
-0.078031
-0.078031
-0.05566
-0.05566
0.15073
0.15073
0.094809
0.094809
-0.14514
-0.14514
-0.14514
-0.14514
0.022104
0.022104
0.05566
0.05566
0.32943
0.32943
0.31266
0.31266
-0.13396
-0.13396
-0.25114
-0.25114
-0.30706
-0.30706
-0.51372
-0.51372
-0.51372
-0.51372
-0.42424
-0.42424
-0.31825
-0.31825
-0.23436
-0.23436
-0.078031
-0.078031
0.1004
0.1004
0.094809
0.094809
0.25114
0.25114
0.38536
0.38536
0.44102
0.44102
0.44661
0.44661
0.39095
0.39095
0.42424
0.42424
0.34062
0.34062
0.20639
0.20639
0.044475
0.044475
-0.066845
-0.066845
-0.12836
-0.12836
-0.22317
-0.22317
-0.23995
-0.23995
-0.2008
-0.2008
-0.18988
-0.18988
-0.094809
-0.094809
-0.027697
-0.027697
0
0
0.016512
0.016512
0.078031
0.078031
0.078031
0.078031
0.050067
0.050067
0.027697
0.027697
-0.027697
-0.027697
-0.066845
-0.066845
-0.072438
-0.072438
-0.010919
-0.010919
-0.016512
-0.016512
-0.03329
-0.03329
-0.016512
-0.016512
-0.016512
-0.016512
0.0053263
0.0053263
0.022104
0.022104
0.022104
0.022104
0
0
-0.022104
-0.022104
-0.038882
-0.038882
0.010919
0.010919
0.03329
0.03329
-0.016512
-0.016512
-0.010919
-0.010919
0.0053263
0.0053263
0
0
-0.016512
-0.016512
0.010919
0.010919
0.0053263
0.0053263
-0.010919
-0.022104
0.03329
0.03329
0.0053263
0.0053263
0
0
0
0
0
0
-0.0053263
-0.0053263
0.0053263
0.0053263
0
0
-0.016512
-0.016512
0.022104
0.022104
-0.010919
-0.010919
0
0
-0.022104
-0.022104
-0.016512
-0.016512
-0.016512
-0.016512
-0.027697
-0.027697
0.0053263
0.0053263
0
0
-0.0053263
-0.0053263
0
0
0
0
0.0053263
0.0053263
-0.010919
-0.010919
0
0
0
0
0
0
0
0
-0.0053263
-0.0053263
-0.0053263
-0.0053263
-0.010919
-0.010919
0.0053263
0.0053263
-0.0053263
-0.0053263
-0.010919
-0.010919
-0.027697
-0.027697
-0.0053263
-0.0053263
-0.010919
-0.010919
0
0
0
0
0.010919
0.010919
0
0
0
0
-0.0053263
-0.0053263
0
0
-0.022104
-0.022104
0
0
0.010919
0.010919
0.010919
0.010919
-0.010919
-0.010919
-0.0053263
-0.0053263
-0.010919
-0.010919
0.0053263
0.0053263
-0.044475
-0.044475
-0.083623
-0.083623
-0.038882
-0.038882
-0.03329
-0.03329
-0.0053263
0.061253
0.061253
0.010919
0.010919
-0.0053263
-0.0053263
0.010919
0.010919
0.038882
0.038882
0.027697
0.027697
0.066845
0.066845
0.14514
0.14514
0.20639
0.20639
0.2008
0.2008
0
0
-0.13955
-0.13955
-0.22317
-0.22317
-0.23995
-0.23995
-0.39095
-0.39095
-0.25673
-0.25673
-0.10599
-0.40187
-0.41306
-0.41306
-0.4578
-0.4578
-0.016512
-0.016512
0.54728
0.54728
0.36299
0.36299
0.34621
0.34621
0.65887
0.65887
0.95501
0.95501
0.6309
0.6309
0.30147
0.30147
0.15073
0.15073
0.078031
0.078031
0.25673
0.25673
0.39095
0.39095
0.072438
0.072438
-0.010919
-0.010919
0.1787
0.1787
0.13955
0.13955
-0.089216
-0.089216
0.010919
0.010919
-0.13955
-0.13955
-0.37417
-0.37417
-0.8096
-0.8096
-0.50254
-0.50254
-0.40187
-0.40187
-0.64768
-0.64768
-0.67564
-0.67564
-0.42424
-0.42424
-0.027697
-0.027697
-0.0053263
-0.0053263
-0.12836
-0.12836
0.33503
0.33503
0.050067
0.050067
0.13955
0.13955
0.12277
0.12277
0
0
0.37977
0.37977
0.36858
0.36858
0.061253
0.061253
-0.1787
-0.1787
0.36299
0.36299
0.7092
0.7092
0.67564
0.67564
0.31825
0.31825
0.59735
0.59735
0.55846
0.55846
0.31825
0.31825
-0.12277
-0.12277
-0.12277
-0.12277
-0.010919
-0.010919
-0.22877
-0.22877
-0.21758
-0.21758
-0.19548
-0.19548
-0.17311
-0.17311
-0.36858
-0.36858
-0.51932
-0.51932
-0.22317
-0.22317
-0.24554
-0.24554
-0.11718
-0.11718
-0.23436
-0.23436
-0.32384
-0.32384
-0.18988
-0.12836
-0.12836
-0.20639
-0.20639
-0.061253
-0.061253
0.066845
0.066845
0.22317
0.22317
0.23436
0.23436
0.13955
0.13955
0.26791
0.26791
-0.078031
-0.078031
-0.072438
-0.072438
-0.016512
-0.016512
-0.10599
-0.10599
0.23995
0.13396
-0.11159
-0.11159
-0.27351
-0.27351
0.28469
0.28469
0.61412
0.61412
0.48576
0.48576
0.15073
0.15073
0.34621
0.34621
0.37417
0.37417
0.12836
0.12836
-0.094809
-0.094809
-0.11718
-0.11718
-0.25114
-0.25114
-0.16192
-0.16192
0.066845
0.066845
-0.1004
-0.1004
-0.027697
-0.027697
-0.13955
-0.13955
-0.21199
-0.21199
-0.25673
-0.25673
-0.3574
-0.3574
-0.21199
-0.21199
0.044475
-0.20639
-0.16751
-0.16751
-0.066845
-0.066845
-0.34062
-0.34062
-0.29028
-0.29028
-0.05566
-0.05566
-0.13396
-0.13396
-0.061253
-0.061253
0.30147
0.30147
-0.41306
-0.41306
0.20639
0.20639
0.10599
0.10599
0.12836
0.12836
-0.11159
-0.11159
-0.11718
-0.11718
-0.094809
-0.094809
0.21758
0.21758
0.38536
0.38536
0.18988
0.18988
-0.050067
-0.050067
-0.26791
-0.26791
0.34062
0.34062
0.58643
0.58643
0.39095
0.39095
0.19548
0.19548
0.03329
0.03329
-0.010919
-0.010919
-0.094809
-0.094809
-0.22317
-0.22317
-0.26232
-0.26232
0.13955
0.13955
-0.038882
-0.038882
-0.010919
-0.010919
-0.027697
-0.027697
-0.16751
-0.16751
-0.29588
-0.29588
-0.34062
-0.34062
-0.18988
-0.18988
0.11718
0.11718
-0.050067
-0.050067
-0.13955
-0.13955
-0.22877
-0.28469
-0.27351
-0.27351
-0.32384
-0.32384
-0.010919
-0.010919
-0.072438
-0.072438
0.12836
0.12836
-0.078031
-0.078031
0.23995
0.23995
0.13396
0.13396
-0.044475
-0.044475
-0.20639
-0.20639
-0.27351
-0.27351
-0.078031
-0.078031
0.22317
0.22317
0.30147
0.30147
-0.28469
-0.28469
0.34621
0.34621
0.55287
0.55287
0.28469
0.28469
0.21199
0.21199
0.51932
0.51932
0.43543
0.43543
0.1787
0.1787
0.022104
0.022104
-0.1787
-0.1787
-0.14514
-0.14514
-0.16751
-0.16751
0
0
-0.03329
-0.03329
-0.083623
-0.083623
0.10599
0.10599
-0.17311
-0.17311
-0.30147
-0.30147
-0.33503
-0.33503
-0.2008
-0.2008
0.14514
0.14514
-0.016512
-0.016512
-0.25114
-0.25114
-0.2791
-0.2791
-0.40187
-0.40187
-0.26791
-0.26791
-0.083623
-0.083623
-0.078031
-0.078031
0.11718
0.11718
0.68683
0.68683
0.15073
0.15073
0.061253
0.061253
-0.15073
-0.15073
-0.18429
-0.18429
-0.24554
-0.24554
-0.10599
-0.10599
0.2008
0.2008
0.31825
0.31825
0.16192
0.16192
0.12836
0.12836
-0.11718
-0.11718
0.56965
0.56965
0.64768
0.64768
0.3574
0.3574
0.23995
0.23995
0.54169
0.54169
0.4578
0.4578
0.15073
0.15073
0.03329
0.03329
-0.05566
-0.05566
-0.18429
-0.18429
-0.20639
-0.20639
0.19548
0.19548
-0.13396
-0.13396
-0.11718
-0.11718
-0.03329
-0.03329
-0.14514
-0.14514
-0.37977
-0.37977
-0.39095
-0.39095
-0.18988
-0.18988
-0.038882
-0.038882
-0.12277
-0.12277
-0.25114
-0.25114
-0.24554
-0.24554
-0.12836
-0.12836
-0.28469
-0.28469
-0.22877
-0.22877
-0.30706
-0.30706
-0.18429
-0.18429
-0.13955
-0.13955
-0.022104
-0.022104
0.17311
0.17311
0.17311
0.17311
-0.10599
0.1004
0.1004
-0.094809
-0.094809
-0.15633
-0.15633
0.027697
0.027697
0.30147
0.30147
0.1004
0.1004
0.078031
0.078031
-0.038882
-0.038882
0.6365
0.6365
0.7819
0.7819
0.34621
0.34621
0.31266
0.31266
0.62531
0.62531
0.56965
0.56965
0.29028
0.29028
0.094809
0.094809
0.03329
0.03329
0.044475
0.044475
-0.05566
-0.05566
-0.038882
-0.038882
-0.12277
-0.12277
-0.089216
-0.089216
0.010919
-0.39628
-0.40187
-0.40187
-0.29588
-0.29588
-0.016512
-0.016512
-0.044475
-0.044475
-0.34062
-0.34062
-0.2791
-0.2791
0.066845
0.066845
-0.50813
-0.50813
-0.40746
-0.40746
-0.65327
-0.65327
-0.32943
-0.32943
-0.23995
-0.23995
-0.11159
-0.11159
-0.13955
-0.13955
0.072438
0.072438
0.16751
0.16751
-0.0053263
-0.0053263
-0.26791
-0.26791
-0.11718
-0.11718
-0.038882
-0.038882
0.11159
0.11159
0.20639
0.20639
0.066845
0.066845
0
0
0.18988
0.18988
0.64768
0.64768
1.0107
1.0107
0.39628
0.61972
0.61972
0.67005
0.67005
0.46339
0.46339
0.10599
0.10599
0.016512
0.016512
0.18429
0.18429
0.25673
0.25673
0.16192
0.16192
0.1787
0.1787
0.027697
0.027697
-0.016512
-0.016512
-0.066845
-0.066845
-0.18429
-0.18429
-0.39628
-0.39628
-0.32384
-0.32384
-0.11718
-0.11718
-0.36858
-0.36858
-0.31266
-0.31266
-0.39628
-0.39628
-0.42983
-0.42983
-0.69801
-0.69801
-0.73716
-0.73716
-0.61972
-0.61972
-0.29588
-0.29588
-0.28469
-0.28469
-0.21199
-0.21199
0.11159
0.11159
0.55287
0.55287
0.11159
0.11159
0.11159
0.11159
-0.17311
-0.17311
0.066845
0.066845
-0.010919
-0.010919
0.089216
0.089216
0.41865
0.41865
0.20639
0.20639
0.2008
0.2008
-0.03329
-0.03329
0.44102
0.44102
0.81519
0.81519
0.64768
0.64768
0.39095
0.39095
0.49135
0.49135
0.64768
0.64768
0.39095
0.39095
0.13396
0.13396
-0.0053263
-0.0053263
0.1787
0.1787
0.20639
0.20639
0.22877
0.22877
0.10599
0.10599
0.03329
0.03329
0.16751
0.16751
-0.050067
-0.050067
-0.21758
-0.21758
-0.42424
-0.42424
-0.26791
-0.26791
-0.022104
-0.022104
-0.21758
-0.21758
-0.46898
-0.46898
-0.46898
-0.46898
-0.68124
-0.68124
-0.74276
-0.48576
-0.48576
-0.46339
-0.46339
-0.18988
-0.18988
-0.15073
-0.15073
-0.016512
-0.016512
0.18988
0.18988
0.038882
0.038882
-0.13396
-0.13396
0.1787
0.1787
0.03329
0.03329
-0.12277
-0.12277
0.1004
0.1004
0.38536
0.38536
0.31825
0.31825
0.016512
0.016512
-0.30147
-0.30147
0.2791
0.2791
0.8096
0.8096
0.65887
0.65887
0.44102
0.44102
0.56406
0.56406
0.61412
0.61412
0.46898
0.46898
0.16192
0.16192
-0.044475
-0.044475
-0.11718
-0.11718
0.16751
0.16751
0.22877
0.22877
0.072438
0.072438
0.0053263
0.0053263
0.1004
0.1004
-0.016512
-0.016512
-0.23995
-0.23995
-0.29028
-0.29028
-0.10599
-0.10599
0.027697
0.027697
-0.20639
-0.20639
-0.34062
-0.34062
-0.62531
-0.62531
-0.42424
-0.42424
-0.56406
-0.56406
-0.74276
-0.74276
-0.58084
-0.58084
-0.46339
-0.46339
-0.21199
-0.21199
-0.17311
-0.17311
0.0053263
0.0053263
0.2008
0.2008
-0.54169
-0.54169
-0.016512
-0.016512
0.044475
0.044475
0.1004
0.1004
-0.23436
-0.23436
-0.078031
-0.078031
0.29588
0.29588
-0.68124
-0.68124
0.027697
0.027697
-0.30706
-0.30706
0.21758
0.21758
0.67005
0.67005
0.40746
0.40746
0.20639
0.20639
0.58643
0.58643
0.7092
0.7092
0.48576
0.48576
0.19548
0.19548
0.19548
0.19548
0.30147
0.30147
0.16192
0.16192
0.066845
0.066845
-0.11718
-0.11718
-0.26791
-0.26791
-0.34621
-0.34621
-0.39628
-0.39628
-0.40746
-0.40746
-0.42424
-0.42424
-0.34621
-0.34621
-0.083623
-0.083623
-0.022104
-0.022104
0
0
0.1004
0.1004
0.16751
0.16751
0.1004
0.1004
0.066845
0.066845
0.083623
0.083623
0.022104
0.022104
0.016512
0.016512
0
0
-0.016512
-0.016512
-0.072438
-0.072438
-0.094809
-0.094809
-0.094809
-0.094809
-0.050067
-0.050067
-0.038882
-0.038882
-0.050067
-0.050067
-0.0053263
-0.0053263
0.027697
0.027697
0.044475
0.044475
0.03329
0.03329
0.022104
0.022104
0.027697
0.027697
0.010919
0.010919
0.044475
0.044475
-0.016512
-0.016512
-0.022104
-0.022104
-0.038882
-0.038882
-0.038882
-0.038882
-0.0053263
-0.0053263
-0.010919
-0.010919
-0.050067
-0.050067
-0.010919
-0.010919
-0.022104
-0.022104
0.016512
0.016512
0.016512
0.016512
-0.027697
-0.027697
-0.010919
-0.010919
0.010919
0.010919
0.016512
0.016512
0.03329
0.03329
-0.0053263
-0.0053263
-0.010919
-0.010919
0
0
0.010919
0.010919
0.027697
0.027697
0.010919
0.010919
-0.010919
-0.010919
-0.016512
-0.016512
0
0
-0.0053263
-0.0053263
-0.022104
-0.022104
-0.03329
-0.03329
0
0
0.010919
0.010919
0.0053263
0.0053263
0.010919
0.010919
-0.016512
-0.016512
0.022104
0.022104
0.016512
0.016512
-0.0053263
-0.0053263
0
0
0
0
0.010919
0.010919
0.010919
0.010919
-0.0053263
-0.0053263
0
0
0
0
0.010919
0.010919
0
0
-0.0053263
-0.0053263
0
0
-0.022104
-0.022104
0.016512
0.016512
0.0053263
0.0053263
-0.0053263
-0.0053263
0
0
0.0053263
0.0053263
0.0053263
0.0053263
0
0
0.010919
0.010919
-0.022104
-0.022104
-0.0053263
-0.0053263
-0.022104
-0.022104
-0.010919
-0.010919
-0.0053263
-0.0053263
-0.0053263
-0.0053263
-0.0053263
-0.0053263
0
0
0.0053263
0.0053263
0
0
0.0053263
0.0053263
-0.010919
-0.010919
-0.010919
-0.010919
-0.0053263
-0.0053263
-0.0053263
-0.0053263
-0.010919
-0.010919
-0.0053263
-0.0053263
0.0053263
0.0053263
-0.0053263
-0.0053263
0.0053263
0.0053263
0.022104
0.022104
0.0053263
0.0053263
0
0
0
0
-0.010919
-0.010919
0.010919
0.010919
0.0053263
0.0053263
0.010919
0.010919
0.016512
0.016512
-0.010919
-0.010919
-0.016512
-0.016512
-0.016512
-0.016512
-0.0053263
-0.0053263
-0.022104
-0.022104
-0.0053263
-0.0053263
-0.0053263
-0.0053263
0.0053263
0.0053263
0
0
0.022104
0.022104
0
0
-0.010919
-0.010919
-0.0053263
-0.0053263
0.016512
0.016512
-0.0053263
-0.0053263
-0.0053263
-0.0053263
0.0053263
0.0053263
0.022104
0.022104
0
0
-0.0053263
-0.0053263
-0.010919
-0.010919
0
0
-0.016512
-0.016512
0
0
0.0053263
0.0053263
-0.010919
-0.010919
0.010919
0.010919
-0.027697
-0.027697
-0.0053263
-0.0053263
-0.016512
-0.016512
0
0
0.010919
0.010919
0.0053263
0.0053263
0.016512
0.016512
-0.010919
-0.010919
-0.0053263
-0.0053263
-0.0053263
-0.0053263
-0.0053263
-0.0053263
0.0053263
0.0053263
0.0053263
0.0053263
0.010919
0.010919
0.0053263
0.0053263
-0.022104
-0.022104
-0.010919
-0.010919
-0.010919
-0.010919
-0.010919
-0.010919
-0.0053263
-0.0053263
-0.0053263
-0.0053263
-0.0053263
-0.0053263
-0.0053263
-0.0053263
-0.010919
-0.010919
0.0053263
0.0053263
0
0
0
0
0.0053263
0.0053263
-0.0053263
-0.0053263
0
0
-0.0053263
-0.0053263
0
0.0053263
0.0053263
0.0053263
-0.0053263
-0.0053263
-0.0053263
-0.0053263
-0.010919
-0.010919
0.022104
0.022104
-0.0053263
-0.0053263
-0.010919
-0.010919
0.010919
0.010919
-0.016512
-0.016512
-0.016512
-0.016512
-0.010919
-0.010919
-0.010919
-0.010919
0
0
0.0053263
0.0053263
-0.0053263
-0.0053263
0
0
-0.0053263
-0.0053263
-0.016512
-0.016512
0
0
0
0
0
0
0.0053263
0.0053263
0
0
0.022104
0.022104
-0.0053263
-0.0053263
-0.010919
-0.010919
-0.0053263
-0.0053263
-0.0053263
-0.0053263
0
0
0.0053263
0.0053263
-0.0053263
-0.0053263
-0.010919
-0.010919
-0.016512
-0.016512
-0.0053263
-0.0053263
0.010919
0.010919
0
0
0.0053263
0.0053263
-0.0053263
-0.0053263
0.010919
0.010919
0.016512
0.016512
-0.0053263
-0.0053263
-0.0053263
-0.0053263
0
0
0
0
-0.0053263
-0.0053263
0.03329
0.03329
0.044475
0.044475
0.061253
0.061253
-0.010919
-0.010919
-0.050067
-0.050067
0.016512
0.016512
-0.072438
-0.072438
-0.050067
-0.050067
0.022104
0.022104
-0.038882
-0.038882
-0.13396
-0.18429
-0.18429
-0.12836
-0.12836
0.12277
0.12277
0.15073
0.15073
0.31266
0.31266
0.48017
0.48017
0.33503
0.33503
0.34062
0.34062
0.083623
0.083623
0.22877
0.22877
0.37977
0.37977
0.42983
0.42983
0.59175
0.59175
-0.061253
-0.061253
-0.36299
-0.36299
-0.3574
-0.3574
-0.32384
-0.32384
-0.50813
-0.50813
-0.76513
-0.76513
-0.86553
-0.86553
-0.69242
-0.69242
-0.47458
-0.47458
-0.36299
-0.36299
-0.41865
-0.41865
-0.60853
-0.60853
-0.36858
-0.36858
-0.22317
-0.22317
-0.29028
-0.29028
-0.16751
-0.16751
-0.022104
-0.022104
0.41306
0.41306
0.61412
0.61412
0.55287
0.55287
0.41306
0.41306
0.59175
0.59175
0.95501
0.95501
1.1225
1.1225
1.061
1.061
0.72598
0.72598
0.6309
0.6309
0.56406
0.56406
0.42983
0.42983
0.42983
0.42983
0.26791
0.26791
-0.078031
-0.078031
0.061253
0.061253
0.1787
0.1787
0.11159
0.11159
0.13955
0.13955
-0.1787
-0.1787
-0.22317
-0.22317
-0.50254
-0.50254
-0.37417
-0.37417
-0.67564
-0.67564
-0.65327
-0.65327
-0.6309
-0.6309
-1.1449
-1.1449
-1.2733
-1.2733
-0.98271
-0.98271
-0.58643
-0.58643
-0.42983
-0.42983
-0.51372
-0.51372
-0.54169
-0.54169
-0.25673
-0.25673
-0.14514
-0.14514
-0.15633
-0.15633
-0.30147
-0.30147
0.1004
0.1004
0.37977
0.37977
0.15633
0.15633
0.12836
0.12836
0.21199
0.21199
0.41306
0.41306
0.62531
0.62531
0.56406
0.56406
0.58643
0.58643
0.93264
0.93264
1.1894
1.1894
1.3571
1.3571
1.1057
1.1057
0.51932
0.51932
0.43543
0.43543
0.57524
0.57524
0.47458
0.47458
0.21758
0.21758
0.03329
0.03329
0.13955
0.13955
0.30706
0.30706
0.083623
0.083623
-0.016512
-0.016512
0.16751
0.16751
-0.11718
-0.11718
-0.23995
-0.23995
-0.68124
-0.68124
-0.49695
-0.49695
-0.73157
-0.73157
-0.67564
-0.67564
-0.69801
-0.69801
-1.3068
-1.3068
-1.396
-1.396
-0.97738
-0.97738
-0.59175
-0.59175
-0.82079
-0.82079
-0.87671
-0.87671
-0.70361
-0.70361
-0.28469
-0.28469
-0.16751
-0.16751
-0.3574
-0.3574
-0.29028
-0.29028
-0.19548
-0.19548
0.094809
0.094809
0.022104
0.022104
-0.11159
-0.11159
0.12277
0.12277
0.8879
0.8879
0.83197
0.83197
0.4578
0.4578
0.61412
0.61412
1.1894
1.1894
1.2509
1.2509
1.4408
1.4408
1.5303
1.5303
0.95501
0.95501
0.66446
0.66446
0.66446
0.66446
0.90468
0.90468
0.62531
0.62531
0.30706
0.30706
0.32384
0.32384
0.58643
0.58643
0.26791
0.26791
0.36299
0.36299
0.29028
0.29028
0.3518
0.3518
-0.72598
-0.72598
-1.0778
-1.0778
-1.4296
-1.4296
-0.9883
-0.9883
-0.81519
-0.81519
-1.0386
-1.0386
-1.424
-1.424
-1.4408
-1.4408
-1.033
-1.033
-0.97738
-0.97738
-1.0051
-1.0051
-0.97179
-0.97179
-0.94942
-0.94942
-0.75394
-0.75394
-0.57524
-0.57524
-0.75394
-0.75394
-0.5305
-0.5305
-0.40187
-0.40187
-0.33503
-0.33503
0.24554
0.24554
0.05566
0.05566
0.3518
0.3518
1.1673
1.1673
1.0274
1.0274
0.24554
0.24554
0.69242
0.69242
1.2621
1.2621
1.29
1.29
0.50254
0.50254
0.87112
0.87112
1.7982
1.7982
1.5582
1.5582
0.95501
0.95501
0.69242
0.69242
0.68124
0.68124
0.54169
0.54169
0.67005
0.67005
0.70361
0.70361
0.49135
0.49135
0.59735
0.59735
0.68683
0.68683
0.29028
0.29028
-0.038882
-0.038882
-0.84875
-0.84875
-1.2733
-1.2733
-0.9883
-0.9883
-0.72039
-0.72039
-1.1169
-1.1169
-1.2733
-1.2733
-1.29
-1.29
-1.1281
-1.1281
-1.0219
-1.0219
-0.95501
-0.95501
-0.89349
-0.89349
-0.99948
-0.99948
-0.75394
-0.75394
-0.69242
-0.69242
-0.76513
-0.76513
-0.73157
-0.73157
-0.56406
-0.56406
-0.44661
-0.44661
-0.26232
-0.26232
-0.30706
-0.30706
0.20639
0.20639
0.78723
0.78723
0.8096
0.8096
0.31825
0.31825
0.42424
0.42424
0.90468
0.90468
1.1057
1.1057
0.97179
0.97179
0.79842
0.79842
1.2733
1.2733
1.424
1.424
1.2285
1.2285
1.2565
1.2565
1.1169
1.1169
0.8096
0.8096
0.46339
0.46339
0.36858
0.36858
0.36299
0.36299
0.14514
0.14514
0.82638
0.82638
-0.072438
-0.072438
-0.16751
-0.16751
-0.40746
-0.40746
-0.56406
-0.56406
-0.33503
-0.33503
-0.82638
-0.82638
-0.90468
-0.90468
-1.0554
-1.0554
-0.87112
-0.87112
-0.69801
-0.69801
-0.6309
-0.6309
-0.58084
-0.58084
-0.29588
-0.29588
-0.13396
-0.13396
-0.010919
-0.010919
0.05566
0.05566
0.25673
0.25673
0.4578
0.4578
0.51932
0.51932
0.56406
0.56406
0.58643
0.58643
0.46339
0.46339
0.33503
0.33503
0.28469
0.28469
0.16751
0.16751
0.022104
0.022104
-0.10599
-0.10599
-0.23436
-0.23436
-0.30147
-0.30147
-0.22317
-0.22317
-0.18988
-0.18988
-0.13396
-0.13396
-0.078031
-0.078031
0.010919
0.010919
0.03329
0.03329
0.11159
0.11159
0.13396
0.13396
0.12277
0.12277
0.066845
0.066845
0.016512
0.016512
-0.05566
-0.05566
-0.05566
-0.05566
-0.061253
-0.061253
-0.066845
-0.066845
-0.03329
-0.03329
-0.010919
-0.010919
-0.022104
-0.022104
0.0053263
0.0053263
0.016512
0.016512
0.044475
0.044475
0.022104
0.022104
0
0
-0.010919
-0.010919
-0.016512
-0.016512
-0.016512
-0.016512
-0.016512
-0.016512
0.0053263
0.0053263
0.010919
0.010919
0.0053263
0.0053263
-0.0053263
-0.0053263
-0.0053263
-0.0053263
0.0053263
0.0053263
0
0
-0.016512
-0.016512
-0.027697
-0.027697
-0.0053263
-0.0053263
-0.027697
-0.027697
0.0053263
0.0053263
0.0053263
0.0053263
-0.0053263
-0.0053263
0.0053263
0.0053263
0.022104
0.022104
-0.0053263
-0.0053263
-0.0053263
-0.0053263
-0.010919
-0.010919
0
0
-0.0053263
-0.0053263
-0.010919
-0.010919
0
0
-0.010919
-0.010919
0.010919
0.010919
-0.0053263
-0.0053263
-0.016512
-0.016512
0
0
0
0
-0.016512
-0.016512
0.0053263
0.0053263
0.0053263
0.0053263
0.0053263
0.0053263
0.010919
0.010919
0.0053263
0.0053263
-0.016512
-0.016512
0.0053263
0.0053263
-0.010919
-0.010919
0.010919
0.010919
-0.010919
-0.010919
0
0
-0.0053263
-0.0053263
0.0053263
0.0053263
0
0
-0.010919
-0.010919
-0.027697
-0.027697
-0.010919
-0.010919
0
0
-0.0053263
-0.0053263
-0.010919
-0.010919
-0.010919
-0.010919
0
0
0
0
-0.0053263
-0.0053263
0
0
-0.016512
-0.016512
-0.0053263
-0.0053263
0.010919
0.010919
0.0053263
0.0053263
-0.0053263
-0.0053263
-0.0053263
-0.0053263
-0.0053263
-0.0053263
-0.0053263
-0.0053263
-0.0053263
-0.0053263
0.010919
0.010919
0.010919
0.010919
-0.0053263
-0.0053263
0
0
-0.010919
-0.010919
-0.027697
-0.027697
-0.016512
-0.016512
-0.0053263
-0.0053263
-0.027697
-0.027697
0
0
0
0
0.010919
0.010919
0
0
0.010919
0.010919
-0.010919
-0.010919
-0.027697
-0.027697
0.0053263
0.0053263
0
0
0
0
0.016512
0.016512
-0.0053263
-0.0053263
-0.022104
-0.022104
-0.0053263
-0.0053263
-0.022104
-0.022104
-0.0053263
-0.0053263
0.016512
0.016512
-0.0053263
-0.0053263
-0.0053263
-0.0053263
0
0
-0.0053263
-0.0053263
0.010919
0.010919
0
0
-0.010919
-0.010919
-0.010919
-0.010919
-0.016512
-0.016512
-0.010919
-0.010919
0.03329
0.03329
-0.0053263
-0.0053263
-0.0053263
-0.0053263
0.0053263
0.0053263
-0.016512
-0.016512
0.010919
0.010919
0
0
0
0
0.010919
0.010919
0
0
0.010919
0.010919
-0.010919
-0.010919
0
0
-0.0053263
-0.0053263
-0.016512
-0.016512
-0.0053263
-0.0053263
0.0053263
0.0053263
0.0053263
0.0053263
-0.0053263
-0.0053263
0
0
0.0053263
0.0053263
-0.010919
-0.010919
-0.0053263
-0.0053263
0.010919
0.010919
-0.016512
-0.016512
-0.0053263
-0.0053263
-0.022104
-0.022104
-0.0053263
-0.0053263
0.0053263
0.0053263
0.0053263
0.0053263
-0.0053263
-0.0053263
0.010919
0.010919
0.010919
0.010919
-0.010919
-0.010919
-0.010919
-0.010919
0.010919
0.010919
0
0
0
0
-0.016512
-0.016512
-0.010919
-0.010919
0.010919
0.010919
0.016512
0.016512
0.0053263
0.0053263
0.0053263
0.0053263
0.016512
0.016512
0.010919
0.010919
-0.0053263
-0.0053263
-0.0053263
-0.0053263
-0.0053263
-0.0053263
-0.0053263
-0.0053263
-0.0053263
-0.0053263
-0.0053263
-0.0053263
0.010919
0.010919
-0.016512
-0.016512
0.010919
0.010919
0.0053263
0.0053263
-0.010919
-0.010919
0
0
0
0
0.0053263
0.0053263
-0.010919
-0.010919
0.010919
0.010919
0.0053263
0.0053263
0.022104
0.022104
-0.016512
-0.016512
-0.016512
-0.016512
0.0053263
0.0053263
0.016512
0.016512
-0.010919
-0.010919
-0.0053263
-0.0053263
0.010919
0.010919
-0.016512
-0.016512
0.0053263
0.0053263
0.0053263
0.0053263
-0.016512
-0.016512
-0.0053263
-0.0053263
0.016512
0.016512
-0.016512
-0.016512
0.0053263
0.0053263
0.010919
0.010919
0.016512
0.016512
0
0
0.016512
0.016512
0
0
-0.0053263
-0.0053263
-0.022104
-0.022104
-0.0053263
-0.0053263
0
0
-0.016512
-0.016512
-0.016512
-0.016512
-0.010919
-0.010919
0.0053263
0.0053263
-0.016512
-0.016512
-0.0053263
-0.0053263
0
0
0.0053263
0.0053263
-0.010919
-0.010919
-0.016512
-0.016512
-0.010919
-0.010919
-0.0053263
-0.0053263
-0.016512
-0.016512
-0.0053263
-0.0053263
0
0
-0.016512
-0.016512
0.027697
0.027697
-0.0053263
-0.0053263
0
0
0.027697
0.027697
0.0053263
0.0053263
0.0053263
0.0053263
0
0
-0.0053263
-0.0053263
-0.016512
-0.016512
0
0
0
0
-0.010919
-0.010919
-0.0053263
-0.0053263
0
0
-0.0053263
-0.0053263
-0.010919
-0.010919
-0.0053263
-0.0053263
0.016512
0.016512
0
0
0.0053263
0.0053263
0.0053263
0.0053263
0.016512
0.016512
0
0
-0.0053263
-0.0053263
-0.010919
-0.010919
0.0053263
0.0053263
0.010919
0.010919
0.0053263
0.0053263
-0.010919
-0.010919
-0.022104
-0.022104
-0.0053263
-0.0053263
-0.0053263
-0.0053263
0.0053263
0.0053263
0.010919
0.010919
-0.0053263
-0.0053263
0.0053263
0.0053263
0
0
0.010919
0.010919
-0.0053263
-0.0053263
0.016512
0.016512
0.0053263
0.0053263
0.016512
0.016512
0.016512
0.016512
-0.022104
-0.022104
-0.027697
-0.027697
-0.0053263
-0.0053263
-0.038882
-0.038882
0.022104
0.022104
-0.022104
-0.022104
-0.0053263
-0.0053263
0.010919
0.010919
0.0053263
0.0053263
0.010919
0.010919
0.0053263
0.0053263
-0.0053263
-0.0053263
-0.010919
-0.010919
-0.0053263
-0.0053263
0
0
-0.022104
-0.022104
0.0053263
0.0053263
0.027697
0.027697
0
0
0.010919
0.010919
-0.027697
-0.027697
0
0
-0.0053263
-0.0053263
0.010919
0.010919
0.0053263
0.0053263
0.010919
0.010919
0.010919
0.010919
-0.010919
-0.010919
-0.016512
-0.016512
-0.0053263
-0.0053263
-0.022104
-0.022104
0
0
0.010919
0.010919
0.010919
