0.35
0.35
0.32
0.31
0.33
0.35
0.35
0.29
0.32
0.37
0.33
0.23
0.26
0.31
0.36
0.36
0.36
0.31
0.32
0.33
0.32
0.24
0.27
0.32
0.36
0.34
0.34
0.3
0.34
0.34
0.26
0.22
0.28
0.29
0.33
0.33
0.33
0.26
0.3
0.33
0.35
0.22
0.29
0.31
0.35
0.32
0.32
0.24
0.33
0.35
0.34
0.34
0.27
0.3
0.34
0.28
0.28
0.27
0.31
0.38
0.31
0.24
0.31
0.33
0.31
0.35
0.35
0.31
0.31
0.35
0.3
0.3
0.26
0.3
0.34
0.34
0.34
0.29
0.33
0.33
0.31
0.21
0.29
0.33
0.35
0.32
0.32
0.28
0.34
0.34
0.31
0.31
0.31
0.32
0.36
0.3
0.3
0.22
0.28
0.33
0.35
0.35
0.22
0.29
0.33
0.33
0.33
0.23
0.25
0.32
0.36
0.36
0.24
0.31
0.33
0.28
0.28
0.22
0.27
0.3
0.34
0.33
0.23
0.32
0.33
0.34
0.34
0.22
0.26
0.34
0.33
0.3
0.23
0.24
0.34
0.34
0.34
0.23
0.29
0.32
0.37
0.31
0.24
0.26
0.32
0.34
0.38
0.23
0.32
0.32
0.35
0.31
0.21
0.29
0.33
0.33
0.34
0.24
0.24
0.35
0.34
0.33
0.24
0.29
0.32
0.32
0.3
0.22
0.26
0.33
0.35
0.34
0.21
0.33
0.31
0.32
0.27
0.22
0.29
0.31
0.35
0.33
0.23
0.33
0.33
0.34
0.35
0.23
0.3
0.27
0.37
0.33
0.22
0.27
0.37
0.34
0.33
0.23
0.27
0.31
0.32
0.3
0.22
0.28
0.34
0.36
0.33
0.22
0.32
0.33
0.34
0.31
0.22
0.31
0.31
0.36
0.32
0.22
0.25
0.32
0.36
0.34
0.28
0.33
0.3
0.34
0.28
0.24
0.26
0.33
0.36
0.35
0.23
0.31
0.32
0.33
0.29
0.23
0.27
0.31
0.33
0.31
0.23
0.29
0.33
0.35
0.33
0.22
0.29
0.3
0.33
0.33
0.24
0.25
0.33
0.33
0.34
0.23
0.29
0.32
0.33
0.3
0.24
0.26
0.34
0.33
0.35
0.22
0.32
0.33
0.34
0.25
0.22
0.27
0.32
0.33
0.3
0.22
0.25
0.33
0.35
0.34
0.22
0.29
0.3
0.32
0.33
0.23
0.27
0.33
0.36
0.35
0.21
0.29
0.33
0.34
0.29
0.22
0.28
0.31
0.34
0.31
0.22
0.32
0.34
0.33
0.36
0.25
0.3
0.31
0.34
0.33
0.23
0.25
0.35
0.33
0.35
0.25
0.28
0.32
0.32
0.3
0.23
0.31
0.33
0.34
0.36
0.27
0.31
0.33
0.35
0.27
0.22
0.28
0.32
0.36
0.34
0.24
0.31
0.32
0.34
0.36
0.26
0.3
0.31
0.34
0.32
0.23
0.25
0.32
0.33
0.35
0.27
0.32
0.34
0.35
0.31
0.24
0.29
0.32
0.34
0.34
0.19
0.32
0.32
0.36
0.34
0.21
0.31
0.33
0.34
0.31
0.22
0.29
0.35
0.35
0.34
0.24
0.29
0.32
0.35
0.3
0.24
0.27
0.35
0.33
0.33
0.25
0.31
0.35
0.33
0.3
0.25
0.24
0.31
0.37
0.35
0.25
0.31
0.33
0.36
0.36
0.27
0.29
0.33
0.35
0.33
0.25
0.25
0.34
0.33
0.36
0.24
0.3
0.32
0.35
0.3
0.22
0.28
0.31
0.34
0.36
0.25
0.33
0.3
0.33
0.35
0.24
0.29
0.35
0.36
0.33
0.24
0.28
0.34
0.33
0.37
0.24
0.3
0.34
0.34
0.32
0.24
0.24
0.36
0.31
0.32
0.26
0.3
0.31
0.35
0.3
0.21
0.31
0.33
0.36
0.33
0.22
0.33
0.34
0.36
0.32
0.27
0.28
0.33
0.34
0.31
0.25
0.25
0.26
0.34
0.37
0.36
0.3
0.31
0.35
0.36
0.31
0.24
0.24
0.29
0.28
0.36
0.37
0.23
0.28
0.34
0.35
0.34
0.34
0.37
0.35
0.34
0.6
0.28
0.28
0.39
-0.01
0.13
0.29
0.37
0.37
0.08
0.23
0.21
0.39
0.7
0.7
0.11
0.15
0.1
0.9
0.34
0.34
0.3
0.66
1.19
0.42
-0.02
-0.02
2.05
-0.07
-0.11
0.77
0.71
0.71
0.11
0.71
0.6
0.38
0.53
0.53
0.39
0.19
0.57
0.2
0.58
0.58
-0.42
1.13
-0.27
0.32
0.48
0.48
1
7.88
7.03
7.98
-0.47
-0.47
4.64
2.03
2.01
-1.29
1.26
1.26
-2.33
-3.43
-2
-4.82
-6.42
-6.42
0.36
2.97
2.01
0.98
-0.98
-0.98
-0.85
-1.15
0
0.36
-0.71
-0.71
0.64
0.69
0.72
0.78
1.4
1.4
-0.59
-0.06
0.47
-0.35
-0.15
-0.15
0.9
1.39
-0.76
1.36
0.88
0.52
0.96
-2.06
-2.06
2.06
0.14
0.43
0.31
0.48
0.29
0.29
0.5
0.18
0.4
0.29
0.83
0.37
0.37
0.32
0.35
0.44
0.44
0.43
0.46
0
0.21
0.11
0.11
-0.09
0.9
0.31
0.01
0.66
0.3
0.3
0.05
0
0.43
0.43
0.58
-0.18
0.51
0.24
0.81
-0.94
-0.94
-0.43
0.47
0.11
-0.1
0.7
0.51
0.98
-1.72
-2.24
-2.24
3.31
3.6
8.16
5.91
5.99
5.99
4.29
2.83
2.58
1.45
-2.29
-2.29
-7.33
-14.18
-4.78
-2.92
-1.2
-1.64
0.65
-0.97
0.27
0.89
0.89
0.84
0.2
-1.24
0.72
2.23
2.23
4
2.63
1.98
-0.33
-1.22
-1.22
-1.96
1.2
0.49
-0.22
-0.22
1.01
-0.01
-0.3
-0.44
0.97
0.97
0.49
0.44
0.38
0.39
0.42
0.42
0.08
-0.03
0.24
0.3
0.28
0.54
0.35
0.14
0.5
0.45
0.45
0.46
0.73
0.3
0.59
-0.05
-0.46
-0.46
1.04
0.37
0.35
0.35
0.41
0.04
0.25
0.63
-0.05
-0.05
0.4
-0.05
0.79
0.02
-0.31
-0.31
0.37
0.02
0.34
0.92
1.09
1.09
2.24
5.55
10.94
8.83
6.22
6.22
3.63
2.93
-0.52
-0.82
-0.82
-1.47
-1.86
-2.69
-3.45
-3.45
-5.6
3.65
-7.8
8.01
-6.67
0.38
0.38
-3.52
1.94
1.24
-0.12
-0.12
-1.15
2.22
-0.95
2.03
2.03
0.54
3.1
-0.12
0.97
1.13
0.72
0.72
0.42
1.57
0.36
0.36
1.31
0.06
0.67
-3.02
0.44
0.44
0.53
0.56
0.11
0.05
-0.14
-0.14
0
0.43
0.22
0.54
0.48
0.57
0.57
0.86
0.4
0.92
0.7
0.54
0.54
0.86
0.44
-0.74
-0.74
0.43
0.69
-0.5
-0.34
-0.4
0.67
0.67
0.38
0.51
0.41
0.41
0.22
0.21
0.18
0.35
-0.41
-0.41
-0.25
0.29
-0.29
0.06
1.06
1.06
0.84
3.63
-0.55
1.8
2.56
2.56
2.75
4.59
2.24
-0.45
-1.92
-1.92
0.97
-0.22
-3.16
-5.29
-5.29
-9.5
4.02
7.07
-3.76
-3.76
-0.66
-0.28
0.79
0.9
-0.83
-0.83
0.85
-0.5
-0.2
-0.68
-0.68
2.78
0.65
0.06
3.4
0.87
0.87
0.08
1.35
1.13
0.98
0.98
-0.41
0.5
0.36
0.36
0.56
0.56
0.22
0.51
0.23
0.45
0.46
0.46
0.23
0.22
0.29
0.42
0.31
0.31
0.46
0.49
0.45
0.35
0.63
0.63
0.4
0.07
-0.58
0.6
0.12
0.12
0.79
0.47
0.17
0.43
-0.09
-0.09
0.88
0.25
0.24
0.39
0.52
0.52
0.52
0.46
0.11
0.02
1.31
1.31
0.52
-0.19
0.02
-0.01
-0.77
-0.77
1.69
-2.69
4.63
6.84
5.77
5.77
3.59
4.39
5.53
1.07
1.07
1.12
0.87
1.45
-4.43
-1.49
-1.49
-7.94
-18.55
12.33
-7.71
-5.09
-5.09
0.66
0.72
-1.81
0.9
0.25
0.25
-0.27
0.33
0.08
-0.41
-0.41
-0.41
0.26
2.03
-1.89
2.63
2.63
0.16
-0.67
0.15
1.52
1.1
1.1
0.11
0.4
0.4
0.36
0.21
0.42
0.42
0.41
0.47
0.24
0.4
0.27
0.35
0.39
0.28
0.28
0.44
0.22
0.41
0.47
0.27
0.54
0.62
0.22
0.12
0.99
0.99
0.12
0.23
0.72
0.18
0.32
0.32
0.37
0.37
0.49
0.49
0.29
0.39
0.18
0.49
0.74
-1.55
-1.55
0.02
0.41
0.15
0.67
0.4
0.4
0.9
-3.77
0.34
4.82
8.25
8.25
6.13
5.85
5.2
5.77
4.18
4.18
1.07
-0.34
2.15
-2.09
-11.15
-11.15
-12.03
-7.41
4.26
1.03
-1.76
-1.76
0.33
2.2
-1.49
-0.01
0.26
-0.19
0.09
0.34
-0.33
0.74
-0.16
0.71
0.84
1.99
1.99
1.18
0.43
0.84
0.73
-0.4
-0.4
-0.9
0.67
0.43
0.48
0.44
0.44
0.34
0.33
0.34
0.4
0.51
0.14
0.41
0.59
0.14
0.5
0.23
0.27
0.42
0.52
0.4
0.41
0.23
0.29
0.5
0.79
0.79
-0.04
0.25
0.61
0.28
0.56
0.14
0.29
0.58
0.38
0.53
0.19
0.25
0.55
1.3
-1.22
-1.22
0.24
-0.09
0.09
1.07
0.23
0.23
0.37
0.92
5.32
4.72
7.44
7.44
6.4
5.29
5.09
2.56
0.38
0.38
0.22
-0.21
-0.21
-2.04
-3.3
-3.3
-8
-10.1
3.7
-4.59
0.84
0.84
-2.17
1.82
1.12
-0.46
-1.16
-1.16
-1.56
1.6
-0.67
1.21
-0.04
-0.04
0.59
0.8
2.03
2.47
0.9
0.9
0.02
1.27
0.59
0.17
-1.44
-1.44
0.22
0.76
0.3
0.44
0.45
0.45
0.35
0.39
0.67
0.13
0.38
0.38
0.36
0.45
0.04
0.25
0.65
0.65
0.37
0.43
0.44
0.5
0.51
0.82
0.83
-0.11
-0.65
0.22
0.22
0.31
-0.71
0.88
0.14
0.27
0.27
0.81
0.69
0.53
0.59
0.1
0.1
0.05
0.06
0.67
1.4
-0.22
-0.22
0.75
-0.29
0.17
0.79
-0.61
-0.61
-1.88
7.54
8.51
6.2
5.51
5.51
5.28
3.87
-0.81
-0.59
0.5
0.5
0.89
-3.95
-3.71
-3.14
-12.48
-1.99
-1.63
-5.15
0.25
-0.45
-0.45
-1.01
0.97
0.24
-1.29
1.74
0.64
-0.07
-0.01
0.25
0.66
1.44
1.51
-0.03
1.57
-0.28
0.9
-0.11
1.01
0.08
0.08
0.57
0.25
0.37
0.36
0.35
0.48
0.21
0.64
0.13
0.45
0.45
0.11
0.2
0.33
0.53
0.62
0.48
0.48
0.37
0.39
0.26
0.62
0.33
0.33
0.75
-1.62
-0.26
1.28
0.33
0.33
-0.46
0.73
-0.14
0.67
0.93
-0.26
0.29
0.79
0.21
0.21
-0.02
-0.02
0.4
-0.34
0.12
0.12
0.59
-0.46
0.88
0.1
1.95
1.95
2.83
4.31
2.46
6.98
5.06
5.06
-0.08
2.33
5.15
-1.97
0.49
0.49
0.19
-0.77
-2.71
-3.42
-7.13
-7.13
0.2
1.8
-8.8
1.19
1.7
1.7
-0.59
0.6
0.57
0.04
-0.35
-0.35
1.04
0.28
0.71
0.67
-0.42
-0.42
1.51
1.74
1.56
-0.1
0.07
1.09
0.04
0.31
-0.83
0.67
0.67
0.36
0.28
0.35
0.41
0.5
0.5
0.4
0.28
0.01
0.56
0.11
0.11
-0.1
0.63
0.22
0.54
0.6
0.6
0.39
0.36
0.49
0.67
0.4
0.54
0.54
-0.02
-0.26
0.17
0.76
0.76
0.28
0.42
0.26
0.48
0.22
0.67
0.67
0.14
0.59
-0.01
0.68
0.68
0.46
-0.35
0.21
-0.26
-0.19
-0.19
0.33
0.62
1.07
0.74
0.42
0.42
5.37
7.48
7.56
7.48
4.41
4.41
-0.16
1.42
2.14
-0.46
-1.48
-4.48
-2.19
-4.49
-6.08
-6.08
2.82
-2.14
-4.87
3.07
2.36
2.36
-0.21
-0.21
-0.15
0.38
0.15
0.18
0
0.19
-0.12
0.82
0.82
1.42
2.24
1.04
0.14
0.63
0.63
0.35
0.83
0.48
-0.45
-1.15
-1.15
0.75
0.49
0.22
0.43
0.39
0.39
0.67
0.08
0.36
0.11
0.21
0.66
0.66
0.43
0.2
0.63
0.32
0.44
0.43
0.28
0.45
0.78
0.78
0.96
0.58
0.1
0.5
0.35
0.35
0.88
-0.02
0.43
0.11
0.14
0.14
0.69
0.46
0.21
0.46
-0.03
0.65
1.65
-0.79
0.96
0.8
0.8
0.06
0.9
1.02
3.6
-0.58
-0.58
4.09
6.8
7.43
3.87
4.18
4.18
1.47
0.44
0.17
-0.41
-0.85
-0.85
-0.43
-3.88
-8.59
-12.73
-0.13
-0.13
-0.09
-0.96
0.89
-2.24
0.13
0.13
1.82
-0.05
-0.82
-0.12
0.51
0.51
-0.27
-0.79
-0.32
0.61
0.22
0.8
1.89
0.84
0.48
0.61
0.61
1.92
-1.57
-1.48
0.51
0.38
0.38
0.41
0.41
0.35
0.21
0.81
0.81
-0.3
0.78
0
0.75
0.34
0.34
0.45
0.13
0.42
0.4
0.4
0.5
0.41
0.54
0.12
0.47
0.43
-0.27
0.01
1.15
0.57
0.57
0.45
0.31
0.1
0.31
0.31
0.97
0.4
0.22
0.35
0.38
0.38
0.55
0.27
0.12
1.09
1.09
0.32
0.44
2.09
1.13
5.84
5.84
7.07
3.16
5.04
4.2
3.45
3.45
-2.6
0.56
1.42
-3.81
-2.07
-2.07
-2.64
-1.49
-7.44
2.77
2.77
6.03
-1.04
-0.69
-1.47
0.58
0.58
0.74
-1.6
0.29
-0.07
0.58
0.58
-0.21
-1.25
-0.05
1.02
0.55
1.02
1.02
0.21
-0.04
-0.01
-0.01
0.09
-0.45
0.5
0.35
0.44
0.44
0.43
0.4
0.36
0.14
0.14
0.56
0.34
0.47
0.38
0.38
0.38
0.54
0.36
0.28
0.52
0.42
0.42
0.48
0.57
0.05
0.35
0.35
-0.57
-0.32
1.22
0.34
0.02
0.02
0.26
0.4
0.38
0.4
0.4
0.4
0.77
0.16
0.59
0.59
0.54
-0.01
-0.18
1.05
1.05
1.47
2.2
-4.39
-0.83
-0.36
-0.36
1.78
-0.35
-0.71
0.44
2.3
2.3
-1.61
0.91
1.75
-1.94
-1.5
-1.5
-3.4
14.08
-6.83
-9.08
2.99
2.99
3.21
2.77
0.58
-3.63
1.98
1.98
-2.66
2.61
-1.57
0.95
1.59
1.59
2.75
0.98
0.71
0.16
-0.9
-0.9
0.67
0.66
1.67
1.35
1.35
1.09
-1.05
0.73
0.63
0.42
0.42
0.4
0.46
0.43
0.4
0.4
0.65
0.47
0.65
0.88
1.86
1.86
1.11
1.44
-0.75
-1.87
1.54
1.54
0.66
1.71
1.65
-2.31
-1.64
-1.64
0.05
0.12
1.03
-0.6
0.83
0.83
0.45
1.14
0.41
0.51
-0.02
-0.02
0.64
0.17
0.17
0.4
0.71
0.71
0.73
0.42
-0.06
1.06
5.23
5.23
9.8
0.54
3.96
0.51
4.4
4.4
-0.99
-2.67
0.46
-0.33
-4.83
-4.83
-2.59
-1.67
-3.56
-9.64
6.12
6.12
8.25
-2.09
-5.54
7.69
-5.19
-5.19
3.82
-1.91
0.13
1.71
-2.66
-2.66
1.81
-1.66
3.22
1.02
0.62
0.62
1.43
0.78
-1.19
0.82
0.77
0.77
-0.65
-0.73
-2.27
3.53
3.53
-1.69
0.45
0.49
0.49
0.32
0.37
0.45
0.41
0.47
0.5
0.39
0.74
0.47
0.84
0.84
0.98
0.98
-0.08
0.33
-0.92
-0.92
-0.12
1.25
0.52
-0.08
0.32
0.32
-0.42
0.63
0.54
0.99
-0.03
-0.03
0.86
1.24
-0.28
0.8
-0.24
0.02
0.51
0.85
-0.14
0.32
0.32
1.07
0.28
0.54
0.88
4.33
4.33
6.72
4.47
3.57
3.28
2.44
2.44
-2.26
-2.05
-1.57
-3.01
-3.87
-3.87
-5.43
-5.61
-2.32
-7.89
-7.89
-7.44
3.29
2.03
13.25
2.96
-5.84
1.88
0.55
0.22
-0.92
-0.92
0.37
3.23
-1.76
1.43
0.41
0.41
0.49
0.84
0.39
-1.3
0.47
0.47
1.61
2.04
0.18
0.08
-0.23
-0.23
-0.06
0.53
0.72
0.34
0.4
0.4
0.25
0.45
0.54
0.48
0.36
0.36
0.44
0.6
0.33
0.19
0.43
0.43
1.26
1.3
1.16
-1.54
0.57
0.57
0.51
0.46
0.61
0.22
0.44
0.44
0.56
0.4
0.21
0.37
0.55
0.18
0.37
0.47
0.39
0.46
0.24
0.27
0.57
0.27
0.32
1.11
-0.67
1.96
3.76
4.23
4.23
8.44
5.76
1.98
-1.47
0.89
0.89
0.29
-4.4
-3.31
-4.88
-5.23
-5.23
-7.4
-8.42
-3.92
-1.1
-6.74
-6.74
-4.08
0.3
11.42
12.17
4.08
-1.65
0.39
0.6
-0.37
0.33
0.33
-0.04
0.17
0.35
0.18
0.51
-0.54
0.25
0.5
0.3
0.4
0.4
0.41
0.13
0.28
0.38
0.26
0.26
0.56
0.4
0.38
0.34
0.41
0.41
0.3
0.34
0.46
0.47
0.53
0.53
0.47
0.4
0.29
0.56
0.55
0.55
0.73
0.75
-0.24
0.84
0.63
0.63
0.65
0.36
0.2
0.4
0.33
0.33
-0.01
0.49
0.4
0.35
0.43
0.43
0.26
0.38
0.56
0.3
0.47
0.47
0.17
-0.02
0.74
0.23
-0.05
-0.05
0.44
2.19
4.92
5.2
8.83
8.83
10.18
2.79
-1.94
-1.18
-3.04
-2.35
-7.12
-8.7
-7.01
-10.99
-10.99
-6.98
-8.55
-3
-5.58
-2.15
0
0
-5.32
10.73
17.4
-2.15
-2.15
-0.02
0.17
0.46
1.05
-0.78
0.87
0.87
0.45
0.37
0.65
0.22
0.22
-0.11
0.82
-0.01
-0.03
0.84
-0.11
-0.11
0.86
0.7
0.45
0.5
0.33
0.33
0.37
0.53
0.5
0.45
0.35
0.35
0.45
0.92
0.02
0.54
0.54
0.57
0.33
0.49
0.53
0.49
-1.3
-1.3
0.23
0.64
1.19
-0.39
0.65
0.65
0.57
0.56
0.11
0.89
-0.01
-0.01
1.18
-0.02
0.01
0.63
0.61
0.61
0.59
0.34
0.31
0.53
0.13
0.13
0.34
0.75
0.82
3.61
4.48
5.13
6.05
6.24
5.03
5.93
5.93
1.01
-0.51
0.54
-1.47
-3.54
-3.54
-10.56
-9.43
-12.55
-6.83
-7.15
-8.07
-5.18
0.9
1.91
5.54
5.54
17.51
7.92
-3.67
0.42
0.37
0.37
-0.47
1.09
-1.56
1.03
0.34
0.34
0.33
0.76
0.21
0.46
0.17
0.32
0.58
0.58
0.5
0.22
0.7
0.08
0.57
0.45
0.58
0.39
0.39
0.5
0.38
0.46
0.5
0.42
0.35
1.05
1.05
0.19
0.62
0.5
0.55
0.12
0.12
1.07
0.55
0
0.15
0.52
0.48
0.67
0.28
0.06
0.06
0.47
0.38
0.25
0.74
0.37
0.56
0.56
0.93
0.25
0.68
-0.27
-0.29
0.65
0.21
0.21
-0.02
0.79
1.08
0.13
5.04
3.6
5.45
5.45
12.32
7.69
6.18
-1.01
-0.81
-1.39
-1.39
-2.57
-8.7
-10.1
-6.34
-9.31
-9.71
-6.07
-6.37
-1.57
-1.57
-1.1
2.43
2.5
15.36
15.85
0.8
0.8
0.75
0.24
0.26
0.11
0.33
0.33
1.4
-0.23
0.57
1.04
-0.02
-0.02
0.37
0.63
0.05
0.56
0.11
0.11
0.31
0.66
0.03
0.62
0.47
0.47
0.46
0.29
0.37
0.4
0.4
0.4
0.64
0.31
0.8
0.49
0.07
0.07
0.58
0.04
-0.27
0.79
1.14
1.14
-0.98
0.63
0.01
1.04
1.04
0.64
0.65
0.27
0.65
0.77
0.44
0.44
0.47
0.16
-0.38
1.24
-0.25
0
0.96
-0.03
0.28
0.28
0.65
0.14
0.61
0.89
1.05
1.05
0.65
4.6
4.52
5.97
8.85
8.85
3.23
0.48
-2.89
0.84
0.24
0.24
-2.41
-4.01
-3.36
-7.38
-7.35
-5.47
-5.47
-6.05
-4.07
-7.07
-1.61
4.54
-2.08
13.65
4.54
-0.37
-0.37
0.56
-0.01
0.69
0.62
0.59
0.59
0.11
0.52
0.6
0.35
0.49
0.49
-0.29
0.44
0.55
0.33
0.37
0.37
0.45
0.47
0.55
0.37
0.37
0.45
0.46
0.45
0.31
0.48
0.48
0.45
0.59
0.57
0.78
0.62
0.62
0.13
0.36
0.99
0.99
-0.13
0.82
-0.34
0.52
0.67
0.51
0.51
0.35
-0.03
0.26
0.33
0.24
0.24
0.79
0.56
0.59
0.4
-0.14
-0.14
0.98
0.84
-0.03
0.7
0.49
0.49
0.21
0.39
0.84
-0.11
-0.11
1.59
0.49
5.21
11.74
5.04
5.04
1.64
0.35
2.44
-0.71
-4.41
-4.41
-1.85
-1.22
-5.5
-6.41
-3.38
-3.38
-2.07
-9.78
-1.88
-5.27
-9.78
-9.78
2.28
-3.62
0.3
-0.34
-0.34
-0.4
0.16
0.45
0.2
0.23
0.23
0.52
0.47
0.41
0.52
0.52
-0.03
0.01
0.34
0.3
0.11
0.91
0.13
0.13
0.55
0.44
0.44
0.48
0.33
0.16
0.49
0.49
0.52
0.44
0.3
0.41
0.41
0.48
0.48
0.46
0.31
0.37
0.37
0.39
0.43
0.41
0.37
0.39
0.39
0.4
0.51
0.46
0.41
0.41
0.43
0.45
0.42
0.29
0.34
0.34
0.42
0.47
0.42
0.39
0.39
0.46
0.41
0.36
0.34
0.34
0.41
0.46
0.44
0.35
0.4
0.42
0.47
0.45
0.35
0.4
0.4
0.48
0.38
0.34
0.35
0.45
0.47
0.45
0.37
0.45
0.45
0.43
0.33
0.32
0.4
0.4
0.47
0.43
0.32
0.4
0.4
0.45
0.47
0.36
0.4
0.4
0.46
0.44
0.32
0.36
0.36
0.48
0.45
0.35
0.39
0.39
0.42
0.42
0.36
0.36
0.36
0.44
0.45
0.33
0.41
0.41
0.46
0.44
0.29
0.41
0.41
0.45
0.43
0.33
0.4
0.4
0.46
0.45
0.35
0.39
0.39
0.44
0.43
0.41
0.35
0.35
0.46
0.46
0.45
0.39
0.39
0.43
0.43
0.38
0.36
0.36
0.42
0.43
0.41
0.4
0.4
0.43
0.46
0.46
0.37
0.37
0.43
0.47
0.41
0.37
0.37
0.44
0.45
0.45
0.38
0.39
0.45
0.48
0.38
0.35
0.33
0.42
0.46
0.44
0.33
0.42
0.45
0.45
0.46
0.36
0.37
0.36
0.45
0.45
0.35
0.37
0.41
0.47
0.48
0.32
0.42
0.41
0.46
0.42
0.36
0.35
0.41
0.46
0.45
0.35
0.38
0.44
0.45
0.38
0.36
0.36
0.45
0.45
0.43
0.31
0.42
0.43
0.47
0.45
0.33
0.39
0.41
0.47
0.42
0.35
0.36
0.45
0.45
0.43
0.38
0.39
0.43
0.45
0.39
0.31
0.38
0.39
0.44
0.45
0.33
0.36
0.42
0.47
0.44
0.32
0.42
0.41
0.44
0.4
0.33
0.36
0.43
0.42
0.42
0.34
0.41
0.42
0.45
0.42
0.33
0.4
0.46
0.45
0.44
0.32
0.39
0.44
0.45
0.36
0.33
0.37
0.42
0.46
0.4
0.34
0.4
0.48
0.45
0.47
0.33
0.38
0.45
0.46
0.41
0.34
0.38
0.42
0.45
0.43
0.35
0.39
0.43
0.45
0.36
0.33
0.39
0.42
0.44
0.44
0.34
0.42
0.4
0.43
0.45
0.32
0.38
0.4
0.45
0.43
0.31
0.38
0.42
0.43
0.44
0.33
0.38
0.42
0.45
0.41
0.32
0.37
0.44
0.42
0.45
0.33
0.39
0.45
0.43
0.42
0.33
0.4
0.4
0.45
0.42
0.36
0.44
0.42
0.47
0.45
0.31
0.38
0.4
0.46
0.44
0.33
0.4
0.45
0.47
0.46
0.32
0.42
0.44
0.45
0.41
0.33
0.37
0.39
0.45
0.45
0.33
0.42
0.45
0.43
0.47
0.32
0.38
0.42
0.44
0.42
0.34
0.33
0.42
0.5
0.36
0.36
0.4
0.46
0.41
0.4
0.33
0.45
0.43
0.44
0.44
0.37
0.45
0.39
0.49
0.38
0.23
0.42
0.41
0.45
0.52
0.24
0.53
0.54
0.33
0.71
0.33
0.33
0.08
0.74
-1.48
-1.74
0.39
3.94
2.31
2.15
5.62
2.84
5.51
0.31
1.3
-3.32
-3.01
0.33
-5.14
-3.24
-0.57
-18.57
6.69
-0.27
0.56
0.33
1.28
-0.3
0.64
0.6
0.25
0.56
0.15
0.49
0.49
0.4
0.5
0.7
-0.37
0.79
0.4
0.4
0.68
1.44
-0.32
0.7
-0.12
0.75
0.42
0.46
0.44
0.44
0.37
0.47
0.46
0.28
0.51
0.16
0.35
0.48
0.47
0.2
0.4
0.71
0.44
0.77
0.33
0.53
-0.1
-0.24
-0.24
1.19
0.25
0.27
0.52
0.58
0.23
0.3
0.3
0.3
0.52
0.53
0.27
0.22
0.2
0.2
0.44
0.7
0.17
0.28
0.3
-0.2
-0.2
0.56
1.34
-0.82
-1.15
-3.21
4.87
7.74
5.74
6
6
5.04
7.31
1.95
2.29
-0.26
-2.47
-2.47
-3.3
-4.82
-10
-0.72
1.31
0.15
0.47
0.52
0.21
0.58
0.58
0.54
0.48
-0.47
-0.16
-0.19
1.68
0
1.6
1.25
1.25
-0.11
-0.13
0.2
0.79
1.34
1.34
0.07
0.66
1.96
-0.36
0.69
0.69
0.29
0.58
0.33
0.29
0.28
0.28
0.62
0.43
0.11
0.38
0.4
0.4
0.64
0.53
0.3
-0.22
0.52
0.47
0.55
0.71
0.35
-0.01
-0.01
0.56
0.33
0.32
0.33
0.63
0.63
0.35
0.53
0.48
0.05
0.51
0.51
0.33
0.44
0.35
0.42
0.4
0.4
1.14
-0.27
0.44
1.16
-0.14
-0.14
0.21
1.63
2.34
0.47
1.9
1.9
7.46
7.04
6.62
2.78
2.4
2.4
0.41
0.85
-0.76
-0.97
-0.7
-5.83
-5.83
-2.34
-2.97
-7
7.97
-2.64
-5.3
1.51
1.02
1.02
1.63
-1.19
1.55
-0.08
0.87
1.47
1.47
-0.56
1.17
-0.12
2.4
1.9
1.9
1.51
0.19
0.6
0.4
0.54
0.54
-0.25
-0.46
-1.13
0.56
0.56
0.48
0.47
0.45
0.38
0.52
0.29
0.29
0.27
0.45
0.74
0.2
0.2
0.57
0.23
0.57
0
0.4
0.4
0.46
0.4
0.55
0.36
0.11
0.11
0.15
0.04
-0.13
1.15
-0.29
-0.29
0.77
0.62
-0.05
0.87
0.21
0.55
-0.19
0.35
0.33
0.42
0.42
1.4
0.31
0.04
0.45
0.47
0.47
0.29
0.81
-0.19
1.12
-3.49
0.59
5.79
8.13
4.39
6.06
6.06
2.58
1.72
-0.89
-1.5
-1.5
-4.65
-2.39
-5.99
-10.72
9.65
9.65
0.11
1.25
0.11
0.98
0.98
0.23
0.27
0.45
0.67
0.48
0.48
-0.03
-0.11
1.12
0.33
0.55
0.55
1.58
2.24
-0.14
0.55
1.62
1.62
-0.82
-1.21
0.87
0.5
0.24
0.48
0.45
0.26
0.35
0.22
0.22
0.58
0.49
0.59
0.34
0.34
0.12
0.51
0.11
0.09
0.96
0.28
0.28
0.34
0.68
-0.36
-0.36
-0.07
0.37
0.21
0.76
0.34
0.18
0.18
0.33
0.3
0.43
0.43
0.32
0.54
0.26
0.33
0.45
0.18
-0.12
0.63
1.53
0.57
0.57
-0.32
-1.91
-2.78
7.24
4.66
7.21
5.97
7.6
9.69
2.69
2.13
1.35
-1.06
-2.03
-7.5
-6.24
-6.24
7.69
3.93
3.93
0.36
0.45
-1.2
1.36
-0.57
0.5
0.14
0.83
0.03
0.03
-0.29
-0.13
0.92
0.68
0.98
0.73
0.73
0.21
0.99
0.06
0.42
0.42
0.45
0.36
0.36
0.4
0.34
0.56
0.43
0.43
0.36
0.51
0.44
0.44
0.33
0.44
0.04
0.91
0.28
0.28
0.8
0
0.61
0.48
0.48
0.18
0.67
0.74
0.12
0.12
0.52
0.41
0.19
0.36
0.36
0.55
0.32
0.15
0.37
0.37
0.24
0.14
-0.37
0.87
0.25
-0.54
-7.24
4.52
5.57
5.57
5.02
6.23
3.86
6.59
0.16
2.91
1.37
-4.75
-1.08
-2.6
-4.67
3.18
-6.45
-0.81
1.53
-0.38
1.34
-0.73
0.64
-0.2
0.3
0.95
0.23
0
1.2
-0.13
1.82
1.64
1.73
0.7
0.28
0.39
0.34
1.13
0.39
0.54
0.48
0.37
0.43
0.06
0.38
0.6
0.46
0.4
0.4
0.17
0.44
0.27
0.23
0.23
0.08
0.68
0.65
0.65
0.54
0.24
-0.25
0.79
-0.47
0.13
1.1
0.36
0.26
0.72
-0.14
0.71
0.36
-0.19
0.8
0.11
0.4
0.55
0.88
-0.42
0.66
-0.19
0.87
0.73
0.06
-3.19
-0.12
5.06
5.74
6.47
9.05
5.47
5.49
4.82
1.02
0.61
-0.58
-2.13
-2.33
2.08
-11.94
-0.51
2.65
-10.97
2.06
0.95
0.75
0.8
0.74
0.67
-0.61
1.69
1.78
-0.19
-0.39
0.69
0.88
1.73
0.79
0.7
0.42
1.78
1.36
0.02
-0.36
0.31
0.24
0.42
0.5
0.18
0.37
0.4
0.22
0.31
0.58
0.09
0.52
0.34
0.5
0.28
0.19
0.15
0.74
0.46
0.08
0.74
0.73
0.1
0.35
0.35
0.88
0.54
0.35
0.32
0.57
0.32
0.2
0.47
0.24
0.33
0.4
0.44
0.82
-0.06
-0.22
-0.64
1.23
-0.03
-1.11
-2.05
-0.26
4.4
5.64
8.11
5.41
4.34
3.38
1.97
2.09
-0.11
-0.41
-1.44
-2.62
-3.65
-3.97
-10.29
-1.83
-1.84
2.23
-1.52
0.36
1.15
1.15
1.48
-0.12
1.36
-0.74
0.67
-0.97
2.05
0.01
2.41
0.43
0.61
1.22
0.55
0.18
0.53
-1.6
0.31
0.25
0.3
0.47
0.44
0.5
0.27
0.22
0.44
0.21
0.5
0.37
0.34
0.11
0.53
0.33
0.53
0.51
0.51
0.43
0.09
0.68
0.74
-0.31
0.39
0.35
0.96
0.58
0.1
0.47
0.13
0.2
0.44
0.51
0.44
0.25
0.51
0.09
1.61
0.95
-0.28
1.32
0.93
1.1
0.23
-2.18
-0.47
0.88
-0.74
9.23
3.71
6.08
4.88
2.13
2.14
0.77
0.05
-1.21
-4.06
-5.12
-6.52
-5.33
8.67
2.96
-0.98
-0.98
0.82
1.82
0.56
0.29
-0.23
0.46
0.62
0.26
0.42
-0.46
0.28
1.25
1.09
1.14
0.61
0.02
0.49
0.55
0
0
-0.43
0.76
0.27
0.31
0.38
0.44
0.44
0.39
0.31
0.35
0.63
0.43
0.32
0.42
0.55
0.55
0.26
0.31
0.72
0.43
0.57
0.57
0.57
0.68
0.82
-0.08
0.06
-0.32
-0.32
1.1
0.23
0.01
0.44
-0.06
0.69
0.38
0.29
0.29
0.51
0.38
0.31
0.41
0.1
0.1
0.87
0.47
0.25
0.69
0.88
0.41
0.41
-2.73
-6.7
4.47
3.34
8.13
8.13
4.86
5.35
6.19
4.17
0.55
0.55
2.44
1.7
-1.57
-7.35
-7.35
-0.29
-6.28
-3.03
4.42
-11.97
1.14
1.14
-0.41
-0.44
1.1
0.07
0.07
0.14
0.22
0.73
0.58
0.32
0.32
-0.59
-0.37
3.07
0.5
0.66
0.03
0.26
0.75
0.5
0.28
0.28
-0.94
0.42
0.41
0.43
0.31
0.31
0.27
0.46
0.25
0.48
0.27
0.27
0.34
0.31
0.44
0.31
0.44
0.47
0.02
0.71
0.42
0.71
0.71
0.18
-0.03
0.54
0.44
-0.23
-0.23
1.32
0.46
0.83
0.45
0.09
0.09
0.43
0.42
0.31
0.51
0.25
0.25
0.42
0.1
0.71
0.45
-0.24
-0.02
0.21
-0.24
0.45
0.08
0.08
-1.04
-1.04
2.89
4.5
6.02
6.02
6.48
3.58
5.05
4.43
-0.82
0.64
-0.25
-2.82
-0.68
-0.68
-3.45
-8.48
5.31
2.6
-8.25
-0.17
-0.17
0.13
1.41
0.17
0.3
0.34
0.34
0.21
0.26
0.93
-0.73
0.06
0.66
0.38
2.41
0.77
0.77
-0.33
1.55
-0.45
-0.56
1.24
-0.68
0.5
0.38
0.41
0.44
0.44
0.15
0.42
0.43
0.25
0.33
0.47
0.14
0.32
0.44
0.3
0.63
0.63
0.63
0.13
0.77
0.51
0.3
0.3
0.33
0.88
0.09
-0.69
0.3
-0.31
1.11
0.34
0.57
0.57
0.66
0.23
0.74
0.2
0.4
0.67
0.67
-0.07
0.32
1.66
0.01
1.09
0.05
0.68
0.63
-0.39
-0.39
-0.48
-2.73
5.47
5.15
6.46
6.42
4.66
3.67
1.84
3.05
2.48
2.48
-2.77
-2.77
-5.06
-5.06
-14.49
-7.72
6.1
0.43
0.43
-0.53
1.96
0.35
0.03
0.55
-0.38
0.79
-0.01
0.83
-0.83
1.67
0.9
1.76
1.83
1.06
1.06
0.5
0.97
0.97
-0.98
-0.98
0.63
0.37
0.44
0.47
0.47
0.37
0.65
0.03
0.48
0.37
0.18
0.49
0.25
0.59
0.55
0.89
0.48
0.44
0.5
0.5
0.45
0.48
-0.26
-0.6
0.66
0.92
0.25
0.04
0.25
0.25
0.5
0.46
0.35
0.28
0.28
-0.14
0.51
1.74
0.49
0.49
0.12
1.65
0.1
0.56
3.96
-5.45
6.2
6.54
5.43
5.26
4.96
3.39
-0.35
1.6
0.96
-1
-4.25
-4.09
-1.71
-7.55
-1.35
1.54
-5.28
3.45
-2.98
-0.39
1.24
0.75
0.82
0.26
0.92
-0.46
-0.2
0.16
0.71
1.43
1.58
0.51
1.22
-0.5
1.12
0.16
0.66
-1.33
-1.05
0.83
0.44
0.57
0.41
0.41
0.54
0.21
0.07
0.17
0.43
0.55
0.24
0.43
0.59
0.51
0.35
0.46
0.38
1.04
1.04
0.64
-0.66
0.82
0.2
0.36
-0.84
0.31
-0.03
0.52
-0.09
0.67
0.22
0.55
0.69
-0.3
0.73
0.63
0.87
-0.25
0.74
0.18
0.87
0.76
-0.47
2.58
1.76
7.21
7.21
4.92
5.94
4.24
0.53
0.15
0.81
-0.34
-2.92
-5.57
-3.34
-3.58
-4.04
7.21
3.53
0.31
0.3
-0.16
1.52
-0.12
-1.01
-0.45
0.1
1.11
1.1
-0.09
1.56
-0.38
1.63
0.19
0.77
0.61
0.47
0.11
0.48
-1.78
0.33
0.51
0.22
0.53
0.34
0.33
0.21
-0.09
0.67
-0.03
0.39
0.37
0.45
0.32
0.46
0.48
0.46
0.46
0.4
0.59
0.59
0.78
0.32
-0.67
0.37
0.16
0.71
0.47
0.3
0
0.44
0.38
0.22
0.74
-0.01
0.11
0.11
0.34
0.46
0.89
0.37
-0.02
-0.02
0.45
-0.01
1.06
0.08
-1.93
-4.23
10.25
3.14
5.59
3.95
3.95
6.57
7.04
4.59
0.9
0.74
-1.87
-2.79
-5.75
-0.21
-12.74
-12.74
-0.63
-2.85
0.76
0.77
0.42
0.42
-0.51
0.83
0.87
-0.87
0.95
-0.22
1.43
-0.33
-2.03
0.18
1.39
1.01
1.01
0.56
0.56
0.03
0.14
-0.01
-0.37
-0.56
0.3
0.52
0.41
0.35
0.28
0.28
0.4
0.36
0.27
0.29
0.42
0.53
0.42
0.35
0.36
0.36
0.04
0.39
0.04
0.3
0.61
0.61
0.45
1.04
-0.31
-1.31
1.36
1.36
1.29
0.46
0.76
0.09
0.61
0.05
0.05
0.2
0.4
0.3
0.47
0.23
0.23
0.29
0.61
0.18
0.57
0.57
0.35
0.38
0.37
0.22
0.54
0.25
0.68
0.61
0.06
0.35
0.57
0.34
0.25
0.46
0.29
0.29
0.34
0.41
0.31
0.45
0.18
0.18
0.47
0.38
0.31
0.47
0.36
0.32
0.35
0.42
0.39
0.33
0.31
0.36
0.47
0.39
0.32
0.39
0.4
0.39
0.4
0.28
0.38
0.35
0.42
0.37
0.31
0.27
0.39
0.45
0.39
0.33
0.37
0.38
0.37
0.38
0.3
0.31
0.41
0.39
0.4
0.3
0.34
0.41
0.41
0.33
0.26
0.33
0.41
0.41
0.39
0.31
0.38
0.41
0.41
0.4
0.33
0.35
0.35
0.42
0.36
0.3
0.34
0.36
0.42
0.41
0.36
0.4
0.39
0.38
0.34
0.29
0.33
0.36
0.42
0.4
0.3
0.35
0.41
0.4
0.42
0.29
0.35
0.37
0.43
0.37
0.3
0.33
0.41
0.39
0.42
0.29
0.34
0.39
0.38
0.35
0.28
0.32
0.41
0.41
0.41
0.3
0.35
0.38
0.42
0.41
0.28
0.37
0.38
0.4
0.38
0.27
0.32
0.4
0.36
0.42
0.32
0.39
0.4
0.4
0.37
0.3
0.34
0.4
0.42
0.4
0.29
0.34
0.37
0.41
0.33
0.28
0.31
0.37
0.4
0.41
0.31
0.36
0.39
0.4
0.43
0.29
0.32
0.4
0.42
0.35
0.28
0.35
0.39
0.44
0.42
0.32
0.33
0.39
0.4
0.35
0.28
0.34
0.38
0.42
0.41
0.29
0.35
0.4
0.41
0.4
0.29
0.4
0.36
0.4
0.38
0.28
0.33
0.4
0.43
0.41
0.32
0.35
0.39
0.41
0.35
0.3
0.31
0.4
0.41
0.4
0.34
0.36
0.36
0.4
0.32
0.29
0.29
0.35
0.4
0.39
0.38
0.27
0.37
0.37
0.39
0.39
0.32
0.35
0.34
0.43
0.35
0.35
0.29
0.32
0.4
0.4
0.43
0.33
0.37
0.37
0.42
0.34
0.27
0.27
0.34
0.38
0.39
0.38
0.28
0.41
0.36
0.44
0.38
0.3
0.35
0.4
0.45
0.45
0.33
0.33
0.6
0.59
0.54
0.62
0.62
-3.26
-0.8
-1.9
4.43
3.07
3.07
1.7
0.79
2.76
1.14
-1.24
-1.24
-0.26
-1.13
-0.9
-1.74
-0.5
-0.5
-0.84
-4.14
1.26
-10.85
-2.2
-2.2
-8.15
0.21
-0.8
-0.15
-0.56
-0.56
-1.15
-0.52
-0.33
0.28
0.48
0.48
0.22
0.32
0.14
0.6
0.34
0.34
0.05
0.09
-0.21
0.65
-0.21
-0.21
0.04
0.56
0.11
0.03
0.48
0.48
0.21
0.29
0.65
0.45
0.43
0.35
0.38
0.4
0.44
0.44
0.43
0.25
0.41
0.43
0.37
0.48
0.48
0.28
0.46
0.89
4.41
3.91
0.99
-4.14
1.5
3.04
3.04
-1.35
0.53
0.21
0.27
0.94
0.94
0.57
-0.04
0.37
0.23
0.55
0.5
0.5
0.79
-0.22
0.56
1.65
-0.64
3.2
7.45
15.88
1.81
1.81
3.37
5.06
1.91
0.82
-5.43
-5.43
-2.97
-4.82
-8.69
-9.64
-7.56
-7.58
-7.58
-2.29
-1.24
10.56
10.56
-2.37
-0.38
0.44
-2.62
-2.88
-2.88
-1.37
3.33
0.42
0.29
0.3
0.3
-1.52
-0.55
-1.17
0.13
0.57
0.57
0.72
0.88
0.6
0.25
1.9
0.56
0.56
0.55
0.7
0.45
0.45
0.31
0.58
0.47
0.27
0.38
0.38
0.61
0.25
0.29
0.55
0.34
0.46
0.46
0.27
0.4
0.51
0.51
0.33
0.36
0.94
1.86
-1.58
-1.58
0.34
1.02
0.98
1.22
-2.9
-2.9
0.74
0.33
0.05
3.4
4.02
4.02
-1.43
-3.09
0.77
0.6
0.27
0.27
3.41
1.4
-1.21
2.71
4.63
8.88
11.35
8.98
0.17
-2.49
-2.49
-2.25
-0.9
-5.64
-6.43
-5.01
-5.01
-7.09
-10.61
-5.48
-2.82
-2.25
-2.25
0.1
-3.76
-0.35
3.4
1.7
1.7
0.23
1.13
-0.69
-0.83
-0.83
0.05
2.49
0.33
0.98
1.9
0.23
0.23
-0.89
-0.07
0.13
0.13
1.14
1.14
0.81
0.77
-0.76
0.72
0.72
0.7
0.53
0.28
0.27
0.35
0.36
0.36
0.29
0.49
0.25
0.46
0.2
0.2
0.41
0.33
0.31
0.32
0.32
0.22
0.37
0.36
0.59
0.4
0.48
0.48
0.39
0.35
1.19
1.19
0.87
0.67
2.12
2.15
-0.62
-0.62
0.82
0.85
0.28
0.05
2.35
2.35
2.67
-1.55
-1.79
-0.28
-0.03
-0.03
1.87
3.55
1.12
9.13
10.63
10.63
9.31
9.14
6.81
0.67
-2.6
-2.6
-4.88
-0.89
-9.22
-3.05
-7.77
-7.77
-6.5
-10.54
-4.37
-2.03
-1.18
-1.18
-4.27
1.03
0.41
-2.05
-3.43
-3.43
-0.11
1.24
0.07
0.4
0.25
0.25
0.64
0.06
0.56
1.78
0
0
-0.87
0.01
-0.35
1.18
-0.03
-0.03
0.13
0.06
-0.54
1.63
1.63
-1.95
0.37
0.24
0.39
0.69
0.69
0.22
0.42
0.28
0.34
0.26
0.26
0.11
0.07
0.34
0.22
0.23
0.23
0.07
0.58
0.17
0.32
0.45
0.38
0.38
0.54
0.49
1.23
0.22
0.2
0.6
0.84
-0.53
0
0
0.51
0.45
0.17
1.83
2.87
2.87
0.91
-2.84
0.1
0.48
0.48
2.37
2.34
1.15
2.54
7.58
7.58
12.4
7.17
9.68
-0.02
-3.11
-3.11
5.09
-5.24
-5.04
-5.89
-7.4
-7.4
-11.61
-8.97
-6.91
-4.55
-4.55
-5.93
-0.64
0.35
0.6
7.15
7.15
5.56
0.45
0.66
0.27
-0.03
-0.03
-0.08
0.62
0.48
0.86
0.33
0.33
1.12
-0.13
0.09
0.65
0.81
0.81
0.82
0.11
0.35
-0.53
0.7
0.72
-0.56
0.25
0.4
0.11
0.11
0.42
0.33
0.49
0.47
0.3
0.12
0.38
0.31
0.19
0.19
0.19
0.22
0.3
0.39
0.51
0.28
0.28
0.38
0.46
0.49
0.4
1.49
1.49
-0.23
-0.64
0.4
1.03
-0.7
-0.7
0.7
0.41
0.29
0.81
0.34
3.11
2.47
-2.42
0.69
1.92
1.92
2.16
3.21
2.88
5.06
4.32
4.32
10.43
6.23
8.9
2.75
-0.44
-0.44
-2.14
-7.11
-3.53
-14.22
-14.22
-8.89
-9.28
-9.45
-7.6
-4.25
-4.25
-3.59
-3.74
1.75
7.77
8.13
8.13
0.54
-1.22
1.23
-0.36
0.07
0.07
0.06
0.68
0.9
0.02
0.11
0.11
-0.01
0.58
1.19
1.36
0.63
0.63
0
0.49
-0.47
-0.51
-0.06
-0.06
0.45
0.65
0
0.41
0.33
0.33
0.24
0.41
0.43
0.52
0.22
0.22
0.02
0.5
0.14
0.56
0.24
0.34
0.37
0.35
0.44
0.4
0.4
0.4
0.37
0.5
0.61
0.89
0.89
-1.71
0.53
0.4
0.17
0.39
0.39
0.7
0.77
0.22
0.96
0.42
0.42
2.71
1.65
-2.81
0.77
2.74
2.74
0.17
0.71
3.48
10
7.76
7.76
5.59
8.26
10.97
5.17
-2.23
-2.23
-0.4
-3.46
-8.67
-13.35
-13.54
-13.54
-11.13
-10.4
-7.42
-3.52
-3.71
-3.71
-3.96
3.49
4.17
-1.24
-1.38
-1.38
0.18
-0.42
-0.01
0.47
0.72
0.72
0.69
0.49
0.58
0.96
0.19
0.19
0.4
-0.21
1.37
-0.04
0.36
0.36
0.68
-0.43
0.36
0.55
0.97
0.97
-1.25
1.91
0.09
0.44
0.32
0.32
0.35
0.42
0.52
0.4
0.52
0.52
0.22
0.55
0.04
0.37
0.54
0.54
0.21
0.43
0.4
0.34
0.4
0.4
0.35
1.68
1.83
-1.52
0.63
0.63
0.14
2.15
0.26
0.02
-1.72
-1.72
0.09
0.27
1.13
0.66
0.75
0.75
-0.03
0.49
0.27
2.7
2.47
2.47
-2.12
-0.48
6.31
12.32
8.25
8.25
2.49
13.18
9.34
8.13
0.41
0.41
-5.16
1.91
-11.66
-16.54
-15.63
-15.63
-15.09
-8.7
-7.78
-7.01
-0.62
-0.62
5.42
15.66
11.51
1.74
2.16
2.16
-1.62
-1.99
-0.95
3.99
2.19
2.19
0.32
0.38
-0.27
1.79
0.87
0.87
0
0.62
0.58
0.4
0.32
0.32
-1.07
-0.51
0.14
-0.57
-0.57
0.45
-0.85
2.13
0.5
0.62
0.45
0.45
0.33
0.37
0.59
0.26
0.26
0.18
0.23
0.36
0.34
0.36
0.45
0.45
0.29
0.4
0.43
0.49
0.74
2.16
2.16
1.49
2.76
-0.74
-1.65
-1.65
1.42
0.78
-0.79
0.84
0.84
0.35
0.53
0.9
-0.28
0.76
0.76
0.42
0.07
0.48
0.2
0.44
0.44
-0.33
0.55
0.26
0.39
1.25
1.25
6.5
15.36
15.58
10.76
4.84
4.84
-0.44
-3.44
-2.01
-10.91
-14.76
-14.76
-17.12
-9.85
-10.73
-10.98
-3.68
-3.68
2.14
-3.97
4.65
-6.44
0.45
0.45
-0.07
-2.15
-1.28
2.07
2.56
2.56
0.79
-0.49
0.51
-0.4
0.58
0.58
0.17
-0.21
1
0.14
-0.09
-0.09
0.09
-0.67
0.17
1
0.52
0.52
1.04
0.62
0.36
0.37
0.36
0.36
0.47
0.44
0.33
0.51
0.21
0.21
0.39
0.24
0.35
0.28
0.29
0.29
0.47
0.37
0.52
0.45
1.08
1.08
3.54
0.73
-1.89
-3.73
-1.11
-1.11
0.53
1.1
1.18
1.18
0.88
0.88
0.83
-0.92
-0.69
-0.9
0.49
0.49
-0.19
0.42
0.16
0.18
0.42
0.42
0.79
0.2
0.54
2.13
4.7
4.7
11.91
10.15
7.11
5.18
-1.24
-1.24
-4.04
-5.43
-8.58
-9.68
-6.21
-6.21
-5.62
-7.57
-7.22
-1.72
-6.92
-6.92
4.69
9.23
-4.65
0.76
-1.65
-4.36
-4.36
-1.76
4.28
-1.15
1.46
0.45
0.15
-1.07
1.11
1.11
-0.04
0.35
1.1
-0.09
0.25
0.25
-0.11
0.63
-0.4
1.32
-1.57
-1.57
0.85
0.53
0.41
0.37
0.45
0.45
0.58
0.38
0.3
0.28
0.41
0.41
0.39
0.26
0.34
0.25
0.43
0.43
0.53
0.41
0.41
1.02
2.88
5.31
5.31
5.59
-7.14
2.12
2.12
1.5
1.32
-0.42
-2.41
0.1
0.1
0.46
1.69
0.97
-0.36
0.38
0.38
0.39
0.96
0.8
-1.21
0.38
0.76
-0.22
0.81
1.56
2.58
2.58
10.75
9.34
7.73
3.21
3.23
3.23
-1.82
-3.06
-5.91
-3.99
-4.81
-4.81
-5.71
-5.34
-7.2
-1.33
-0.39
-0.39
-0.56
-1.59
1.92
0.52
-2.96
-2.96
-2.07
-0.71
4.25
0.33
0.64
0.64
0.35
0.01
0.22
0.05
0.94
0.94
0.32
0.75
0.44
0.22
0.57
0.57
0.31
0.52
0.26
0.51
0.9
0.71
0.1
0.66
0.1
0.49
0.49
1.47
-0.17
-0.22
0.43
0.39
0.39
0.54
0.36
0.51
0.14
0.34
0.34
0.25
0.39
0.28
0.33
0.43
0.43
0.35
0.39
0.32
0.37
0.37
0.33
0.3
0.39
0.45
0.45
0.29
0.46
0.31
0.42
0.28
0.3
0.3
0.33
0.37
0.37
0.37
0.29
0.35
0.35
0.35
0.38
0.34
0.24
0.35
0.35
0.34
0.24
0.35
0.36
0.36
0.41
0.28
0.33
0.35
0.35
0.38
0.27
0.31
0.4
0.4
0.4
0.28
0.32
0.38
0.38
0.33
0.33
0.33
0.36
0.36
0.38
0.3
0.37
0.36
0.36
0.38
0.3
0.3
0.36
0.36
0.38
0.28
0.29
0.37
0.37
0.4
0.28
0.33
0.38
0.38
0.37
0.28
0.29
0.33
0.33
0.35
0.31
0.33
0.34
0.34
0.36
0.29
0.34
0.38
0.41
0.38
0.28
0.35
0.37
0.37
0.4
0.27
0.35
0.35
0.41
0.36
0.26
0.32
0.34
0.34
0.37
0.28
0.32
0.35
0.39
0.33
0.25
0.33
0.36
0.36
0.38
0.3
0.33
0.35
0.35
0.39
0.3
0.35
0.36
0.36
0.34
0.25
0.3
0.34
0.34
0.37
0.29
0.34
0.37
0.37
0.38
0.26
0.3
0.36
0.36
0.37
0.3
0.34
0.4
0.4
0.4
0.27
0.33
0.36
0.36
0.35
0.26
0.37
0.36
0.36
0.39
0.43
0.35
0.38
0.38
0.34
0.24
0.3
0.41
0.41
0.38
0.4
0.29
0.37
0.37
0.38
0.31
0.27
0.37
0.37
0.38
0.39
0.29
0.38
0.38
0.38
0.43
0.28
0.34
0.34
0.41
0.35
0.27
0.36
0.36
0.4
0.37
0.31
0.36
0.39
0.38
0.34
0.27
0.32
0.37
0.4
0.36
0.27
0.33
0.35
0.38
0.37
0.25
0.3
0.34
0.4
0.35
0.28
0.3
0.39
0.37
0.39
0.27
0.3
0.36
0.36
0.34
0.26
0.33
0.37
0.4
0.37
0.29
0.34
0.35
0.37
0.32
0.26
0.32
0.37
0.38
0.38
0.24
0.35
0.35
0.39
0.41
0.27
0.33
0.37
0.38
0.34
0.28
0.3
0.37
0.4
0.37
0.29
0.32
0.33
0.37
0.35
0.29
0.3
0.38
0.36
0.34
0.27
0.35
0.38
0.4
0.4
0.26
0.33
0.34
0.37
0.34
0.26
0.31
0.37
0.36
0.39
0.29
0.32
0.35
0.37
0.35
0.25
0.33
0.37
0.38
0.38
0.3
0.33
0.39
0.38
0.31
0.29
0.32
0.37
0.4
0.38
0.27
0.34
0.36
0.41
0.41
0.27
0.3
0.37
0.39
0.33
0.25
0.32
0.39
0.39
0.38
0.31
0.3
0.36
0.36
0.34
0.29
0.31
0.36
0.37
0.38
0.28
0.32
0.36
0.35
0.4
0.27
0.31
0.33
0.38
0.4
0.27
0.3
0.35
0.38
0.35
0.27
0.31
0.37
0.36
0.36
0.28
0.32
0.38
0.35
0.35
0.28
0.33
0.39
0.38
0.34
0.28
0.3
0.33
0.39
0.35
0.3
0.35
0.36
0.38
0.39
0.28
0.33
0.35
0.41
0.35
0.25
0.33
0.36
0.4
0.36
0.28
0.34
0.34
0.38
0.33
0.26
0.3
0.33
0.38
0.4
0.29
0.34
0.36
0.36
0.4
0.28
0.33
0.35
0.36
0.33
0.23
0.32
0.39
0.42
0.39
0.29
0.33
0.34
0.41
0.34
0.25
0.33
0.38
0.38
0.34
0.28
0.33
0.36
0.39
0.33
0.23
0.33
0.35
0.37
0.33
0.25
0.35
0.38
0.42
0.4
0.26
0.33
0.37
0.39
0.36
0.27
0.32
0.35
0.37
0.39
0.27
0.3
0.36
0.37
0.33
0.25
0.31
0.35
0.38
0.36
0.25
0.35
0.36
0.39
0.4
0.27
0.3
0.37
0.13
0.35
0.29
0.32
0.34
0.4
0.37
0.37
0.25
0.36
0.41
0.33
0.37
0.29
0.27
0.55
0.26
0.48
0.12
-0.04
0.66
0.03
0.27
0.53
0.12
0.34
0.48
0.35
0.1
0.3
0.42
0.31
0.72
0.72
0.48
0.36
0.95
0.01
0.2
0.28
0.28
0.59
0.95
0.96
0.73
-0.12
-0.12
0.3
0.65
-0.33
0.65
-0.14
-0.14
0.43
-0.25
1.47
-0.55
-0.28
-0.28
2.26
0.51
-1.78
0.23
0.21
0.21
-1.01
-1.07
-0.1
1.11
0.37
0.37
-0.82
1.07
-0.83
0.6
0.01
0.63
0.63
0.34
0.58
1.22
0.02
0.06
0.08
1.43
1.43
3.36
2.13
3.05
-0.2
1.84
-0.69
0.42
-1.14
-1.14
-1.61
0.97
0.52
-3.92
-3.16
8.9
8.9
5.33
-5.54
-2.94
-1.86
0.03
0.98
0.98
-2.78
2.14
-0.88
0.07
0.09
-0.51
-0.41
-4.46
-4.46
-1.8
-3.48
2.06
3.98
2.35
2.61
2.61
-1.52
0.44
0.08
0.23
-0.28
-0.28
0.14
1.68
3.86
0.01
-0.24
0.21
0.36
0.36
0.03
0.11
0.67
0.62
0.48
-0.8
1.08
1.08
-0.18
0.72
0.11
0.18
0.45
2.19
2.19
-0.73
-2.32
-5.89
2.64
0.72
0.72
1.21
3.93
-3.74
1.2
1.73
1.73
-0.66
1.28
0.14
0.37
0.56
0.56
0.84
0.32
-0.3
0.46
-0.69
-0.69
0.56
0.75
0.66
2.81
-0.55
-0.55
-0.84
-1.1
-1.46
1.56
0.87
0.87
6.54
-0.89
0.75
0.11
-1.06
-1.06
-1.38
-4.46
-0.14
2.67
10.18
10.18
1.66
-6.14
0.43
1.19
5.21
5.21
-2.04
-4.31
-1.63
1.38
0.47
0.47
0.39
0.58
-0.36
-3.01
-0.38
-0.38
2.25
0.87
0.26
0.87
-1.92
-1.92
-0.77
0.9
-0.61
-0.7
-0.7
-0.51
-0.89
0.15
6.44
0.04
0.04
4.37
0.41
1
0.51
0.15
0.15
0.61
0.63
0.37
0.15
0.86
0.86
0
0.67
0.3
0.92
2.19
2.19
-4.51
-4.67
-1.21
-3.31
-2.84
-2.84
1.01
2.5
-0.22
1.35
2.2
2.2
1.48
-0.67
0.62
0.57
-0.06
-0.06
0.91
0.52
0.01
-0.33
0.19
0.19
1.13
0.9
-0.11
2.29
-1.07
-1.07
0.13
0.17
0.72
-1.01
3.15
3.15
0.45
3.55
1.76
0.77
2.05
2.05
-6.47
-2.96
7.04
6.85
-9.82
-9.82
3.35
-0.17
0.86
-2.14
-3.6
-3.6
2.35
0.57
0.28
0.58
-0.54
-0.54
0.38
-2.14
1.39
3.3
3.14
3.14
1.89
-1.8
5.43
4.08
2.59
2.59
-0.17
-0.96
-1.39
-1.63
-2.22
-2.22
-1.6
-1.73
-1.37
3.08
11.95
11.95
-3.96
2.68
-0.97
0.07
0.33
0.33
0.04
0.46
0.92
-0.15
0.72
0.72
0.06
1.9
0.31
-1.28
-2
-2
0.55
-0.11
-1.51
-1.04
-3.52
-3.52
-2.05
0.41
-1.11
-2.5
-0.51
-0.51
-0.83
2.13
-0.9
-1.35
0.68
0.68
0.4
0.7
-0.11
0.04
0.35
0.35
1.8
0.5
1.78
-0.21
0.39
0.39
-3.5
-0.54
0.86
-2.64
2.89
2.89
-2.43
-0.07
1.98
0.98
0.01
0.01
1.45
-0.34
-3.27
0.9
-1.45
-1.45
0.45
-0.03
-0.81
-0.31
-0.46
-0.46
2.11
-0.02
1.57
-1.78
-1.08
-1.08
-0.55
5.84
-0.17
-2.37
4.52
4.52
2.42
2.59
-0.63
1.61
2.03
2.03
2.35
3.14
-1.03
-3.97
-4.14
-4.14
-0.96
2.89
-0.33
-1.93
2.48
2.48
-0.78
-1.52
0.3
-0.68
0.89
0.89
-0.97
0.84
0.37
-0.18
0.82
0.82
1.91
2.69
2.35
1.49
0.65
0.65
-4.26
-4.3
-2.27
-1.35
-5.46
-5.46
-3.36
2.87
-2.2
1.39
1.08
1.08
-2.33
-0.23
0.46
-0.77
0.34
0.34
0.82
0.47
0.46
-1.18
2.21
2.21
-0.71
-0.58
0.2
0.96
0.27
0.27
0.32
0.5
-0.13
-0.69
-0.46
-0.46
-0.77
3.07
0.35
2.62
0.73
0.73
5.98
-2.18
0.74
1
-0.33
-0.33
-0.14
-0.01
0.11
-0.19
1.62
1.62
0.33
-1.23
1.52
1.25
0.96
0.96
-0.35
-0.09
0.56
0.7
-0.26
-0.26
0.34
-0.33
0.8
-1.76
-1.34
-1.34
4.33
7.09
9.57
6.02
1.04
1.04
0.09
-5.41
-7.02
-2.48
-2.04
-2.04
-0.42
-0.41
-0.37
0.37
1.23
1.23
1.41
0.91
1.1
1.08
0.86
0.86
0.91
0.89
-0.12
-0.22
-0.78
-0.78
0.23
1.7
1.92
0.06
1.16
1.16
1.37
0.01
0.23
0.25
0.39
0.39
0.58
0
0.44
-0.03
0.24
0.24
0.27
0.48
0.25
0.19
0.28
0.28
0.33
0.36
0.31
0.13
0.38
0.38
0.31
0.39
0.33
0.23
0.35
0.35
0.37
0.37
0.36
0.1
0.39
0.39
0.3
0.13
0.18
0
0.47
0.47
0.4
0.22
0.37
0.47
0.47
0.37
0.38
0.27
0.35
0.19
0.36
0.33
0.35
0.28
0.24
0.24
0.31
0.33
0.33
0.32
0.32
0.38
0.21
0.34
0.35
0.35
0.28
0.43
0.35
0.22
0.3
0.37
0.33
0.37
0.2
0.29
0.32
0.37
0.23
0.26
0.23
0.38
0.32
0.36
0.22
0.29
0.29
0.37
0.34
0.31
0.25
0.31
0.33
0.35
0.33
0.2
0.26
0.34
0.34
0.4
0.22
0.31
0.29
0.33
0.29
0.22
0.29
0.32
0.39
0.34
0.24
0.3
0.33
0.33
0.34
0.24
0.3
0.33
0.33
0.33
0.23
0.26
0.3
0.33
0.34
0.27
0.29
0.33
0.33
0.31
0.24
0.27
0.35
0.35
0.35
0.23
0.28
0.33
0.37
0.26
0.22
0.26
0.32
0.33
0.33
0.26
0.31
0.34
0.34
0.36
0.25
0.3
0.31
0.35
0.29
0.22
0.28
0.35
0.34
0.35
0.25
0.32
0.31
0.34
0.28
0.22
0.29
0.33
0.38
0.35
0.25
0.33
0.32
0.33
0.33
0.24
0.26
0.31
0.37
0.32
0.23
0.28
0.32
0.35
0.34
0.25
0.3
0.33
0.34
0.28
0.23
0.3
0.33
0.34
0.35
0.26
0.31
0.34
0.34
0.26
0.25
0.29
0.33
0.33
0.33
0.24
0.31
0.34
0.33
0.34
0.23
0.29
0.32
0.35
0.32
0.25
0.29
0.34
0.33
0.34
0.26
0.31
0.33
0.37
0.29
0.22
0.26
0.3
0.36
0.33
0.22
0.29
0.33
0.36
0.35
0.23
0.28
0.33
0.33
0.31
0.22
0.28
0.34
0.33
0.36
0.22
0.29
0.3
0.34
0.3
0.23
0.28
0.35
0.35
0.37
0.24
0.32
0.33
0.33
0.28
0.23
0.29
0.32
0.35
0.34
0.23
0.27
0.3
0.32
0.33
0.26
0.28
0.32
0.34
0.31
0.24
0.27
0.32
0.33
0.33
0.25
0.26
0.33
0.34
0.29
0.24
0.29
0.31
0.31
0.34
0.2
0.31
0.34
0.33
0.34
0.25
0.29
0.28
0.37
0.32
0.24
0.27
0.34
0.38
0.34
0.22
0.3
0.34
0.34
0.28
0.23
0.29
0.33
0.36
0.35
0.23
0.29
0.32
0.35
0.26
0.23
0.29
0.3
0.37
0.31
0.23
0.24
0.33
0.33
0.33
0.22
0.26
0.32
0.35
0.29
0.21
0.23
0.3
0.33
0.34
0.25
0.3
0.33
0.35
0.29
0.23
0.29
0.31
0.37
0.33
0.24
0.32
0.34
0.34
0.35
0.24
0.3
0.28
0.35
0.31
0.22
0.23
0.33
0.33
0.36
0.24
0.27
0.33
0.32
0.28
0.21
0.3
0.35
0.37
0.35
0.24
0.29
0.32
0.36
0.34
0.23
0.29
0.32
0.36
0.33
0.22
0.26
0.33
0.32
0.36
0.22
0.31
0.34
0.35
0.32
0.23
0.28
0.34
0.33
0.32
0.23
0.31
0.33
0.34
0.28
0.22
0.29
0.33
0.36
0.33
0.23
0.32
0.33
0.34
0.38
0.22
0.31
0.32
0.37
0.33
0.22
0.24
0.34
0.33
0.35
0.22
0.29
0.32
0.34
0.29
0.26
0.29
0.31
0.34
0.35
0.22
0.34
0.34
0.35
0.35
0.34
0.22
0.31
0.32
0.31
0.33
0.23
0.25
0.33
0.34
0.35
0.24
0.29
0.33
0.35
0.31
0.31
0.25
0.25
0.34
0.34
0.36
0.26
0.27
0.33
0.36
0.27
0.21
0.21
0.28
0.34
0.34
0.35
0.25
0.33
0.32
0.32
0.38
0.24
0.27
0.33
0.33
0.34
0.29
0.22
0.28
0.34
0.34
0.36
0.24
0.29
0.33
0.35
0.35
0.31
0.23
0.29
0.34
0.36
0.34
0.22
0.29
0.28
0.34
0.37
0.24
0.24
0.29
0.32
0.34
0.33
0.23
0.27
0.31
0.34
0.34
0.34
0.24
0.29
0.32
0.33
0.29
0.21
0.29
0.34
0.34
0.34
0.35
0.24
0.31
0.31
0.35
0.28
0.23
0.3
0.34
0.35
0.34
0.34
0.22
0.31
0.34
0.35
0.37
0.23
0.29
0.32
0.35
0.31
0.23
0.23
0.28
0.33
0.35
0.34
0.25
0.28
0.31
0.33
0.3
0.21
0.21
0.24
0.31
0.32
0.35
0.25
0.31
0.32
0.32
0.36
0.25
0.25
0.3
0.36
0.33
0.22
0.22
0.28
0.33
0.33
0.38
0.25
0.27
0.31
0.37
0.29
0.23
0.28
0.33
0.33
0.33
0.24
0.24
0.31
0.34
0.29
0.21
0.21
0.29
0.37
0.32
0.21
0.21
0.3
0.29
0.34
0.22
0.22
0.29
0.31
0.3
0.21
0.21
0.25
0.35
0.34
0.25
0.25
0.28
0.35
0.29
0.22
0.22
0.26
0.34
0.36
0.22
0.22
0.32
0.33
0.36
0.24
0.24
0.32
0.33
0.3
0.22
0.22
0.33
0.33
0.37
0.22
0.22
0.33
0.35
0.32
0.22
0.22
0.35
0.38
0.34
0.22
0.22
0.32
0.32
0.29
0.21
0.28
0.32
0.35
0.35
0.23
0.23
0.34
0.33
0.36
0.24
0.24
0.31
0.33
0.3
0.22
0.22
0.34
0.35
0.34
0.24
