9.04
9.04
9.03
9.08
9.05
9.05
9.05
9.02
9.06
9.04
9.05
9.06
9.04
9.05
9.04
9.02
9.02
9.05
9.05
9.04
9.03
9.05
9.05
9.05
9.03
9.03
9.03
9.03
9.05
9.04
9.05
9.05
9.05
9.04
9.05
9.05
9.05
9.04
9.03
9.05
9.05
9.05
9.04
9.05
9.04
9.06
9.06
9.06
9.05
9.05
9.05
9.05
9.05
9.03
9.05
9.05
9.05
9.05
9.06
9.04
9.05
9.03
9.04
9.05
9.05
9.04
9.04
9.05
9.05
9.04
9.04
9.04
9.03
9.05
9.06
9.03
9.03
9.06
9.06
9.06
9.06
9.05
9.06
9.06
9.05
9.05
9.05
9.06
9.05
9.05
9.04
9.04
9.05
9.05
9.06
9.05
9.05
9.04
9.03
9.04
9.07
9.07
9.04
9.05
9.05
9.05
9.05
9.04
9.06
9.06
9.04
9.04
9.06
9.05
9.02
9.05
9.05
9.04
9.05
9.04
9.06
9.02
9.05
9.05
9.05
9.06
9.06
9.04
9.05
9.05
9.05
9.05
9.05
9.02
9.05
9.06
9.04
9.06
9.05
9.06
9.06
9.04
9.04
9.06
9.06
9.05
9.06
9.05
9.06
9.04
9.05
9.05
9.05
9.05
9.06
9.05
9.05
9.04
9.04
9.03
9.05
9.06
9.05
9.05
9.07
9.05
9.03
9.04
9.04
9.03
9.04
9.03
9.04
9.05
9.06
9.05
9.06
9.05
9.03
9.04
9.04
9.06
9.06
9.05
9.04
9.05
9.05
9.05
9.05
9.05
9.04
9.05
9.03
9.05
9.06
9.07
9.05
9.06
9.05
9.04
9.05
9.06
9.05
9.06
9.05
9.06
9.05
9.04
9.05
9.05
9.05
9.05
9.05
9.05
9.06
9.05
9.05
9.04
9.06
9.04
9.06
9.04
9.05
9.04
9.05
9.02
9.06
9.05
9.05
9.05
9.05
9.06
9.08
9.05
9.04
9.05
9.03
9.07
9.06
9.04
9.04
9.05
9.07
9.04
9.04
9.05
9.04
9.06
9.04
9.05
9.06
9.05
9.05
9.05
9.05
9.04
9.05
9.05
9.04
9.05
9.04
9.05
9.05
9.06
9.05
9.05
9.06
9.05
9.04
9.05
9.05
9.06
9.05
9.07
9.06
9.08
9.05
9.05
9.04
9.06
9.04
9.05
9.04
9.04
9.06
9.04
9.05
9.05
9.04
9.04
9.05
9.05
9.06
9.03
9.04
9.04
9.04
9.04
9.05
9.05
9.04
9.05
9.05
9.04
9.06
9.05
9.05
9.05
9.05
9.04
9.05
9.05
9.05
9.07
9.04
9.04
9.05
9.03
9.05
9.03
9.06
9.06
9.05
9.05
9.06
9.05
9.07
9.04
9.05
9.05
9.05
9.04
9.06
9.07
9.04
9.05
9.05
9.05
9.06
9.04
9.05
9.05
9.04
9.06
9.05
9.05
9.03
9.05
9.05
9.05
9.05
9.05
9.06
9.06
9.04
9.03
9.05
9.05
9.07
9.04
9.05
9.05
9.06
9.05
9.06
9.03
9.02
9.05
9.04
9.05
9.02
9.05
9.04
9.06
9.06
9.04
9.05
9.07
9.04
9.06
9.05
9.04
9.06
9.05
9.05
9.05
9.06
9.06
9.06
9.06
9.05
9.04
9.04
9.06
9.05
9.06
9.02
9.04
9.06
9.05
9.05
9.03
9.04
9.03
9.06
9.05
9.06
9.04
9.05
9.05
9.04
9.04
9.05
9.05
9.05
9.05
9.05
9.05
9.05
9.06
9.07
9.05
9.05
9.06
9.06
9.06
9.05
9.05
9.06
9.04
9.05
9.05
9.04
9.06
9.06
9.05
9.05
9.05
9.03
9.04
9.05
9.05
9.05
9.05
9.05
9.05
9.06
9.04
9.04
9.04
9.04
9.04
9.05
9.04
9.04
9.05
9.04
9.05
8.97
8.97
9.08
9.14
8.96
9.07
9.05
9.08
9.06
9.09
9.09
9
9.08
8.98
9.09
8.97
9.06
9.05
9.03
9.05
9.02
9.02
9.06
9.03
9.06
9
9.12
9.03
9.08
9.01
9.05
9.05
8.74
8.86
9
8.54
9.31
9.31
8.81
9.46
9.55
9.66
8.55
8.55
8.01
8.27
7.69
11.11
8.21
8.21
9.51
9.23
9.63
7.84
9.14
9.14
9.2
11.02
6.77
12.94
4.36
4.36
5.97
8.6
9.17
10.36
6.85
6.85
10.89
8.05
8.44
9.03
8.73
8.73
8.83
9.61
8.37
9.53
8.42
8.42
10.9
7.06
10.37
9.24
8.75
8.75
7.69
9.52
35.78
6.21
10.89
10.89
11.51
-0.85
6.25
10.65
2.3
2.3
-12.48
2.99
-4.67
7.83
-6.98
-6.98
21.23
-3.01
10.85
3.73
8.91
8.91
11.32
15.59
5.89
7.12
14.76
14.76
8.01
8.52
9.22
11.92
4.32
4.32
4.26
12.46
8.97
6.12
4.39
4.39
13.4
3.7
15.32
3.43
5.49
5.69
5.06
22.65
22.65
6.47
9.47
8.73
9.22
8.82
9.52
9.52
8.78
9.15
8.9
9.32
8.25
9.02
9.02
9.05
9.05
9.08
9.02
9.06
8.89
9.76
9.46
8.79
8.79
9.85
7.32
9.47
9.26
8.55
9.25
9.25
9.25
9.49
8.87
8.87
8.88
10.93
7.54
9.86
8.3
11.34
11.34
12.54
3.38
7.06
10.61
7.34
6.18
13.58
8.68
23.54
23.54
-8.44
13.89
-3.14
2.54
1.53
1.53
-15.06
11.42
-6.96
2.51
26.02
26.02
-24.49
16.69
9.76
7.88
8.09
12.71
8.67
13.15
10.47
7.85
7.85
8.3
10.97
17.4
7.35
4.12
4.12
3.3
13.31
5.77
1.96
6.96
6.96
6.67
6.48
6.46
7.98
7.98
4.26
8.96
11.39
16.46
7.6
7.6
8.76
8.69
9.17
8.67
8.9
8.9
9.7
10.15
8.57
9.49
9.81
8.56
8.86
9.63
8.78
9.12
9.12
8.99
7.97
9.45
8.95
9.7
10.7
10.7
7.73
9.1
9.19
9.19
8.9
9.77
9.29
8.59
9.85
9.85
8.95
9.61
8.12
9.56
9.24
9.24
9.16
9.43
8.98
7.91
8.37
8.37
7.83
31.96
5.35
-5.22
28.5
28.5
0.24
2.58
6.92
3.35
3.35
-12.46
20.85
4.73
-7.05
-7.05
29.87
11.47
13.85
-23.82
32.12
9.95
9.95
18.53
4.27
4.86
12.13
12.13
16.83
3.08
15.1
0.87
0.87
10.95
0.18
12.28
9.01
5.15
6.48
6.48
12.38
5.42
8.2
8.2
3.84
10.55
9.72
27.24
8.98
8.98
8.69
8.58
9.66
10.16
9.53
9.53
9.4
9.05
9.24
8.65
8.75
8.66
8.66
8.85
9.25
8.91
8.82
9.03
9.03
8.02
8.88
10.94
10.94
8.99
8.88
10.8
10.19
10.68
8.23
8.23
9.12
8.72
9.1
9.1
9.41
9.33
9.01
8.85
13.94
13.94
9.85
9.02
8.92
10.27
7.67
7.67
9.45
5.65
17.49
-17.93
24.39
24.39
16.29
-5.09
5.39
10.93
1.5
1.5
14.29
9.75
16.34
-18.37
-18.37
2.82
-10.85
-2.74
11.51
11.51
10.41
9.65
4.43
5.99
15.09
15.09
8.29
13.84
12.04
8.26
8.26
2.12
6.52
13.98
1.93
5.04
5.04
9.16
2.67
3.77
8.81
8.81
13.13
9.63
8.98
9
8.76
8.76
9.45
8.7
9.23
9.11
9.21
9.21
9
9.29
9.22
8.79
9.25
9.25
9.07
8.85
8.79
8.94
8.57
8.57
9.37
9.65
10.83
8.14
9.71
9.71
8.2
8.84
9.53
8.23
9.57
9.57
8.23
9.21
8.98
9.14
8.74
8.74
8.87
8.92
9.12
12.25
4.29
4.29
6.8
10.29
10.64
10.94
10.03
10.03
13.98
29.09
14.49
13.23
9.7
9.7
8.78
9.44
6.11
-7.96
-7.96
20.2
4.44
-10.8
-1.64
-4.66
-4.66
-13.58
34.88
-8.02
7.83
8.34
8.34
8.16
6.2
15.76
7.97
9.13
9.13
11.83
10.15
4.98
12.95
4.84
4.84
8.78
3.99
12.87
3.94
3.94
8.84
7.25
6.08
-0.9
16.46
16.46
8.61
9.23
9.23
9.01
9.07
8.93
8.79
8.86
9.22
8.91
8.82
8.98
8.96
8.98
8.95
8.95
8.96
9.25
9.2
9.04
9.02
8.84
8.63
9.35
9.41
7.22
7.22
9.41
9.42
8.29
9.3
9.06
9.06
8.76
8.88
9.09
8.71
8.72
9.39
9.33
9.02
8.35
15.49
15.49
9.27
7.68
9.8
9.26
8.76
8.76
8.6
22.7
9.15
0.33
13.48
13.48
7.98
-8.61
10.63
10.47
-18.1
-18.1
5.13
0.4
-5.75
32.55
-8.83
-8.83
22.65
16.09
2.61
4.59
16.52
16.52
5.65
-2.52
14.34
11.59
12.51
15.38
9.97
10.16
13.09
1.38
11.17
7.1
11.24
5.13
5.13
5.51
4.99
6.06
5.4
11.95
11.95
17.81
8.08
8.96
9.32
8.42
8.42
9.08
9.19
9.05
8.79
9.74
9.42
8.86
8.48
9.62
8.9
8.98
9.3
9.09
9.03
9.04
9.04
9.47
9.23
8.94
8.14
8.14
10
9.25
8.69
9.52
8.45
9.32
9.19
8.7
9.17
8.91
9.29
9.28
8.71
7.99
10.39
10.39
9.92
8.96
10.16
7.58
9.69
9.69
6.22
37.05
-0.46
-14.72
-3.2
-3.2
-2.34
12.04
-4.35
11.93
-22.98
-22.98
8.29
-6.05
1.65
-3.63
26
26
11.85
36.05
5.49
16.29
2.54
2.54
21.35
1.41
3.17
13.15
17.12
17.12
20.34
3.11
16.19
5.2
5.38
5.38
8
5.97
10.41
5.64
9.92
9.92
7.15
2.86
8.48
9.76
19.81
19.81
13.4
8.38
9.52
8.95
8.89
8.89
9
8.93
8.93
9.28
9.2
9.2
9.01
8.81
10.01
9.61
8.62
8.62
8.73
9.03
9.05
9.03
9.05
7.96
8.08
10.13
11.04
9.56
9.56
9.35
11.49
7.86
9.8
9.09
9.09
7.84
8.33
8.94
8.8
9.68
9.68
9.66
9.52
8.39
4.02
9.96
9.96
8.92
10.25
9.65
8.67
10.92
10.92
33.07
-12.55
8.36
11.68
1.47
1.47
5.44
-4.68
-1.87
-6.66
15.73
15.73
-3.02
0.31
0.44
0.62
20.91
14.1
8.83
20.03
7.09
11.79
11.79
14.59
5.5
10.01
17.99
2.9
7.23
12.92
11.74
4.08
6.74
6.66
11.71
13.8
3.32
10.59
1.36
10.23
5.57
11.84
11.84
9.05
9.42
9.22
8.95
9.23
8.88
9.25
9.53
8.82
9.13
9.13
9.5
9.64
8.77
8.93
8.68
8.82
8.82
9.04
9
9.21
8.77
9.61
9.61
8.84
12.73
10.02
6.75
9.08
9.08
10.93
7.53
10.06
8.46
7.93
10.21
9.16
8.41
9.22
9.22
9.42
9.89
8.71
12.67
11.14
11.14
6.53
11.93
8.07
10.38
6
6
24.34
6.14
12.54
11.25
-6.94
-6.94
19.93
2.46
2.47
4.15
18.66
18.66
6
-8.2
6.16
19.58
-23.29
-23.29
4.09
10.21
21.23
12.09
2.67
2.67
15.41
5.3
9.03
11.33
12.26
12.26
4.43
9.44
6.44
6.78
3.75
3.75
7.08
6.73
8.7
6.39
5.77
7.87
10.34
10.87
17.82
8.19
8.19
9.24
9.01
8.95
9.12
8.82
8.82
9.15
8.94
9.13
8.34
9.52
9.52
10.09
8.29
9.42
8.73
8.63
8.63
9.05
9.02
9.04
8.77
8.81
8.94
8.94
9.99
10.15
9.28
8.29
8.29
9.23
8.73
9.46
9.04
9.43
8.44
8.44
9.4
8.56
9.98
8.45
8.45
8.94
10.17
9.85
10.29
10.44
10.44
8.87
8.73
9.33
19.21
25.09
25.09
3.3
21.67
3.17
4.38
-3.05
-3.05
19.63
-4.39
-11.33
3.86
9.22
15.4
11.78
16.52
-5.93
-5.93
0.82
16.38
22.38
4.14
1.27
1.27
11.59
8.36
10.65
7.02
12.1
10.22
11.56
7.93
7.04
4.45
4.45
10.01
5.22
11.42
6
6.8
6.8
8.83
2.65
8.98
13.94
18.5
18.5
8.29
8.82
9.14
8.43
8.9
8.9
8.46
9.73
8.88
8.73
9.61
8.33
8.33
8.86
9.45
8.25
9.16
9.07
9.02
8.99
8.71
8.02
8.02
7.82
9.23
9.03
8.95
8.72
8.72
8.1
9.94
8.69
9.52
9.73
9.73
8.37
8.84
9.05
8.96
9.99
8.48
6.6
10.17
7.88
7.89
7.89
10.15
7.7
8.5
9.95
31.39
31.39
-0.4
-2.4
7.97
9.9
-14.83
-14.83
12.66
1.3
-16.6
11.93
-1.23
-1.23
-0.72
9.87
-10.41
26.64
3.23
3.23
15.38
31.88
-1.02
23
12.93
12.93
2.56
10.94
16.67
13.15
9.83
9.83
13.35
16.73
5.72
4.89
10.28
10.9
5.75
3.96
7.59
8.84
8.84
-1.52
16.52
20.7
9.8
9.22
9.22
9.16
8.72
8.76
9.47
8.8
8.8
10.34
8.1
9.29
8.16
9.23
9.23
8.96
9.79
8.67
9.04
9.04
9.02
9.05
8.82
9.58
8.82
9.4
10.22
9.63
7.07
8.5
8.5
8.88
9.5
9.19
9.11
9.11
8.01
9.07
9.39
9.11
9.1
9.1
8.62
9.13
9.63
7.52
7.52
9.38
10.01
8.63
13.96
-4.16
-4.16
17.14
12.18
-4.81
10.41
-2.34
-2.34
4.63
-4.02
18.09
-6.32
9.61
9.61
22.37
-12.57
14.53
3.71
3.71
-7.68
15.8
12.77
17.1
7.55
7.55
8.28
17.31
7.48
13.46
7.75
7.75
14.31
9.42
9.25
9.25
11.68
9.76
9.76
6.99
9.95
7.43
7.43
9.25
15.87
8.68
9.2
9.01
9.01
8.94
8.99
8.94
9.61
9.61
9
9.03
8.71
9.03
9.19
9.19
8.72
9.13
9.05
8.79
9.06
9.06
8.95
9.07
9.6
9.23
9.23
10.68
10.31
7.17
9.22
9.61
9.61
9.46
9.06
9.16
8.93
8.93
9.14
8.14
9.47
8.82
8.82
9.16
10.01
10.11
10.97
10.97
8.08
15.86
26.32
16.3
5.48
5.48
6.47
-12.71
-0.24
0.23
2.83
2.83
12.15
-15.07
8.08
-18.46
10.55
10.55
1.97
18.81
25.84
18.4
7.16
7.16
8.1
7.51
1.36
11.2
8.24
8.24
18.76
3.67
15.62
2.63
8.69
8.69
5.04
7.38
13.22
11.57
11.62
11.62
6.17
10.62
2.37
5.65
5.65
0.56
21.26
7.91
8.41
9.25
9.25
9.03
9.06
9.07
9
9
8.8
9.14
9.09
8.77
7.86
7.86
9.76
8.5
10.82
9.51
6.52
6.52
8.61
11.19
5.58
11.38
10.76
10.76
10.04
9.43
7.58
11.05
7.79
7.79
8.72
7.44
8.56
8.66
10.11
10.11
8.38
9.68
9.33
8.97
8.01
8.01
8.45
8.97
9.89
7.55
10.1
10.1
10.13
31.72
-2.02
5.43
0.52
0.52
15.63
13.58
1.81
-4.05
0.84
0.84
-6.12
12.33
9.53
-6.1
10.4
10.4
12.81
13.19
11.94
-7.57
22.72
22.72
-6.91
9.51
6.56
6.77
14.41
14.41
6.11
8.14
8.29
14.69
0.62
0.62
11.1
8.95
12.75
2.63
8.96
8.96
10.87
3.17
5.72
16.26
16.26
14.01
9.04
8.89
8.89
9.14
9.15
9.02
8.99
8.79
9.01
8.94
8.64
9.64
8.86
8.86
9.04
9.04
9.99
8.28
8.48
8.48
9.76
6.98
9.26
9.92
9.25
9.25
10.42
8.67
8.76
7.74
9.65
9.65
8.07
6.99
10.9
8.15
10.22
9.79
8.85
8.24
10.26
9.26
9.26
7.19
9.13
9.34
8.89
6.73
6.73
10.07
36.76
11.56
-0.64
8.12
8.12
6.78
-0.02
-0.6
1.98
1.77
1.77
10.78
10.37
5.73
7.33
7.33
-24.18
-7.95
12.3
8.27
-2.72
17.87
4.05
15.1
5.42
10.57
10.57
8.72
-3.24
18.95
6.18
10.81
10.81
8.72
8.59
9.27
1.53
13.48
13.48
10.89
9.97
11.05
8.26
7.48
7.48
9.58
8.86
8.6
9.24
8.98
8.98
9.16
8.97
9
8.93
9.14
9.14
8.8
8.7
9.28
9.65
9.04
9.04
9.2
8.87
9.49
9.34
9.18
9.18
8.58
8.71
8.69
9.48
9.1
9.1
9.1
8.53
9.4
8.88
8.6
9.53
8.94
9.09
9.14
9.01
9.06
9.14
8.82
9.27
8.9
7.79
11.27
7.34
8.25
10.93
10.93
15.02
15.26
2.03
18.08
0.25
0.25
6.39
14.7
0.95
12.69
1.32
1.32
7.45
-8.64
22.5
-1.29
0.01
0.01
3.61
9.14
-6.89
32.72
-9.4
17.24
9.12
10.5
8.93
10.07
10.07
10.07
9.55
9.56
9.83
9.04
9.61
10.35
7.72
9.01
9.27
9.27
9.23
8.83
9.96
9.31
9.85
9.85
8.82
9.14
9.13
9.16
9.02
9.02
9.1
9.03
8.99
8.97
8.89
8.89
8.76
9.41
9.16
8.92
9.3
9.3
8.59
10
9.1
8.55
8.68
8.68
8.24
9.14
9.86
9.03
9.12
9.12
9.53
8.89
8.99
9.14
9
9
9.18
8.81
8.91
9.21
8.91
8.91
9.27
9.82
8.46
9.35
10.27
10.27
8.72
11.1
8.08
9.74
11.04
11.04
27.6
-10.07
22.47
7.5
15.96
23.92
-6.45
-15.13
1.81
-3.03
-3.03
-3.95
10.93
15.89
15.57
-10.71
-0.96
-0.96
20.34
10.92
16.58
10.32
10.32
10.51
9.43
8.99
8.27
9.82
8.77
8.77
8.85
9.05
8.76
9.39
9.39
9.8
8.34
9.63
10.3
8.38
9.62
9.62
8.67
8.34
8.96
9.13
9.12
9.12
9.19
8.87
9.12
9
9.02
9.02
8.97
8.11
10.32
8.68
8.68
9.04
9.35
8.84
9.68
10.05
8.77
8.77
9.29
8.76
7.74
10.92
8.51
8.51
8.8
8.74
9.63
8.24
9.58
9.58
7.5
9.82
9.84
8.77
8.34
8.34
8.84
9.31
9.27
8.82
9.62
9.62
9.04
8.46
8
8.55
7.88
11.53
9.33
25.75
25.83
10.86
10.86
-9.96
13.08
5.03
18.12
5.96
5.96
2.92
-9.18
-1.85
-22.57
8.93
18.07
14.58
8.93
-1.73
-2.97
-2.97
17.22
7.52
11
9.79
9.86
9.86
9.82
9.79
6.87
9.36
9.31
9.31
9.42
8.2
9.88
9.17
9.79
7.79
8.74
8.74
9.54
8.65
8.82
9.92
8.28
8.99
8.92
9.07
9.07
8.99
9.16
9.09
8.96
8.96
9.19
8.24
8.24
9.48
9.09
8.56
9.01
9.3
9.3
8.55
8.87
9.06
9.97
8.63
9.1
8.46
9.08
9.61
9.61
8.92
9.19
9.28
8.37
9.11
8.74
8.74
8.01
9.47
8.41
10.65
10.7
8.74
9.48
9.48
9.97
7.96
7.88
9.71
8.15
8.42
8.89
8.89
18.18
29.79
8.62
11.8
-4.66
2
2
23.57
-6.94
6.28
-11.65
4.63
10.54
-0.49
-0.34
-17.54
-17.54
20.51
4.03
9.71
32.73
3.18
8.44
8.44
9.55
9.22
9.42
9.93
4.15
4.15
10.65
8.09
9
8.15
9.85
9.85
9
8.92
9.14
8.47
9.67
9.67
9.03
9.03
9.38
8.66
9.09
9.09
9.05
9.1
9.03
9.05
9.06
9.06
9.07
9.3
8.01
8.73
9.83
9.83
8.88
9.73
10.63
7.73
9.58
9.58
9.96
8.38
9.84
7.55
7.55
8.62
8.92
9.24
8.49
8.09
9.21
9.21
8.52
9.72
10.32
7.24
10.42
9.88
8.01
9.73
9.27
9.27
8.5
9.61
8.83
7.97
8.04
8.04
10.15
9.86
9.83
10.36
15.52
15.52
17.31
-3.86
24.34
-6.34
-4.05
-4.05
9.01
4.92
-1.87
6.66
7.09
-18.43
-18.43
-5.49
6.59
12.62
13.55
-9.46
19.64
-8.81
4.57
5.36
5.36
9.9
8.85
9.65
8.9
5.56
5.56
9.16
8.96
8.42
8.56
9.21
9.21
9.76
8.44
9.04
9.22
8.8
8.8
9.07
8.93
8.7
9.21
9.21
9.12
8.97
9.1
9.05
9.03
9.03
8.99
8.8
8.82
8.2
8.78
8.78
9.68
9.16
8.26
8.75
9.92
8.92
9.63
8.59
8.6
8.88
8.88
9.28
10.25
9.24
9.18
9.19
9.19
8.37
8.64
8.54
9.23
9.83
9.83
7.98
8.33
10.04
8.25
8.47
8.47
9.92
9.07
8.23
9.99
9.99
7.51
8.54
8.86
20.94
28.98
28.98
16.69
8.36
0.22
-2.14
9.75
9.75
6.2
-8.74
3.89
4.02
-16.07
-16.07
17.76
-9.47
6
24.74
-6.17
-6.17
13.74
13.22
8.01
10.7
10.7
11.1
9.53
8.98
9.45
9.8
9.8
8.65
9.03
9.18
10.23
10.23
10.69
9.51
8.45
9.49
7.25
9.06
9.51
9.51
8.69
8.5
8.5
8.78
9.46
9.51
8.64
8.64
8.97
9.03
9.3
9.08
9.08
8.98
8.99
9.16
9.02
9.13
9.13
9.16
9.04
9.09
8.99
9.07
9.07
9.17
8.85
9.02
9.08
9.08
9.02
9.05
9.03
9.08
9.06
9.06
8.99
9.04
9.03
9.04
9.04
8.97
8.98
9
9.11
9.11
9.03
9.05
9.09
9.01
9.01
9.08
9.02
9.07
9.02
9.04
9.04
9.09
9.09
9.07
9.13
9.06
8.99
9.13
9.05
8.98
8.98
9.05
9.12
9.06
9.05
9.05
9
9.05
9.08
9.05
9.05
9
9.02
9.03
9.03
9.03
9.03
9.03
9.09
9.04
9.04
9.01
9.04
9
9.05
9.05
9.1
9.04
8.98
9.05
9.05
9.02
9.06
9.04
9.05
9.05
9.04
9.11
9.11
9.01
9.01
9.05
8.99
9.09
9.04
9.04
9.05
9.04
9.05
9.06
9.06
9.07
9.06
9.03
9.06
9.06
9.03
9.03
9.07
9.07
9.07
9.03
9.03
9.08
9.05
9.05
9.05
9.05
9.06
9.03
9.03
9.03
9.06
9.03
9.07
9.07
9.05
9.06
9.05
9.05
9.05
9.05
9.06
9.04
9.03
9.05
9.04
9.06
9.05
9.04
9.06
9.06
9.08
9.06
9.05
9.05
9.04
9.02
9.05
9.02
9.11
9.1
9.08
8.99
9.08
9.05
9.11
8.99
9.05
9.08
9
9.08
9.05
9.03
8.99
9.06
9.07
9.04
9.04
9.06
9.06
9.01
9.04
9.02
9.02
9.05
9.02
9.07
9.07
9.05
9.03
9.04
9.03
9.05
9.06
9.06
9.03
9.04
9.04
9.02
9.05
9.07
9.05
9.06
9.04
9.03
9.03
9.05
9.05
9.05
9.03
9.06
9.06
9.05
9.05
9.09
9.06
9.04
9.04
9.05
9.03
9.03
9.08
9.07
9.05
9.03
9.04
9.02
9.05
9.05
9
9.05
9.04
9.03
9.02
9.02
9.04
9.05
9.03
9.05
9.05
9.04
9.06
9.04
9.04
9.05
9.05
9.03
9.06
9.07
9.08
8.98
9.09
9.03
9.05
9.06
9.02
9.06
9.06
9.04
9.05
9.05
9.06
9.03
9.04
9.04
9.05
9.03
9.07
9.04
9.05
9.04
9.06
9.06
9.05
9.05
9.05
9.05
9.05
9.05
9.04
9.05
9.06
9.05
9.04
9.02
9.05
9.06
9.05
9.04
9.04
9.05
9.05
9.09
9.05
9.04
9.04
9.05
9.03
9.05
9.05
9.06
9.04
9.04
9.02
9.05
9.04
9.05
9.06
9.03
9.06
9.06
9.03
9.04
9.09
9.05
9.05
9.05
9.05
9.03
9.04
9.02
9.06
9.03
9.05
9.03
9.02
9.05
9.03
9.04
9.06
9.05
9.04
9.05
9.05
9.04
9.06
9.05
9.02
9.05
9.05
9.09
9.03
9.09
9.04
9.12
9.07
8.98
9.1
9.01
8.97
8.97
9.16
9.09
9.06
8.86
9.14
9.07
9.13
9.05
8.98
9.2
9.03
9.14
9.22
9.01
9.08
9.13
8.87
9.27
8.75
8.8
9.35
8.53
9.53
9.32
10.25
10.79
11.86
0.76
17.08
17.79
2.94
18.86
4.63
-8.55
6.44
3.25
6.41
-11.89
24.01
15.04
-8.48
27.11
0.92
24.41
-22.78
20.09
8.18
8.93
7.14
10.74
9.3
8.71
9.09
8.49
10
8.63
9.34
11.09
11.4
6.84
7.13
4.38
9.05
9.05
9.38
3.08
7.23
12
15.06
8.29
9.08
9.26
9.05
8.77
9.11
8.81
8.87
9.64
8.66
9.59
9.36
9.02
8.87
9.49
9.13
8.42
9.11
8.52
9.05
8.56
10.3
10.38
10.38
7.39
8.77
9.42
8.81
8.64
9.24
9.24
8.98
8.98
8.57
8.91
9.57
9.82
9.55
9.55
8.83
9.15
10.38
4.73
9.25
8.76
8.76
9.79
6.98
12.67
9.85
35.61
0.08
-4.4
15.85
-10.04
-10.04
12.99
10.15
5.54
18.96
-1.06
32.32
32.32
18.74
-22.61
5.65
6.26
5.26
8.02
9.38
8.65
9.45
8.36
8.36
9.16
9.2
13.65
14.71
12.82
5.07
14.17
8.68
8.26
8.26
5.96
1.97
8.44
8.28
3.68
3.68
9.37
12.43
5.11
14.04
8.22
8.22
9.53
8.91
9.22
9.15
9.25
9.25
8.01
9.69
9.27
8.83
9.03
9.03
8.69
8.96
9.2
10.01
8.79
8.98
8.84
8.45
9.29
9.84
9.84
8.65
9.3
9.31
9.05
8.55
8.55
9.22
8.75
9.03
9.27
8.87
8.87
9.12
9
9.22
8.95
9.08
9.08
7.75
10.8
8.78
7.25
10.54
10.54
9.09
3.56
8.43
36.42
4.11
4.11
24.64
-0.73
-4.35
-9.27
18.47
18.47
7.6
-19.37
-8.32
8.62
8.56
-5.89
-5.89
15.35
14.86
3.33
-10.64
20.08
26.37
6.51
8.74
8.74
0.94
14.92
2.91
14.22
8.1
6.12
6.12
13.11
2.26
9.92
5.07
10.17
10.17
6.45
9.08
3.21
8.69
8.67
8.67
11.75
15.49
19.17
8.28
8.28
8.76
8.79
9.26
8.85
8.88
9.29
9.29
9.64
9.18
8.42
9.5
9.5
8.81
9.44
8.82
10.09
8.85
8.85
8.94
8.9
8.66
8.95
9.66
9.66
9.57
9.8
10.13
7.53
9.95
9.95
8.25
8.91
9.75
8.23
9.14
8.44
10.45
9.12
9.2
8.4
8.4
10.09
6.07
10.98
7.49
7.16
7.16
11.8
7.93
8.76
6.06
28.93
19.11
8.38
16.21
-6.73
7.9
7.9
5.33
3.39
5.33
2.69
2.69
4.76
-7.86
-0.79
28.76
-6.09
-6.09
2.01
6.21
12.28
4.68
4.68
10.08
10.04
8.03
8.51
9.51
9.51
11.11
7.41
7.67
9.84
12.75
12.75
7.39
2.54
8.46
3.07
3.17
3.17
15.85
19.12
7.8
9.16
9.28
8.51
8.99
9.6
9.3
9.03
9.03
8.79
8.86
8.73
8.94
8.94
9.71
8.65
9.96
9.74
7.97
8.98
8.98
9.37
8.18
10.69
10.69
9.66
9.15
9.11
8.53
9.04
9.34
9.34
9.15
9.24
8.82
8.82
9.01
8.93
9.32
9.13
8.84
8.45
9.29
8.38
6.23
8.76
8.76
10.49
10.12
34.39
-3.34
-1.43
13.94
0.45
11.57
-6.3
0.46
1.75
15.39
24.33
-4.15
3.57
3.05
3.05
-8.73
-1.97
-1.97
13.39
4.44
18
4.88
13.73
8.17
10.26
9.61
10.75
10.75
9.72
9.48
10.63
10.76
8.82
7.35
7.35
7.7
5.85
11.26
11.21
11.21
9.01
8.62
8.62
9.29
9.18
8.32
8.79
8.79
9.22
8.79
9.05
8.92
9.24
9.07
10.05
7.94
8.96
8.96
8.43
9.85
9.03
8.52
8.52
9.21
8.65
8.31
9.43
9.43
8.74
9.18
9.19
9.04
9.04
8.71
9.22
9.45
9.22
9.22
6.99
8.85
12.14
7.7
10.01
8.47
30.46
-1.07
25.48
25.48
4.63
-0.52
16.51
8.33
15.96
3.35
14.98
-10.22
16
14.06
-27.84
-7.61
28.86
21.44
6.05
13.15
2.16
13.28
8.66
12.6
10.77
8.12
11.4
11.47
2.37
14.51
2.39
3.49
7.89
6.49
5.42
4.33
13.71
5.97
9.75
8.92
8.91
9.74
9
10.16
8.64
8.36
8.26
8.75
8.75
9.37
8.99
9.43
9.37
9.37
9.66
8.63
8.69
8.49
8.98
9.21
10.54
8.17
10.77
9.42
7.71
8.98
9.13
8.3
9.57
8.51
9.05
9.9
8.47
9.41
9.13
8.62
8.4
11.38
5.08
11.53
8.32
8.32
10.27
4.57
15.6
-11.79
10.61
21.13
-10.98
4.78
11.36
10.44
2.94
22.62
6.68
-6.48
13.06
2.19
-7.66
2.41
-0.62
15.24
3.4
5.1
8.13
4.3
11.67
7.56
13.92
2
1.22
11.55
10.83
9.72
10.56
1.23
12.03
2.63
6.5
4.68
5.2
11.75
15.61
12.6
9.69
9.25
8.59
9.49
8.62
9.24
9.13
9.46
8.91
9.43
8.61
9.26
8.86
9.39
9.77
9.3
8.34
8.93
9.68
8.17
8.27
9.67
9.36
9.19
7.78
8.58
9.28
9.41
8.88
9.09
9.27
8.75
9.38
9.2
8.94
9.24
8.16
9.64
11.2
11.5
7.01
9.83
10.42
2.69
34.28
-2.78
5.98
18.12
7.39
19.31
11.7
6.22
-7.62
23
-9.27
3.46
20.32
6.47
-18.36
19.67
19.98
26.12
0.62
18.78
8.86
4.08
6.03
5.2
11.28
7.57
15.33
8.82
12.55
-2.42
12.1
1.49
11.73
9.28
2.56
9.59
7.59
8.04
19.66
11.44
9.3
9.3
8.62
8.89
8.22
9.37
9.23
9.14
9.83
8.51
8.99
9.11
9.65
8.78
9.31
8.62
8.99
8.99
8.86
9.73
8.41
7.96
10.89
9.27
9.63
7.95
8.49
9.27
9.2
9.45
9.2
8.97
8.7
9.01
9.3
9.07
9.46
8.18
4.66
10.55
6.55
7.74
7.42
9.73
2.15
32.82
8.85
-9.47
11.24
-1.34
1.62
9.16
0.26
-3.41
19.58
20.34
-0.19
5.64
20.12
0.25
4.58
-1.87
6.64
11.43
11.43
8.47
2.51
6.81
9.18
12.55
9.88
9.1
9.4
7.69
11.07
3.4
11.21
10.27
8.11
4.96
8.77
6.38
8.29
11.09
11.09
16.14
8.51
9.67
9.28
9
9.03
8.82
9.27
9.06
9.16
8.56
8.81
9.28
8.79
8.72
8.72
9.42
9.39
8.32
8.99
8.69
8.69
8.82
8.52
8.05
9.98
9.21
10.39
10.39
7.56
9.27
9.37
9.24
9.69
8.34
9.21
9.2
9.2
8.65
9.32
9.35
9.21
9.41
9.41
6.24
9.33
9.08
8.35
7.86
10.33
10.33
4.13
31.37
-6.34
15.3
-10.22
-10.22
21.31
2.71
3.61
-16.14
15.19
15.19
6.41
-18.03
28.62
23.73
23.73
-18.06
10.78
10.09
4.67
30.73
4.39
4.39
12.55
11.26
6.61
10.23
10.23
10.63
11.76
9.8
8.85
9.57
9.57
9.9
8.47
2.31
11.38
9.42
6.08
6.19
8.51
7.97
10.51
10.51
17.65
9.14
9.21
9.31
8.92
8.92
9.36
8.56
9.43
8.88
10.06
10.06
8.38
9.28
8.9
9.34
8.81
9.01
9.92
8.47
8.96
8.31
8.31
9.43
9.99
8.84
9.43
9.83
9.83
6.56
9.31
7.87
9.06
9.87
9.87
8.86
8.87
9.41
8.94
9.07
9.07
8.89
10.03
8.23
9.13
10.61
9.88
9.72
10.61
8.84
10.35
10.35
4.2
22.18
8.94
2.27
24.28
24.28
-6.73
17.07
11.23
8.33
10.18
18.71
-1.29
17.68
8.98
8.98
5.3
-18.04
2.47
-5.45
19.29
13.52
13.52
8.52
6.93
9.21
10.06
9.34
9.34
11.46
11.79
5.48
12.88
5.95
8.76
10.82
1.58
7.17
7.17
11.76
0.1
11.78
16.59
5.85
16.03
8.88
9.41
9.05
8.85
8.85
9.52
8.49
9.09
9.6
9.92
8.48
9.28
9.07
9.03
9.37
8.48
8.48
8.6
9.49
8.43
8.59
9.01
9.01
9.14
7.89
9.89
10.81
8.86
10.18
7.48
9.1
8.93
8.93
8.16
9.42
8.42
9.83
8.71
8.7
8.7
9.82
9.16
6.42
9.05
7.19
9.62
8.19
8.89
10.55
10.55
3.59
25.22
8.14
0.47
25.93
-4.77
7.6
15.17
2.76
20.02
-15.97
-15.97
-0.1
-0.1
-3.33
-3.33
30.09
39.22
-5.44
7.69
7.69
14.82
2.66
7.55
12.26
7.46
14.28
8.98
10.88
3.66
12.61
2.3
8.16
6.62
4.97
4.18
4.18
7.41
5.75
5.75
18.16
18.16
8.37
9.26
8.72
8.9
8.9
8.31
9.39
9.36
8.25
9.84
8.84
8.73
9.4
8.68
8.84
7.85
8.85
8.91
8.67
8.67
8.98
8.61
10.48
11
8.97
7.24
9.05
9.76
9.27
9.27
8.43
9.06
8.91
9.25
9.25
10.17
8.57
6.62
8.59
8.59
9.1
6.09
9.71
9.73
14.36
38.23
-5.36
-0.81
27.01
-10.7
16.41
13.94
-3.55
5.85
-7.21
7.58
3.03
6.8
-3.66
-0.83
5.54
7.89
10.99
3.92
23.82
12.5
4.46
7.17
6.7
10
9.61
13.33
10.17
7
5.88
6.14
4.33
10.75
6.31
11.95
2.61
10.09
8.73
18.1
18.8
9.02
9.04
8.59
8.57
8.57
9.34
9.16
9.51
9.73
8.73
8.78
9.18
9.06
8.75
8.68
9.12
9.02
8.96
7.5
7.5
8.43
11.12
8.15
9.77
9.39
11.25
9.09
9.95
8.6
9.97
8.47
9.09
8.91
8.64
10.06
8.39
11.16
5.16
11.06
7.2
10.08
7.59
9.05
3.67
30.64
10.18
1.23
1.23
6.7
6.44
12.1
-0.58
-3.55
20.21
-13.13
11.72
10.46
8.79
-3.75
24.01
-5.23
8.9
4.94
10.68
10.39
1.78
13.57
14.78
14.08
13.95
3.77
7.61
6.71
2.79
13.74
5.67
9.62
5.02
7.31
8.2
8.93
8.71
20.87
11.09
9.24
9.34
8.34
9.46
9.05
9.78
9.64
9.08
9.05
9.38
8.91
8.82
9.16
9
8.97
9.03
8.9
8.97
8.77
8.77
8.1
9.33
10.99
8.43
9.27
8.25
8.51
8.81
9.96
8.63
9.19
9.31
8.21
9.67
9.24
9.24
9.19
8.96
7.81
8.29
9.76
9.76
9.07
10.24
7.44
9.91
6.22
39.13
-8.22
-4.52
27.96
-13.1
-13.1
11.03
2.02
-17.42
1.79
22.13
19.39
30.26
2.43
-7.89
11.88
11.88
6.13
15.35
11.74
12.8
6.39
6.39
13.19
6.27
7.42
14.3
7.78
15.02
5.92
12.53
13.19
7.5
9.86
5.74
5.54
8.47
8.47
8.14
12.33
7.74
14.14
16.1
9.64
9.16
9.1
8.9
9.24
9.24
8.99
8.88
9.25
9.13
8.96
8.58
9.22
9.16
8.84
8.84
9.72
9.08
9.89
9.9
8.73
8.73
8.5
8.07
9.66
10.77
8.89
8.89
7.58
8.87
8.14
9.54
8.57
9.73
9.73
9.37
9.04
8.95
8.87
9.16
9.16
9.16
8.66
9.49
8.5
8.5
9.2
8.93
9.21
9.41
8.51
9.24
8.36
8.54
9.71
8.88
8.6
9.12
9.39
8.87
9.08
9.08
9.05
8.91
9.16
8.75
9.58
9.58
8.32
8.89
9.28
8.66
9
8.88
9.26
8.89
8.99
9.13
9.03
9.05
8.99
9
9.07
9.04
9.03
9.02
9.05
9.11
8.93
9.19
9.03
9.11
9.02
9.13
9.09
9.03
8.99
9.01
9.1
9.06
9.01
9
9.16
8.98
9.03
9.08
9.01
9.05
9.12
8.98
9.08
9.05
9.08
9.07
9.03
9.04
9.08
9.05
9.07
9.06
9.03
9.03
9.05
9.06
9.05
8.96
9
9.05
9.06
9.06
9.1
9.1
8.93
9.01
9.03
9.08
9.03
9.06
9.09
9.06
9.03
9.03
9.05
9.09
9.04
9.03
9.05
9.03
9.01
9.04
9.05
9.04
9.07
9.05
9.02
9.05
9.06
9.05
9.07
9.04
9.05
9.06
9.04
9.05
9.06
9.06
9.05
9.05
9.04
9.05
9.05
9.05
9.06
9.05
9.05
9.05
9.05
9.05
9.04
9.06
9.05
9.08
9.08
9.05
9.05
9.04
9.05
9.06
9.05
9.05
9.04
9.05
9.06
9.05
9.05
9.07
9.04
9.05
9.07
9.03
9.05
9.06
9.05
9.06
9.04
9.07
9.05
9.06
9.05
9.07
9.03
9.03
9.04
9.04
9.04
9.03
9.06
9.03
9.05
9.04
9.07
9.07
9.05
9.05
9.03
9.06
9.05
9.05
9.06
9.06
9.05
9.06
9.08
9.05
9.05
9.08
9.04
9.06
9.05
9.05
9.04
9.06
9.04
9.06
9.06
9.05
9.03
9.07
9.05
9.05
9.08
9.05
9.06
9.05
9.07
9.04
9.06
9.06
9.06
9.05
9.05
9.06
9.05
9.05
9.05
9.04
9.04
9.05
9.05
9.05
8.96
9.03
9.05
9.05
9.06
9.1
8.96
9.13
8.95
9.05
9.08
9.02
9.07
9
9.08
9.08
9.03
9.07
9.01
9.13
9.2
8.71
9.28
8.95
9.06
9.01
9.12
9.01
9
9
9.29
8.78
8.84
8.6
11.5
9.05
9.05
20.34
-3.48
18.04
11.65
-3.7
-3.7
29.19
-0.52
-3.53
21.13
-4.71
-4.71
5.52
16.62
3.48
-14.11
25.34
25.34
-22.79
17.65
7.11
12.59
14.04
14.04
14.37
9.37
12.02
10.48
12.15
12.15
10.82
12.8
10.86
9.38
8.63
8.63
9.18
9.2
8.92
9.6
11.21
11.21
10.99
8.7
8.17
7.33
3.29
3.29
6.82
13.52
13.15
10.33
9.23
9.23
9.16
9.07
8.69
9.19
8.92
9.02
9.04
9.15
9.13
9.13
8.96
9.16
8.97
9.05
9.08
8.99
8.99
9.04
9.09
8.64
6.49
9.84
10.7
7.34
8.69
9.35
9.35
8.35
8.73
9.92
9.04
8.03
8.03
8.74
9.51
9.12
9.38
8.9
8.9
8.9
8.16
10.33
9.16
8.46
10.29
6.47
7.87
17.52
26.2
26.2
11.34
4.37
6.08
28.33
-10.63
-10.63
4.62
3.94
-28.58
21.8
0.18
32.98
32.98
-2.93
20.4
1.7
1.7
17.1
11.03
10.32
13.17
4.75
4.75
6.49
11.59
11.36
10
12.69
12.69
10.92
3.17
15.12
9.73
4.08
4.08
11.74
8.69
7.07
9.43
5.56
-2.21
-2.21
11.34
14.47
9.88
9.88
10.25
9
8.84
9.44
9.04
9.04
8.74
8.87
9.21
8.92
9.29
9
9
9.06
9.15
8.9
8.9
9.11
9.18
8.5
10.01
7.96
7.96
8.69
10.37
9.05
11.2
8.69
8.69
8.82
8.9
9.51
9.54
7.98
7.98
9.04
9.14
9.21
8.8
8.11
8.11
8.61
9.38
8.86
8.9
9.1
9.22
31.06
4.96
12.25
7.98
7.98
-1.04
15.03
-3.05
1.25
-0.41
-0.41
2.79
1.17
9.81
7.54
3.92
3.92
-16.63
25.76
33.26
-2.56
5.54
5.54
9.71
6.66
10.92
8.6
8.6
7.89
9.59
9.25
9.42
8.61
10.34
10.34
9.39
8.55
11.62
7.45
6.88
6.88
8.3
9.47
8.52
5.18
5.18
5.97
9.31
9.44
9.29
8.75
9.31
9.31
9.13
8.74
9.43
8.57
9.58
9.58
8.74
9.13
9.02
9.03
9.03
9.35
9.07
8.92
8.49
8.96
9.13
9.13
8.95
9.23
9.87
9.87
9.25
9.11
9.19
7.77
9.1
9.1
8.58
8.4
9.21
9.87
9.31
9.31
8.34
8.81
9.6
8.86
9.14
9.14
8.44
9.64
10.39
11.59
10.24
10.24
14.11
29.19
-2.91
27.73
-5.07
-5.07
32.73
-16.63
2.56
6.57
1.61
1.61
1.84
4.08
8.01
16.16
-4.6
-4.6
13.17
23.53
33.03
19.79
13.95
13.95
9.86
6.12
9.92
8.7
9.43
9.43
8.95
9.56
9.12
9.73
10.46
10.46
9.68
7.17
12.77
5.46
11.05
11.05
7.27
8.74
8.12
1.05
1.05
22.23
9.15
9.07
8.98
7.9
7.9
9.74
8.7
9.16
9.04
9.41
9.41
9.64
9.77
8.61
9.33
9.21
9.21
9.85
8.76
9.19
9.09
9.03
9.04
9.04
8.88
9.23
9.54
9.35
9.53
8.79
8.04
10.07
10.06
10.06
8.54
9.18
9.46
9.01
8.37
8.37
9.44
9.39
8.9
8.91
8.91
9.37
9.23
10.47
7
8.01
8.01
21.79
20.6
16.8
29.93
-10.54
-10.54
-15.48
-17.57
-4.57
15.77
-9.09
-9.09
7.31
-19.23
6.66
19.39
19.39
-14.8
12.31
22.74
9.52
18.4
18.4
5.24
9.61
7.73
9.02
10.36
10.36
10
8.87
8.81
9.85
9.46
9.46
8.16
9.35
8.01
11.65
6.08
6.08
7.5
7.23
7.1
11.23
6.36
7.95
13.84
9.52
9.44
9.19
9.19
8.64
9.14
8.87
8.8
8.75
9.67
8.91
9.28
9.36
9.08
9.08
9.29
9.09
9.14
8.81
8.98
8.98
9.14
8.77
9.22
8.98
7.92
7.92
9.82
8.43
9.06
7.92
10.3
10.3
8.55
9
9.33
7.97
8.98
8.52
9.23
9.68
9.93
7.86
7.86
8.6
9.25
10.49
8.27
7.7
7.7
17.8
28.45
10.49
14.95
16.35
16.35
0.27
12
3.99
-1.09
-1.09
-12.45
-1.83
-15.56
7.08
15.41
15.41
-7.3
22.61
13.24
1.55
13.51
13.51
4.89
8.74
6.65
11.12
8.95
8.95
9.47
8.71
8.4
8.99
9.38
9.38
9.56
9.48
9.13
8.87
7.87
7.87
6.82
9.06
10.47
8.4
7.18
7.18
5.2
12.74
11.38
9.48
9.35
9.35
9.07
8.81
9.12
8.73
9.32
9.32
9.49
8.82
9.36
8.75
9.31
8.86
9.15
9.12
9.05
9.06
9.06
8.76
9.04
9.14
9.19
9.57
9.57
9.48
8.79
8.99
10.08
9.21
9.21
8.01
8.13
9.45
7.54
9.23
9.23
8.66
9.95
8.34
8.3
10.08
10.08
7.47
10.38
9
9.41
8.92
8.92
20.76
13.62
22.12
11.57
9.98
9.98
5.12
14.68
-4.38
-2.48
-8.78
-8.78
1.63
-20.47
5.44
16.47
-0.08
-0.08
14.48
16.29
27.86
8.55
6.17
6.17
9.27
10.3
8.54
8.76
9.66
9.66
8.35
8.68
7.9
8.03
11.25
11.25
8.82
10.81
10.82
7.61
5.52
5.52
10.35
8.15
7.18
8.84
0.93
0.93
12.19
14.72
10.19
9.07
9.3
9.3
8.94
8.93
8.73
9.09
8.74
8.74
8.77
9.7
8.91
9.08
8.72
8.72
9.51
8.79
9.08
9
9.14
9.14
8.82
8.34
9.31
9.57
9.52
9.52
8.01
9.33
9.81
9.64
8.23
8.23
9.98
9.08
7.55
8.77
9.14
9.14
9.86
9
9.17
8.21
9
9
9.17
8.73
7.43
9.23
13.97
13.97
21.07
6.41
18.81
15.09
28.32
28.32
-4.39
2.9
-18.22
5.3
-2.57
-2.57
-10.54
26.99
0.83
-3.01
17.49
17.49
22.68
-2.76
0.52
7.4
5.42
5.42
10.62
5.31
14.02
8.69
9.08
9.08
9.17
8.69
10.49
5.34
9.47
9.47
10.51
10.53
10.04
8.86
9.12
9.12
7.39
9.24
8
7.19
7.19
8.02
8.37
11.65
9.17
8.81
9.03
9.03
9.14
9.31
8.49
9.43
9.43
9.67
9.67
9
9.16
9.12
9
9
9.23
8.79
8.77
9.24
8.23
9.95
9.95
9.91
10.19
6.9
8.64
8.64
8.63
9.18
7.07
10.33
10.33
8.37
9.1
8.97
9.11
7.48
7.48
9.49
9.3
7.66
10.08
9.27
9.27
9.75
8.72
8.51
9.08
9.4
9.4
8.92
31.24
3.6
16.86
-6.13
-6.13
21.43
-6.48
4.95
-6.7
0.56
0.56
-6.67
21.41
-1.49
0.82
4.58
4.58
24.88
13.58
7.2
9.58
9.25
9.25
9.28
10.87
10.8
8.18
8.49
8.49
8.37
8.6
8.9
10.18
9.64
9.64
9.73
11.3
8.67
8.1
7.63
7.63
7.95
9.7
9.72
0.74
9.85
9.85
12.08
11.39
8.87
9.27
9.21
9.21
8.82
8.79
8.95
8.78
9.48
9.48
8.93
9.19
9.03
9.31
9.33
9.33
8.84
8.96
8.59
9.45
8.33
8.33
9.74
8.98
8.85
8.25
9.17
9.17
9.38
9.26
9.38
10.71
9.15
9.15
8.72
9.67
9.29
9.2
9.2
9.2
9.95
8.96
9.38
9.3
8.77
8.77
8.03
9.58
8.67
6.79
8.26
8.26
10.68
27.87
-5.89
16.39
8.63
8.63
0.71
2.02
0.83
6.05
-21.44
-21.44
20.89
-3.99
15.33
0.79
16.46
16.46
7.02
7.86
15.97
8.45
12.24
6.54
6.54
11.39
8.19
10.29
7.06
8.81
9.51
12.33
6.81
6.81
11.18
8.96
9.56
8.18
9.73
9.73
6.11
10.63
9.39
-2.34
9.38
9.38
10.72
9.03
8.72
9.33
9.11
9.11
8.64
9.23
9.29
9.33
8.96
8.96
9.16
9.28
8.99
9.41
8.83
8.83
8.85
8.97
9.09
10.25
7.86
10.35
10.35
6.99
10.01
7.64
7.64
8.77
8.74
8.2
9.21
9.36
9.36
8.79
8.23
9.97
7.7
9.32
9.32
8.53
9.54
8.92
9.43
9.62
7.74
10.62
7.58
7.31
11.05
11.05
11.99
33.09
7.01
6.37
12.4
12.4
-1.86
-1.3
2.78
0.77
-20.77
-20.77
20.26
-0.29
25.44
-15.67
30.33
30.33
16.07
11
6.74
9.16
10.29
10.29
9.4
7.1
9.89
8.07
9.03
9.03
8.86
9.7
8.94
8.89
8.75
8.75
11.66
8.25
9.39
9.31
8.22
8.22
9.24
9.19
9.73
8.01
8.57
7.17
9.51
6.67
8.94
9.82
9.82
4.65
11.7
10.92
8.97
9.28
9.28
8.25
9
7.78
10.08
9.63
9.63
10.28
9.4
9.25
9.1
8.82
8.82
9.17
9.1
9.08
8.95
8.95
9.16
9.58
8.77
8.72
8.72
9.5
8.81
9.11
8.66
9.54
9.09
9.09
8.6
8.99
9.11
9.04
9.07
9.02
9.08
9.08
9.05
9
9.01
9.33
9.33
9.09
9.06
9.05
9.05
9.05
9.09
9.01
8.98
9.03
9.03
8.95
9.04
9.16
9.02
9.02
9.16
9.05
9.03
8.94
8.94
9.08
8.98
8.98
9.18
9.18
9.06
8.99
9
9.05
9.05
9.02
8.99
9.17
9.06
9.06
8.94
9
9.03
9.06
9.06
9.01
9.04
9.1
9.08
9.08
9.05
9.06
9.11
9.1
9.1
9.09
9.05
9.09
9.01
9.01
9.01
9.12
9.05
8.92
9.1
9
9.06
9.07
9.07
9.07
9.03
9.03
9.07
9.08
9.05
9.06
9.05
9.09
9.07
9.07
9.06
9.06
9.05
9.05
9.05
9.07
9.05
9.04
9.05
9.05
9.03
8.99
9.05
9.07
9.08
9.09
9.02
9.06
9.07
9.07
9.03
9.06
9.06
9.04
9.04
9.07
9.03
9.06
9.05
9.05
9.01
9.05
9.05
9.05
9.05
9.05
9.03
9.11
9.03
9.03
8.98
9.05
9.02
9.06
9.06
9.05
9.02
9.07
9.02
9.02
9.03
9.05
9.05
9.02
9.02
9.04
9.08
9.04
8.98
8.98
9.06
9.06
9.06
9.08
9.08
9.05
9.05
9.04
9.03
9.03
9.04
9.01
9.03
9.04
9.04
9.01
9.03
9.07
9.06
9.06
9.04
9.03
9
9.04
9.04
9.05
9.07
9.16
8.96
9.05
9.03
9.05
9.07
9.03
9.04
9.02
9.02
9.04
9.03
9.14
9.06
9.03
9.09
9.03
9.07
9.01
9.05
9.04
9.06
9.03
9.05
9.06
9.05
9.04
9.05
9.04
9.05
9.02
9.05
9.03
9.08
9.08
9.01
9.01
9.05
9.09
9.06
9.05
9.08
9.08
9.05
9.03
9.06
9.01
9.02
9.03
9.02
9.06
9.05
9.04
9.07
9.07
9.05
9.03
9.03
9.05
9.03
9.05
9.05
9.03
9.03
9.02
9.04
9.05
9.05
9.05
9.06
9.06
9.09
9.02
9.07
8.98
9.04
9.05
9.05
9.07
9.05
9.05
9.07
9.05
9.06
9.07
9.05
9.04
9.04
9.08
9.02
9.03
9.05
9.05
9.07
9.05
9.06
9.04
9.05
9.08
9.06
9.04
9.03
9.05
9.06
9.04
9.02
9.06
9.06
9.05
9.05
9.05
9.05
9.05
9.05
9.04
9.05
9.05
9.02
9.04
9.1
9.05
9.03
9.1
9.09
9.04
9.04
9.05
9.04
9.06
9.07
9.04
9.03
9.04
9.07
9.05
9.05
9.04
9.05
9.05
9.04
9.04
9.04
9.06
9.05
9.04
9.05
9.06
9.02
9.05
9.03
9.06
9.02
9.04
9.05
9.09
9.07
9.04
9.03
9.05
9.04
9.05
9.05
9.06
9.05
9.04
9.05
9.05
9.04
9.06
9.06
9.05
9.04
9.05
9.05
9.05
9.05
9.04
9.11
9
8.99
9.05
9.13
9.01
9.04
9.05
9.03
9.05
9.05
9.05
9.03
9.04
9.05
9.04
9.05
9.04
9.06
9.05
9.05
9.05
9.04
9.08
9.05
9.04
9.04
9.06
9.06
9.08
9.02
9.03
9.05
9.07
9.07
8.99
9.07
9.05
9.05
9.04
9.05
9.04
9.06
9.06
9.05
9.04
9.05
9.06
9.06
9.06
9.02
9.05
9.04
9.02
9.03
9.06
9.04
9.02
9.05
9.05
9.06
9.05
9.05
9.07
9.04
9.07
9.03
9.05
9.04
9.05
9.05
9.05
9.05
9.05
9.05
9.03
9.05
9.05
9
9.12
9.07
9.45
9.3
8.93
8.9
9.07
9.08
9.05
9.05
8.9
8.93
8.89
9.48
9.16
8.86
9.69
8.42
9.48
8.56
9.61
11.58
7.54
10.47
9.08
8.19
10.3
8.95
8.89
9.45
9.21
9.59
8.82
8.27
8.32
8.32
8.87
9.21
6.51
11.21
9.41
11.22
11.22
7.85
6.66
2.71
5.65
12.51
12.51
6.9
12.85
10.63
8.25
9.97
9.97
8.47
10.43
7.76
9.8
11.25
11.25
7.93
22.88
13.45
-2.41
11.88
11.88
7.32
10.54
6.49
7.9
10.28
10.28
12.58
8
12.55
8.85
9.71
8.52
8.52
8.9
8.37
6.82
9.85
10.18
9.75
7.18
7.18
11.85
8.96
20.52
17.89
5.2
22.88
-3.55
12.72
12.72
-7.99
-2.55
11.66
7.43
18.68
-8.34
-8.34
26.71
-2.98
-10.57
22.01
4.57
4.3
4.3
17.66
8.04
13.68
8.88
10.86
11.76
2.72
11.99
11.99
10.2
12.04
7.89
4.22
8.32
9.62
9.62
13.23
7.17
4.95
7.73
5.43
5.43
9.13
5.13
13.58
4.37
7.88
17.16
9.19
9.19
9.81
9.87
7.89
8.83
8.67
11.12
7.13
7.13
10.87
7.61
9.78
9.13
8.59
5.03
5.03
12.04
17.25
0.18
1.01
8.53
8.53
10.75
10.97
12.03
7.39
6.08
6.08
10.46
7.15
9.09
8.81
8.22
8.22
8.23
9.4
11.3
6.53
11.86
11.86
9.55
9.14
6.67
5.84
10.98
10.98
7.21
2.6
11.27
16.75
-0.42
-0.42
4.4
8.65
-9.64
8.71
2.94
2.94
12.71
-6.11
3.84
10.36
7.9
7.9
16.97
11.42
10.78
13.14
2.19
2.19
6.42
13.92
5.62
6.97
12.01
12.01
8.82
8.76
11.2
11.66
17.39
17.39
14.2
6.28
5.63
7.88
6.64
6.64
9.54
7.79
14.17
6.23
6.23
6.17
4.33
4.57
11.21
15.16
15.16
-8.93
12.04
12.15
7.96
9.13
9.13
9.09
7.88
9.55
9.54
7.96
7.96
9.84
8.6
9.69
7.73
3.99
3.99
24.87
0.41
6.64
7.87
11.81
11.81
2.46
23.78
10.75
5.51
6.89
6.89
7.58
10.7
8.27
8.13
9.63
9.63
7.84
8.71
10.02
8.82
9.19
9.19
9.48
15.52
5.7
10.37
4.16
4.16
9.96
9.33
7.2
11.23
2.85
2.85
12.71
0.47
13.43
4.42
-2.19
-2.19
-3.8
-11.75
-1.62
16.23
20.83
20.83
2.02
14.49
14.47
10.83
10.28
10.28
-2.48
10.14
13.58
6.59
10.91
10.91
4
16.62
11.73
8.37
14.08
14.08
10.78
14.9
5.61
14.22
8.3
8.3
2.41
9.02
7.92
10.1
5.56
5.56
2.42
1.04
4.57
10.73
12.91
12.91
10.63
1.24
15.63
12.46
8.54
8.54
10.52
7.2
6.62
8.11
10.98
10.98
8.79
8.63
11.64
12.23
6.14
6.14
7.06
7.92
5.73
7.23
-6.6
-6.6
2.37
6.35
8.06
12.55
8.47
8.47
15.18
4.82
12.55
11.44
8.2
8.2
8.95
8.38
9.76
9.56
9.94
9.94
9.33
6.33
6.97
14.55
2.64
2.64
9.84
15.14
1.04
12.41
4.91
4.91
9.74
11.85
3.92
16.96
12.15
12.15
4.45
-0.1
13.42
14.14
12.66
12.66
7.94
11.71
10.41
9.9
13.1
13.1
2.04
8.18
4.05
16.73
4.41
4.41
6.45
0.09
12.91
21.59
4.81
4.81
8.91
12.1
5.91
22.25
5.52
5.52
5.81
7.86
5.52
15.83
4.8
4.8
6.24
-2.64
9.72
11.67
-4.06
-4.06
23.96
19.27
10.38
14.67
6.78
6.78
9.94
8.65
9.01
9.63
8.41
8.41
8.41
10.24
11.22
9.73
12.89
12.89
6.77
9.04
-0.71
4.82
-0.41
-0.41
-1.47
15.68
12.7
5.19
7.37
7.37
11.82
12.23
8.41
11.2
9.02
9.02
8.16
8.8
9.28
16.49
7.73
7.73
4.72
9.57
10.87
4.27
10.34
10.34
10.6
9.08
6.46
11.76
9.94
9.94
-0.04
11.32
5.09
12.06
-0.95
-0.95
2.44
8.44
14.7
12.39
7.73
7.73
9.77
5.25
9.71
16.67
4.25
4.25
6.79
4.74
6.51
11.99
6.65
6.65
6.51
8.99
11.45
8.7
10.65
10.65
8.68
9.95
10.17
14.25
7.26
7.26
9.25
15.38
11.05
9.71
7.35
7.35
7.79
4.67
2.61
2.6
9.86
9.86
5.03
8.81
8
8.23
4.95
4.95
7.19
8.56
8.34
8.03
9.43
9.43
8.66
10.97
8.83
5.42
10.17
10.17
13.14
10.35
6.83
10.97
9.36
9.36
4.38
10.71
8.97
8.97
8.68
8.68
8.6
9.57
8.95
9.74
9.24
9.24
9.09
8.85
9.47
8.43
9.56
9.56
8.65
9.16
8.42
9.62
8.86
8.86
9
8.98
9.11
9.05
8.9
8.9
8.83
8.81
8.98
9.24
8.62
8.62
9.1
9.51
9.61
9.69
8.3
8.3
8.46
8.99
8.51
8.46
8.46
8.51
8.89
9.1
8.29
9.53
9.28
8.89
9.37
9.11
9.13
9.13
8.85
8.91
9.2
8.76
8.76
8.78
9.57
9
8.84
8.84
9.27
8.71
8.94
9.06
8.89
8.97
9.08
8.99
9.2
9.04
9.08
8.98
9.09
9
9.31
8.84
9.16
8.99
9.04
9.12
9.12
9.03
9.05
9.15
9.02
9.06
9
9.01
9.02
9.11
9.01
9.11
9.06
8.96
9.04
8.94
9.08
9.07
9.02
9.07
9.06
9.05
9.03
9.02
9.05
9.05
9.06
9.04
9.07
9.06
9.04
9.06
9.11
9.05
9.04
9.06
9.02
9.13
9.07
9.02
9
9.07
9.04
9.04
9.06
9.04
9.05
9.04
9.06
9.05
9.08
9.03
9.05
9.05
9.06
9.06
9.04
9.05
9.05
9.05
9.07
9.06
9.05
9.03
9.03
9.04
9.06
9.05
9.04
9.04
9.03
9.04
9.05
9.05
9.05
9.06
9.06
9.07
9.05
9.04
9.03
9.05
9.02
9.05
9.03
9.06
9.07
9.06
9.04
9.04
9.06
9.06
9.04
9.04
9.04
9.04
9.06
9.06
9.06
9.05
9.04
9.05
9.05
9.05
9.05
9.05
9.06
9.05
9.05
9.04
9.05
9.04
9.03
9.08
9.07
9.04
9.04
9.02
9.05
9.11
9.03
9.05
9.05
9.1
9.09
9.08
9.04
9.03
9.08
9.06
9.02
9.05
9.06
9.05
9.05
9.05
9.05
9.04
9.05
9.07
9.04
9.06
9.05
9.06
9.08
9.02
9.05
9.06
9.06
9.07
9.04
9.06
9.06
9.05
9.04
9.04
9.05
9.04
9.05
9.05
9.07
9.07
9.08
9.07
9.06
9.02
9.04
9.05
9.03
9.05
9.03
9.04
9.03
9.05
9.02
9.05
9.05
9.07
9.05
9.05
9.06
9.05
9.07
9.05
9.03
9.03
9.09
9.02
9.06
9.09
9.03
9.08
9.05
9.07
9.05
9.1
9.08
9.08
9.06
9.08
9.06
9.05
9.08
9.08
9.06
9.05
9.06
9.08
9.08
9.01
9.04
9.03
9.03
9.05
9.05
9.05
9.07
9.04
9.05
9.06
9.04
9.02
9.04
9.05
9.04
9.06
9.05
9.04
9.05
9.05
9.05
9.07
9.03
9.05
9.03
9.03
9.04
9.05
9.04
9.07
9.04
9.05
9.05
9.06
9.05
9.03
9.04
9.03
9.08
9.07
9.08
9.07
9.05
9.08
9.04
9.06
9.05
9.02
9.05
9.02
8.99
9.04
9
9.02
9.05
9.05
9
9.05
9.05
9.05
9.04
9.07
9.07
9.08
9.03
9.07
9.03
9.03
9.07
9.05
9.07
9.08
9.05
9.03
9.03
9.02
9.04
9.01
9.06
9.07
9.03
9.06
9.06
9.02
9.05
9.02
9.03
9.04
9.05
9.08
9.04
9.08
9.08
9.05
9.04
9.03
9.05
9.05
9.05
9.05
9.05
9.05
9.05
9.05
9.06
9.05
9.03
9.05
9.03
9.03
9.03
9.06
9.06
9.08
9.06
9.05
9.06
9.04
9.05
9.05
9.05
9.05
9.04
9.04
9.06
9.06
9.04
9.05
9.05
9.05
9.07
9.05
9.06
9.05
9.03
9.05
9.04
9.04
9.06
9.04
9.04
9.05
9.04
9.04
9.04
9.05
9.05
9.03
9.06
9.05
9.05
9.05
9.04
9.05
9.04
9.03
9.06
9.04
9.05
9.03
9.03
9.05
9.04
9.04
9.05
9.06
9.04
9.05
9.03
9.04
9.06
9.06
9.06
9.07
9.03
9.03
8.99
9.01
9.04
9.04
9.04
9.05
9.02
9.06
9.03
9.03
9.05
9.06
9.05
9.06
9.05
9.06
9.05
9.02
9.05
9.04
9.05
9.05
9.02
9.05
9.05
9.04
9.05
9.06
9.03
9.06
9.06
9.05
9.04
9.05
9.05
9.03
9.06
9.05
9.05
9.04
9.05
9.05
9.07
9.07
9.05
9.04
9.06
9.03
9.07
9.05
9.05
9.05
9.05
9.05
9.05
9.03
9.06
9.02
9.05
9.03
9.05
9.06
9.05
9.04
9.05
9.05
9.05
9.05
9.07
9.05
9.06
9.04
9.03
9.03
9.06
9.06
9.05
9.07
9.07
9.05
9.06
9.05
9.05
9
9.05
9.06
9.07
9.04
9.07
9.07
9.05
9.06
9.04
9.03
9.05
9.06
9.05
9.05
9.05
9.03
9.03
9.06
9.05
9.05
9.05
9.05
9.06
9.07
9.05
9.02
9.05
9.04
9.04
9.07
9.05
9.04
9.04
9.04
9.05
9.04
9.05
9.05
9.06
9.03
9.04
9.04
9.04
9.07
9.05
9.04
9.05
9.05
9.05
9.06
9.05
9.06
9.06
9.06
9.05
9.06
9.05
9.05
9.05
9.05
9.05
9.06
9.06
9.07
9.05
9.05
9.04
9.04
9.03
9.05
9.03
9.05
9.05
9.05
9.06
9.06
9.06
9.06
9.07
9.05
9.03
9.05
9.05
9.06
9.04
9.02
9.06
9.06
9.06
9.03
9.06
9.05
9.05
9.04
9.07
9.04
9.06
9.06
9.04
9.05
9.05
9.05
9.05
9.03
9.05
9.05
9.06
9.06
9.04
9.04
9.05
9.05
9.05
9.04
9.05
9.05
9.06
9.06
9.06
9.05
9.08
9.05
