0.08
0.08
0.08
0.07
0.07
0.1
0.1
0.09
0.08
0.07
0.08
0.1
0.08
0.08
0.08
0.07
0.07
0.09
0.07
0.07
0.06
0.09
0.08
0.07
0.08
0.08
0.08
0.08
0.09
0.08
0.09
0.07
0.08
0.08
0.08
0.06
0.06
0.08
0.08
0.08
0.08
0.07
0.09
0.09
0.07
0.07
0.07
0.07
0.09
0.08
0.06
0.06
0.07
0.07
0.08
0.09
0.09
0.09
0.1
0.08
0.07
0.08
0.07
0.08
0.09
0.09
0.09
0.07
0.09
0.09
0.07
0.07
0.1
0.07
0.1
0.09
0.09
0.07
0.07
0.08
0.06
0.08
0.08
0.09
0.09
0.07
0.07
0.09
0.06
0.06
0.05
0.05
0.08
0.07
0.07
0.08
0.08
0.08
0.09
0.09
0.09
0.09
0.07
0.09
0.07
0.11
0.11
0.07
0.08
0.08
0.07
0.07
0.08
0.07
0.08
0.08
0.08
0.08
0.09
0.09
0.09
0.07
0.08
0.08
0.09
0.09
0.09
0.07
0.07
0.07
0.07
0.08
0.07
0.06
0.1
0.08
0.07
0.06
0.09
0.09
0.06
0.05
0.08
0.07
0.07
0.07
0.07
0.09
0.07
0.07
0.08
0.09
0.07
0.09
0.08
0.07
0.07
0.06
0.09
0.06
0.07
0.07
0.07
0.08
0.1
0.08
0.09
0.08
0.08
0.09
0.09
0.08
0.09
0.08
0.08
0.08
0.1
0.11
0.07
0.07
0.07
0.09
0.08
0.07
0.07
0.09
0.08
0.08
0.06
0.1
0.11
0.08
0.08
0.08
0.09
0.08
0.07
0.09
0.1
0.08
0.08
0.1
0.07
0.08
0.09
0.08
0.08
0.07
0.08
0.07
0.09
0.09
0.09
0.09
0.08
0.07
0.08
0.08
0.08
0.08
0.09
0.07
0.09
0.07
0.09
0.08
0.08
0.09
0.08
0.08
0.08
0.08
0.09
0.09
0.1
0.08
0.09
0.1
0.09
0.1
0.08
0.1
0.09
0.08
0.08
0.07
0.07
0.06
0.08
0.07
0.06
0.07
0.06
0.08
0.09
0.09
0.07
0.09
0.09
0.08
0.09
0.07
0.09
0.08
0.09
0.07
0.08
0.07
0.09
0.08
0.07
0.09
0.09
0.09
0.08
0.07
0.08
0.09
0.09
0.06
0.07
0.08
0.1
0.08
0.08
0.08
0.09
0.08
0.07
0.08
0.08
0.11
0.09
0.09
0.07
0.1
0.07
0.08
0.09
0.07
0.1
0.1
0.11
0.08
0.06
0.06
0.08
0.08
0.09
0.09
0.08
0.07
0.08
0.1
0.08
0.08
0.07
0.09
0.06
0.07
0.08
0.08
0.09
0.08
0.08
0.07
0.07
0.1
0.08
0.09
0.08
0.08
0.07
0.08
0.08
0.08
0.07
0.08
0.08
0.09
0.08
0.1
0.08
0.06
0.08
0.09
0.09
0.1
0.06
0.09
0.1
0.07
0.07
0.08
0.06
0.08
0.09
0.09
0.08
0.09
0.08
0.07
0.09
0.08
0.09
0.07
0.08
0.08
0.1
0.07
0.08
0.11
0.08
0.09
0.08
0.06
0.08
0.09
0.09
0.08
0.08
0.08
0.09
0.08
0.08
0.07
0.08
0.08
0.09
0.09
0.09
0.07
0.09
0.08
0.09
0.09
0.1
0.07
0.07
0.09
0.08
0.07
0.06
0.08
0.1
0.09
0.09
0.1
0.07
0.08
0.11
0.07
0.07
0.09
0.08
0.07
0.08
0.07
0.08
0.06
0.09
0.08
0.07
0.07
0.08
0.08
0.07
0.09
0.07
0.08
0.06
0.06
0.06
0.07
0.09
0.09
0.09
0.08
0.07
0.07
0.08
0.08
0.09
0.09
0.08
0.08
0.1
0.08
0.07
0.1
0.08
0.09
0.09
0.08
0.08
0.06
0.08
0.06
-0.14
0.07
0.1
0.08
0.09
0.07
0.08
0.06
0.07
0.08
0.08
0.09
0.06
0.09
0.05
0.06
0.13
0.09
0.08
0.04
0.08
0.08
0.07
0.09
0.07
0.11
0.08
0.1
0.11
0.08
0.09
0.09
-0.04
0.03
0.06
0.02
0.16
0.16
0.05
0.23
0.05
0.46
-0.2
-0.2
-0.51
-0.34
-0.62
1.09
-0.02
-0.02
0.22
0.08
0.22
-0.23
0.06
0.06
0
5.96
-4.1
2.26
-14.46
-14.46
-4.58
0.12
1.97
-1.18
1.13
1.13
-0.91
0
0.05
0.14
-0.02
-0.02
0.03
0.16
-0.05
0.25
0.1
0.1
0.21
-0.01
0.28
0
0.04
0.04
-0.36
-5.19
-7.22
3.84
-8.75
-8.75
-3.5
8.69
8.15
4.88
3.02
3.02
3.22
-1.4
3.39
-1.28
5.16
5.16
-22.61
-1.63
-0.13
0.81
0.39
0.39
0.4
2.09
-3.25
-1.4
2.06
2.06
0
-0.15
-1.9
0.13
7
7
4.33
1.16
4.78
3.35
-2.05
-2.05
-1.76
0.49
-0.94
0.8
0.71
0.47
-0.17
-0.49
-0.49
-0.55
-0.06
0.02
0.04
0.2
-0.04
-0.04
0.65
-1.47
-0.99
0.33
-0.03
-0.01
-0.01
0.17
0.04
0.02
0.31
-0.08
0.15
0.25
-0.03
0.01
0.01
0.06
-0.18
0.3
0.09
0.13
0.15
0.15
0.1
0.03
0.13
0.13
0.22
0.64
-0.4
0.5
0.04
0.13
0.13
0.75
-2.07
-0.95
0.32
-0.36
-1.24
1.06
-15.35
-2.7
-2.7
15.78
-5.9
-6.42
17.73
0.36
0.36
3.58
6.12
-3.54
2.33
2.72
2.72
11.1
-14.75
-4.06
2.76
0.36
-0.16
0.28
0.7
0.8
-0.11
-0.11
-0.12
0.92
-0.28
-0.67
1.24
1.24
1.69
1.61
6.57
-2.02
0.11
0.11
-2.45
-0.34
2.49
5.06
5.06
-0.13
0.8
-0.14
1.67
-0.24
-0.24
0
0.1
0
0.23
0.38
0.38
0
0.64
-0.39
0.24
0.34
0
0.08
0.32
-0.01
0.22
0.22
-0.18
-0.17
0.31
0.48
0.03
0.11
0.11
-0.06
0.01
0.2
0.2
0.05
0.23
0.19
-0.01
0.23
0.23
-0.02
0.1
0.11
0.33
-0.56
-0.56
0.05
0.08
0.13
-0.06
0.47
0.47
-0.16
-6.05
-7.13
-4.5
4.16
4.16
6.13
1.34
4.62
-3.53
-3.53
3.84
0.07
0.38
6.36
6.36
3.33
-20.63
-1.55
3.77
-1.78
0.89
0.89
-0.49
0.03
-0.05
-0.64
-0.64
0.33
0.63
-0.09
2.79
2.79
-0.97
-6.53
1.53
-4.33
0.99
2.54
2.54
-0.89
-2.97
4.12
4.12
-0.9
-0.19
0.01
0.51
-0.06
-0.06
0.09
0.16
0.09
1.39
-1.13
-1.13
-0.74
0.23
0.11
-0.03
0.18
0.1
0.1
0.89
0.54
0.83
0.42
0.1
0.1
0.09
-0.27
0.53
0.53
0.05
0.04
0.15
0.02
0
0.2
0.2
0
0.16
0.18
0.18
0.31
0.17
-0.13
0.21
1.7
1.7
-0.23
0.11
-0.61
0.36
0.2
0.2
0.6
-13.7
-11.35
10.86
-7.51
-7.51
7.77
14.8
-0.54
1.4
7.7
7.7
-2.91
3.67
-0.63
2.45
2.45
-0.68
1.33
7.22
0.97
0.97
0.51
-0.47
-0.69
0.62
-0.15
-0.15
-0.09
0.2
-0.22
8.11
8.11
-6.09
1.46
-3.88
-8.53
3.45
3.45
2.57
0.22
0.73
-3.26
-3.26
0.03
0.24
-0.1
0.04
0.22
0.22
-0.01
0.21
0.11
0.63
0.18
0.18
-0.59
0.18
0.16
0.06
0.24
0.24
0.21
0.16
-0.11
-0.07
0.01
0.01
0.11
0.14
0.1
0.08
0.2
0.2
0
0.23
0.11
0.13
0.13
0.13
0.04
0.09
0.08
0.19
0.06
0.06
0.33
0.08
0
1.45
-1.46
-1.46
-0.99
0.16
0.6
0.49
-3.19
-3.19
-3.29
-16.45
-11.2
-5.99
6.82
6.82
5.32
5.82
-0.94
8.76
8.76
-0.28
-6.23
5
-1.85
5.86
5.86
6.03
-30.06
7.29
-4.39
3.76
3.76
0
1.12
-0.88
0.11
0.05
0.05
-0.52
-0.44
-1.73
4.48
3.06
3.06
3.68
0.44
1.24
-0.23
-0.23
-3.95
9.23
5.41
0.03
-2.3
-2.3
0.19
0.08
0.08
0
0.08
0.19
0.05
0.19
0.55
-0.29
0.12
-0.5
0.06
0.09
0.03
0.03
0.14
0.15
0.14
0.22
-0.03
0.07
-0.11
0.26
-0.1
0.03
0.03
0.15
0.15
0.13
0.23
0.1
0.1
0.11
0.11
0.14
-0.12
0.02
0.38
0.15
0.28
0.07
1.47
1.47
-0.25
-0.67
0.43
0.47
-0.14
-0.14
-0.9
-15.22
-2.53
-9.11
3.91
3.91
0.1
10.23
4.85
-1.03
9.84
9.84
-4.06
-0.81
0.28
-1.51
15.39
15.39
-17.61
-16.61
-0.08
0.88
1.73
1.73
-2.09
-0.49
-0.82
0.45
-0.35
-0.28
0.16
0.74
1.03
5.17
2.39
-1.41
-3.31
-5.75
-5.75
-1.19
5.08
-1.3
2.86
0.22
0.22
0.15
0.33
-0.02
-0.04
0.09
0.09
0.16
0.11
0
0.23
1.64
-0.25
0.08
0.03
0.23
0.11
0.12
0.16
0.15
0.04
0.1
-0.03
0.19
0.17
0
0.11
0.11
0.13
0.21
0.11
0.15
0.13
0.16
0.15
0.04
0.1
0.11
0.27
0.17
0.05
0.59
-0.6
-0.6
0.36
-0.09
0.39
0.23
0.03
0.03
-7.56
-11.12
-0.88
3.83
0.68
0.68
6.66
7.87
5.99
-0.51
10.09
10.09
-3.78
0.56
7.34
2.87
-0.32
-0.32
-3.48
-16.69
6.84
2.17
0.04
0.04
-0.12
0.57
-0.5
-0.02
0.08
0.08
-0.2
0.65
-0.42
0.21
7.71
7.71
-0.07
0.66
-11.98
-5.52
-4.07
-4.07
3.45
1.12
0.86
-0.63
-0.77
-0.77
0.91
-0.05
0.12
0.13
0.12
0.12
0.2
0.12
0.8
0.2
-0.27
-0.27
0.15
0.06
0.32
0.24
0.11
0.11
0.01
0.13
0
0.12
0
0.01
0
0.03
0.24
0.14
0.14
0.25
0.08
0.02
0.23
0.05
0.05
-0.05
0.05
0.07
0.05
0.29
0.29
0.44
0.02
-0.05
-1.4
-0.07
-0.07
0.44
0.01
0.03
0.22
-2.51
-2.51
-14.81
13.9
-10.99
-10.5
7.27
7.27
10.12
4.93
-2.46
7.04
1.1
1.1
1.37
-3.26
5.72
-0.07
-22.19
-0.26
-1.13
2.37
0.74
-0.22
-0.22
0.13
-0.8
0.37
0.37
0.39
-0.12
0.43
0.61
7.92
1.47
-4.92
-8.16
1.88
-2.2
6
3.33
0.51
0.23
0.19
0.19
0.14
0
0
0.04
0.09
0.15
0.14
1.31
-0.81
0.48
0.48
-0.3
0.21
0.11
0.12
0.13
0.06
0.06
0.05
0.1
-0.08
0.04
0.27
0.27
0.15
0.22
0.05
0.23
0.33
0.33
0.02
0.09
0.22
0.05
0
0.22
0.16
0
0.38
0.38
-0.26
0.06
0.15
0.91
0.69
0.69
-0.71
0.56
-0.02
0.19
-5.31
-5.31
-7.64
13.92
-10.78
-8.64
11.66
11.66
7.09
11.34
-5.05
-1.88
2.6
2.6
0.47
5
-3.01
-3.97
17.23
17.23
1.82
5.49
0.89
0.11
0.28
0.28
1.17
0.45
-0.31
1.46
-0.47
-0.47
0.55
-1.63
1.58
1.83
8.61
8.61
-3.35
-4.56
-6.84
5.5
6.4
-2.88
0.74
0.1
-0.05
0.17
0.17
0.02
0.08
0.11
0.09
0.1
0.1
0.15
0.13
-0.85
-0.54
0.1
0.1
0.33
0.04
0.09
0.12
0.07
0.07
0.04
0.12
0.06
0.03
0.18
0.06
0.06
0.09
0.09
0.25
0.11
0.11
0.1
0.12
0.13
0.05
0.16
0.09
0.09
0.17
0.08
0.22
0.23
0.23
0.1
0.13
0.35
-0.01
0.16
0.16
0.03
0.07
-1.92
-12.23
-9.15
-9.15
15.72
-9.5
-3.79
5.83
3.62
3.62
3.34
3.35
2.15
4.56
5.01
-0.97
-4.51
-6.66
11.85
11.85
-17.29
0
-2.14
4.42
0.02
0.02
0.61
0.02
-1.24
0.39
-0.03
-0.29
0.77
3.7
5.59
1.36
1.36
-9.05
-7.28
-6.64
8.59
0.22
0.22
1.8
2.51
-3.25
-0.44
0.93
0.93
0
0.05
0.13
0.15
0.08
0.08
0.27
0.1
0.2
-1.47
0.33
0.01
0.01
0.1
0.17
-0.02
0.14
0.22
-0.09
0.02
0.06
0.03
0.03
0.18
-0.46
0.08
0.31
0.05
0.05
0.04
0.19
0.05
0.12
0.14
0.14
0.05
0.13
0.18
0.24
0.22
-0.02
0.25
-0.03
0.07
0.11
0.11
0.13
0.06
-0.01
-3.13
-8.96
-8.96
7.19
3.56
-1.44
6.33
12.08
12.08
-3.69
2.71
-3.01
2.19
-1.76
-1.76
-2.51
-3.65
15.87
-18.65
-5.64
-5.64
6.08
6.81
-0.58
0.11
0.67
0.67
-1.13
0.19
-0.06
-0.03
0
0
-0.23
1.67
7.39
3.01
-1.56
-1.2
-7.92
5.28
1.29
-1.44
-1.44
2.97
-1.68
-0.37
0.36
-0.03
-0.03
0.08
0.14
0.2
0.02
0.79
0.79
-0.43
0.3
-0.77
0.05
0.12
0.12
0.11
0.3
0.04
0.14
0.14
0.08
0.19
-0.25
0.08
0.06
0.01
0.19
0.17
0.04
0.19
0.19
0.07
0.12
0.11
0.09
0.09
0.1
0.03
0.16
0.14
0.23
0.23
0.06
-0.05
0.09
0.24
0.24
0.29
-0.71
-7
4.03
4.85
4.85
-9.26
11.72
12.82
2.03
-1.88
-1.88
1.44
-0.83
-9.53
5.57
-0.8
-0.8
-6.12
-1.91
-1.66
10.62
10.62
1.73
0.85
-0.43
0.23
-1.1
-1.1
0.32
0.04
-0.04
0.12
0.09
0.09
0.44
8.16
2.97
-5.14
-5.16
-2.89
-2.89
3.82
3.47
0.39
0.39
-0.05
0.45
0.14
0.01
0.11
0.11
0.09
0.13
0.2
0.21
0.21
0.49
-0.18
0.05
0.19
0.03
0.03
0.12
0.16
0.11
0.16
0.18
0.18
0
0.04
0.02
-0.28
-0.28
0.62
-0.05
0.22
0.19
0.02
0.02
0.08
0.06
0
0.25
0.25
0
0.14
0.03
0.1
0.1
0.24
0.16
0.1
3.45
3.45
8.74
2.06
-4.86
-1.43
-4.03
-4.03
6.18
4.35
9.04
6.01
1.67
1.67
-4.56
4.44
-0.12
6.61
0.01
0.01
0.75
-2.86
-7.82
-23.2
6.3
6.3
7.44
11.03
-4.42
-17.01
1.58
1.58
1.92
0.67
-3.31
-2.63
2.54
2.54
1.89
-0.31
-5.53
0.04
5.03
5.03
2.09
-0.72
-0.23
-7.36
-7.36
6.44
0.7
-0.22
-0.01
0.03
0.03
0.1
0.09
0.05
0.02
0.02
0.29
0.11
0.97
0.84
1.83
1.83
1.07
0.59
-0.13
-1.7
0
0
0.15
3.49
-1.94
-0.65
-1.37
-1.37
0.65
0.16
-0.09
0.36
0.08
0.08
0.07
0.08
0.01
0.03
0.25
0.25
0.02
0.23
0.13
0.14
-0.03
-0.03
0.27
0.09
0.2
0.1
6.01
6.01
-2.79
-9.02
7.21
-2.41
6.67
6.67
3.73
2.85
3.55
3.22
-1.56
-1.56
7.38
1.74
2.76
-0.48
-6.3
-6.3
-11.02
-17.56
-3.03
5.83
2.56
2.56
1.71
-8.99
-5.28
4.51
-1.19
-1.19
-6.3
-8.34
4.39
0.38
10.6
10.6
-5.25
-1.81
6.19
5.26
-0.9
-0.9
3.2
-6.43
1.33
-2.71
-2.71
0.64
0.07
0
0
0.11
0.09
0.06
0.03
0.04
0.22
0.08
0.21
0.76
1.2
1.2
-0.72
-0.72
0.18
-0.25
-1.6
-1.6
0.11
-0.01
0.23
0.35
0.23
0.23
0.19
0.02
0.03
0.16
0.31
0.31
0.01
-0.21
0.31
0
0.3
0.31
0.06
0.07
0.32
0.23
0.23
-0.04
0.3
0.55
0.82
3.22
3.22
6.4
-8.79
1.31
5.92
3.46
3.46
1.84
3.87
0.85
2.58
-3.58
-3.58
10.86
0.25
-3.01
0.6
0.6
7.09
-4.61
-8.26
4.48
-14.4
-3.54
1.35
3.45
-10.54
-2.35
-2.35
-0.07
2.52
-4.14
0.51
0.78
0.78
-0.74
-2.2
-2.3
-2.35
3.53
3.53
3.77
4.54
-0.59
0.16
2.41
2.41
0.29
0
0.02
0.02
0.07
0.07
0.06
0.13
0.1
0.12
0.13
0.13
0.09
0.19
0.26
0.09
0.13
0.13
1.21
0.93
1.01
-1.52
0.34
0.34
0.01
0.08
-0.06
0.16
0.14
0.14
-0.07
0.08
0.2
0.15
0.17
0.06
0.09
0.11
0.1
0.15
0.15
0.02
0.03
0.13
0.03
0.16
0.44
1.41
2.71
2.99
2.99
-4.87
0.24
5.54
4.72
5.98
5.98
-5.26
0.4
10.47
-4.82
-4.97
-4.97
0.44
8.31
-12.06
-3.64
9.4
9.4
4.54
-10.03
-5.1
4.45
-4.06
0.12
1.12
3.24
-2.98
0.48
0.48
0
0.14
0.19
-0.01
-1.11
-1.22
1.17
1.11
0.03
0.24
0.24
0.15
0.12
-0.25
1.09
-0.18
-0.18
0
0.08
0.02
0.13
0.03
0.03
0.04
0
0.09
0.13
0.1
0.1
0.08
0.17
0.01
0.23
0.48
0.48
0.3
1.04
-0.81
0.01
-0.05
-0.05
-0.01
0.11
0.22
0.02
0.13
0.13
0.26
0.06
0.11
0.13
0.09
0.09
0.09
0.13
0.12
0.04
0.13
0.13
0.16
0.2
0.01
0.12
0.33
0.33
0.16
5.18
3.24
0.49
-1.86
-1.86
-9.41
9.74
6.02
5.61
2.6
6.56
11.98
9.51
-8.34
3.44
3.44
2.69
2.46
-9
4.63
-2.57
1.63
1.63
-5.7
0.81
-13.2
-1.8
-1.8
0.84
1.47
0
-0.03
-2.72
0.56
0.56
0
-0.03
-0.03
0
0
0.11
0.1
0.12
-0.05
-0.03
-0.05
-0.05
-0.66
1.3
-0.45
0.36
-0.08
-0.08
0.26
0.29
0.21
0.04
0.07
0.07
0.13
-0.03
0.35
0.12
0.12
0.19
0.05
0.2
0.7
0.7
-1.82
-1.82
0.24
0.02
0.09
0.22
-0.1
-0.1
0
-0.04
0.11
0
0.12
0.12
0.03
0.24
0
0.09
0
0
0.02
0.12
0.18
-0.05
0.18
0.18
0.12
-0.06
-0.02
3.92
2.64
4.7
-1.42
-7.85
-7.4
-0.01
-0.01
7.29
5.62
-5.21
0.78
19.12
19.12
8.82
0.94
7.37
6.6
-6.07
-3.59
-2.62
-8.52
-6.36
-2.93
-2.93
-2.29
-12.32
-8.11
3.47
0.29
0.29
-1.36
1.69
-6.59
0.19
0.56
0.56
0.15
0.05
-0.1
0.08
-0.93
0.81
0.74
0.74
-0.41
0.11
-0.57
0.11
0.89
-0.44
0.42
0.22
0.22
0.38
0
0.14
0.06
0
0.26
0.24
0.24
0.1
0.24
-0.01
0.23
-0.04
-0.04
0.57
0.12
-0.15
0.2
0.08
0.22
-0.27
0.13
0.07
0.07
0.12
0.03
0.06
-0.03
0.11
0.09
0.09
0.01
0.07
0.03
0.22
0.22
0.03
0.07
0.07
0.28
-0.09
-0.03
0.32
2.65
2.25
1.74
1.74
-8.84
-14.06
6.93
3.41
7.08
-4.01
-4.01
8.1
14.9
4.26
-9
-4.44
8.35
-7.45
-0.42
2.95
2.95
-3.59
-7.12
8.93
-7.64
-8.49
-6.18
-6.18
1.11
0.17
-0.28
0.58
-3.77
-3.77
1.07
-1.02
-0.09
-0.45
0.17
0.17
0
-0.07
0.18
0.2
-0.1
-0.1
-1.59
-0.34
1.18
0.03
-0.02
-0.02
0.05
-0.38
0.04
0.05
-0.11
-0.11
0.41
0
-0.02
0.08
0.2
0.2
0.11
0.04
0.21
0.04
1.2
1.2
-0.93
0.05
0.03
-0.02
-0.02
-0.09
-0.01
0.07
0.01
-0.09
0.11
0.11
-0.02
0.19
0.33
-0.32
0.1
0.05
0
0.15
0.03
0.03
0.01
0.16
0.1
-0.03
0.19
0.19
1.5
3.26
4.15
1.23
-4.55
-4.55
0.18
2.51
9.11
1.95
-7.95
-7.95
12.45
10.76
1.88
2
1.3
3.98
3.98
-6.23
7.34
-4.93
-3.4
-5.04
2
2.64
-4.54
-3.02
-3.02
1.41
-2.62
0.66
-0.67
-1.3
-1.3
0.15
-0.03
0.17
0.11
-0.07
-0.07
-1
-0.83
3.38
-0.19
0.06
0.06
-0.05
0.17
0.24
0.02
0.02
0
0.06
0.08
0.06
-0.07
-0.07
0.11
0.08
0.09
-0.11
-0.03
-0.03
0.07
0.01
0.27
0.71
0.12
0.44
-0.52
0.03
0.02
-0.03
-0.03
0.07
0.1
0.07
0.02
0.09
0.09
-0.06
0.04
-0.01
0.07
0.1
0.1
-0.07
-0.01
0.06
0
0.01
0.01
0.15
0.07
-0.03
0.28
0.28
0.45
-0.18
-0.26
-4.55
-11.29
-11.29
6.02
-0.78
0.91
8.19
9.12
9.12
1.69
1.3
1.72
4.75
4.89
4.89
-7.02
11.58
-0.31
1.85
8.3
8.3
-11.54
5.5
0.16
0.09
0.09
0.2
0
-0.08
0.03
0.17
0.17
0.05
0.07
0.19
-1.96
-1.96
-0.05
1.24
0.86
-0.11
1.49
-0.33
0.18
0.18
-0.01
0.29
0.29
0.18
-0.02
0.14
-0.12
-0.12
0.12
0.11
0.2
0.07
0.07
0.03
0
0.04
0.01
0.1
0.1
0.04
0.03
0.07
0.07
0.08
0.08
0.07
0.01
0.03
0.04
0.04
0.04
0.07
0.06
0.04
0.06
0.06
0.05
0.04
0.09
0.07
0.07
0.05
0.05
0.03
0.09
0.09
0.06
0.02
0.07
0.03
0.06
0.04
0.04
0.06
0.02
0.05
0.05
0.04
0.05
0.04
0.05
0.04
0.03
0.06
0.04
0.03
0.03
0.04
0.06
0.05
0.04
0.04
0.03
0.06
0.04
0.03
0.03
0.06
0.03
0.06
0.06
0.06
0.07
0.03
0.04
0.04
0.04
0.04
0.05
0.04
0.06
0.06
0.07
0.04
0.04
0.05
0.05
0.05
0.05
0.04
0.06
0.06
0.04
0.04
0.06
0.05
0.05
0.04
0.02
0.07
0.05
0.05
0.05
0.05
0.04
0.04
0.04
0.08
0.07
0.04
0.05
0.05
0.03
0.04
0.03
0.05
0.05
0.02
0.02
0.05
0.04
0.04
0.07
0.06
0.06
0.04
0.04
0.03
0.06
0.05
0.06
0.06
0.04
0.04
0.05
0.04
0.04
0.05
0.04
0.07
0.05
0.07
0.06
0.04
0.04
0.05
0.05
0.04
0.05
0.04
0.05
0.02
0.04
0.03
0.03
0.02
0.07
0.09
0.07
0.06
0.05
0.04
0.07
0.02
0.04
0.08
0.03
0.05
0.06
0.04
0.04
0.08
0.05
0.04
0.06
0.05
0.05
0.05
0.06
0.06
0.06
0.04
0.05
0.06
0.07
0.05
0.03
0.05
0.05
0.05
0.05
0.04
0.03
0.05
0.04
0.07
0.02
0.05
0.05
0.05
0.06
0.05
0.06
0.06
0.07
0.05
0.05
0.05
0.06
0.07
0.04
0.05
0.05
0.03
0.05
0.07
0.07
0.04
0.05
0.06
0.03
0.04
0.05
0.05
0.06
0.05
0.04
0.04
0.04
0.04
0.05
0.05
0.05
0.05
0.07
0.06
0.04
0.05
0.05
0.04
0.04
0.04
0.03
0.05
0.05
0.04
0.05
0.05
0.04
0.06
0.05
0.05
0.06
0.06
0.05
0.04
0.04
0.05
0.05
0.06
0.03
0.07
0.06
0.06
0.05
0.05
0.04
0.04
0.04
0.06
0.03
0.03
0.05
0.03
0.05
0.07
0.06
0.05
0.05
0.04
0.06
0.05
0.07
0.05
0.04
0.04
0.04
0.05
0.03
0.04
0.05
0.05
0.05
0.05
0.04
0.06
0.07
0.05
0.05
0.05
0.06
0.06
0.04
0.05
0.04
0.05
0.05
0.04
0.05
0.05
0.05
0.04
0.04
0.04
0.05
0.04
0.05
0.05
0.04
0.06
0.07
0.06
0.05
0.07
0.04
0.06
0.04
0.06
0.04
0.05
0.04
0.05
0.05
0.04
0.04
0.06
0.04
0.07
0.03
0.06
0.06
0.06
0.06
0.03
0.02
0.03
0.05
0.06
0.06
0.06
0.05
0
0.06
0.04
0.06
0.01
0.01
0.07
0.04
0.07
0.08
0.04
0.04
0.03
0.04
0.1
-0.01
-0.01
0.07
-0.13
-0.67
1.41
0.04
-5.08
3.37
-6.53
1.06
-7.39
1.96
16.22
11.92
-9.36
16.86
2.77
9
-0.01
-0.02
-18.15
-6.11
3.53
-6.06
-10.8
4.43
6.77
-0.57
-0.13
0.56
0.49
0.54
0.16
0.07
-0.35
0.1
-0.31
-1.16
-1.2
-3.7
1.48
7.34
1.88
-0.87
-0.87
-0.99
0.03
3.73
-6.07
-0.62
-0.13
0.02
0
0.02
-0.05
0.01
0.04
0.1
0.17
-0.04
-0.1
0.06
0.11
-0.03
0.2
0.02
-0.13
0.07
0.16
0.06
-0.23
0.19
0.24
0.24
-0.01
-0.04
0.13
-0.05
0.1
0.01
-0.02
0.06
0.06
0.04
0.04
0.22
0.44
0.23
0.23
-0.12
0.32
0.72
-1.78
-0.12
-0.63
-0.63
0.59
-0.2
0.57
-7.66
4.02
1.59
-7.08
8.9
10.18
10.18
8.3
-0.75
-1.13
-1.4
-4.33
-0.73
-0.73
-2.58
7.98
4.72
4.97
-0.24
-0.07
0.11
0.18
-0.06
0.13
0.13
0.06
-0.3
-0.46
-2.13
1.46
0.76
1.02
-1.06
1.62
1.62
0.87
-3.93
1.47
-0.21
-0.56
-0.56
0.52
-4.72
-2.7
-0.41
-0.24
-0.24
0.01
-0.1
0.02
-0.02
0.06
0.06
0.21
0.95
-0.77
0
0.02
0.02
-0.01
-0.01
0.06
0.01
0
0.12
0.02
0.06
0
-0.07
-0.07
-0.02
0.26
-0.01
0
0.07
0.07
0.08
-0.02
0.1
-0.06
0.19
0.19
-0.01
0.09
-0.08
0.11
0.09
0.09
0.18
0.02
-0.1
-0.16
0.25
0.25
-0.2
-4.78
-7.23
-8.22
-1.3
-1.3
1.68
3.77
8.41
9.45
0.61
0.61
-0.87
6.78
-4.33
4.06
-5.67
5.46
5.46
5.62
-5.89
0.04
9.2
-1.15
-0.65
-1.21
-0.26
-0.26
-0.58
0.03
1.94
-1.25
2.05
0.37
0.37
3.71
4.99
2.79
-6.61
-12.29
-12.29
-1.04
5.54
5.68
1.65
-0.16
-0.16
0.16
-0.79
0.66
0.01
0.01
0.01
0.08
0.07
-0.04
0.35
0.29
0.29
0.19
0.09
-0.08
0.05
0.05
0
0.07
0.11
0.21
0.01
0.01
-0.14
-0.06
-0.35
0.07
0.18
0.18
-0.02
0.4
0.2
-0.14
-0.11
-0.11
0.16
-0.03
0.01
-0.08
0.05
-0.03
0.15
0.08
0.32
-0.33
-0.33
1.4
-1.25
0.49
-0.53
-0.38
-0.38
1.13
-0.32
-7.98
-9.78
-7.15
-4.84
-15.69
14.04
11.05
-1.66
-1.66
9.25
-2.48
-0.02
-3.68
-3.68
2.38
3.46
5.94
-31.56
16.5
16.5
0.31
-0.07
-0.03
0.3
0.3
0.06
0.03
0.34
0.17
-0.19
-0.19
0.86
5.51
-1.03
0.41
-3.81
-3.81
-4.83
-2.78
5.05
3.48
-1.78
-1.78
1.87
0.62
0.14
-0.08
-0.01
0.08
0.14
-0.14
0.13
0.1
0.1
0.08
-0.11
0
0
0
0
0.08
0.13
0.14
0.04
-0.17
-0.17
-0.02
-0.25
0.51
0.51
0.04
0.25
0.01
0.06
0
0
0
0.13
0.07
-0.01
-0.01
0.17
0.1
0.02
0.02
0.09
-0.23
-0.14
-0.24
-0.24
0.06
0.06
-0.06
-7.92
-0.67
0.14
1.17
2.68
7.47
6.67
7.33
2.62
4.37
0.69
0.64
-4.67
6.53
-2.16
-2.16
-8.06
0.76
0.76
0.08
-0.04
0.16
-0.27
0.19
0.04
0
0.12
1.16
1.16
1.86
5.12
-4.59
-2.19
-3.19
1.17
1.17
4.18
0.93
-1.05
0.49
0.49
-0.07
0.14
0.14
-0.03
-0.01
0.23
0
0
0.26
0.05
0.03
-0.04
0.06
0.18
0.11
-0.1
-0.2
-0.2
0.09
-0.09
0.19
0.25
0.25
0.15
0.28
-0.19
0.02
0.02
0.04
0.13
0.09
0.04
0.04
0.14
0.1
0.06
0.19
0.19
-1.01
-0.43
0.9
-0.06
0.22
-7.94
-8.09
5.17
-9.17
-9.17
7.08
1.6
1.26
9.93
-0.77
-4.92
5.61
9.4
3.42
-5.86
11.07
-1.12
9.14
-1.15
-0.72
-0.18
0.82
0
0.5
-0.02
-0.1
-1.36
-1.08
1.69
2.55
-1.62
-0.89
-0.38
-7.84
1.24
4.72
5.31
-3.07
0.62
0.34
0.33
-0.06
-0.07
0
-0.09
0.04
0.32
-0.17
-0.55
-0.55
-0.03
0
0.21
0.14
0.14
0.12
0.06
-0.02
-0.01
0.01
-0.12
0.17
0.02
-0.03
0.24
0.12
-0.03
0
0.13
-0.05
0.05
0.13
0
0.24
0
-0.03
0.02
0.1
0.63
-1.44
0.89
0.21
-0.05
-0.78
-12.46
-2.25
7.26
-3.52
-13.12
12.58
10.67
-6.49
4.52
-1.58
-6.44
4.75
-0.69
3.02
-3.56
9.29
12.84
-4.87
0.84
0
0.33
1.08
-0.1
0.44
0.73
-0.33
-0.38
0.3
0.7
7.27
-1.72
-4.55
1.81
-4.52
5.71
3.05
-3.79
-0.09
-0.51
-0.43
0.37
-0.04
-0.06
0.08
-0.1
0.13
0.05
0.07
0.12
0.13
-0.15
0
0.1
0
0.08
0.33
-0.09
-0.17
-0.17
-0.11
-0.08
-0.15
0.01
0.03
0.17
-0.04
-0.02
0.22
-0.02
0
0.09
-0.04
0.17
0.11
0.05
0.02
0.21
0.02
-0.12
0.56
0.52
-0.05
0.15
-1.86
-2.82
-12.03
-4.26
-9.05
5.69
5.25
-1.12
1.1
5.77
8.13
-6.87
4.79
5.23
-1.24
0.19
10.73
-26.98
1.01
1
-0.61
0.04
1.04
-1.57
-0.97
-0.1
-0.09
0.42
-1.47
0.95
4.37
2.74
-0.46
-5.59
1.26
-2.51
1.51
-1.71
2.44
-0.41
-0.22
0.43
-0.08
-0.01
0.05
0.08
0.07
0.14
-0.05
0.16
0.32
-0.64
0.11
0.04
0.22
-0.01
0.18
-0.21
0.28
0.28
-0.25
0.04
-0.17
0.16
0.28
0.11
0.38
-0.33
0
0.1
0.05
0.16
0.02
0.09
0.02
0.03
0.09
0.16
0.18
0.98
-1.25
0.25
-0.41
0.28
-0.07
0.24
-8.24
-6.01
0.3
8.25
-4.48
14.58
19.84
-15.42
11.36
9.33
-4.17
2.59
-2.42
9.83
-2.31
0.28
-17.02
14.13
1.12
0.32
0.32
-0.02
0
-0.83
0.22
-0.02
-0.67
-1.14
2.73
3.66
2.28
5.75
-4.95
-4.81
-4.48
4.8
1.45
3.28
-2.07
-1.85
-1.85
1.18
-0.22
-0.03
0
0.07
0.07
0
0.17
0.02
0.1
0.22
-0.27
0.1
0.04
0.01
0.01
0.07
0.17
-0.08
0.04
-0.04
-0.04
-0.01
-0.08
0.01
0.19
-0.1
-0.09
-0.09
0.01
0.04
0.11
0.16
0.16
0.04
0.07
0.09
0.09
0.13
0.13
0.14
0
0.02
0.02
-0.79
0.27
-0.11
-0.14
0.06
-0.12
-0.12
-9.51
-10.75
1.84
-4.7
6.6
6.6
7.12
7.3
6.65
7.87
2.24
2.24
-7.75
0.96
-3.68
2.58
2.58
10.61
-4.8
-6.18
10.75
-0.18
-0.9
-0.9
0.53
0.08
-0.71
0.4
0.4
0.09
0.02
-1.01
-1.06
2.37
2.37
5.55
2.97
-7.09
-2.13
-6.32
10.35
6.66
1.92
-3
0.31
0.31
-0.18
-0.1
0.01
-0.08
0.12
0.12
-0.03
0
0.11
0.56
0.79
0.79
-1.03
-0.03
0.06
0.1
-0.01
0.21
0.15
-0.05
0.07
-0.11
-0.11
-0.06
0.12
-0.13
-0.22
0.39
0.39
-0.14
0.08
-0.09
0.26
0.26
0.26
-0.07
0.08
0.15
0.06
0.1
0.1
0.08
0.1
-0.02
0.25
0.15
0.14
0.07
0.13
-0.08
-0.12
-0.12
-9.73
-0.5
4.16
-14.36
1.21
1.21
4.29
-0.53
9.42
5.38
-1.21
-4.5
3.22
1.27
0.43
0.43
-2.77
12.9
8.87
0.07
2.48
0.32
0.32
-0.14
0.53
-0.1
0.45
0.12
0.12
-0.21
-2.11
2.18
2.45
6.08
-2.3
-0.7
-4.32
0.43
0.43
3.19
2.52
2.29
-2.51
-2.24
0.32
-0.07
-0.03
0
0.1
0.1
-0.07
0.07
0.21
0.07
1.15
-0.68
-0.17
0.06
0.11
0.05
0.07
0.07
0.24
0.08
0.01
-0.18
0.05
0.05
0
-0.33
0.59
0.16
0.14
0
0
0.13
0.07
0.07
-0.15
0.2
0
0.28
0.01
0.16
0.16
0.12
0.07
0.13
-0.37
0
0.03
0.06
0.09
-3.4
-3.4
-5.36
-6.73
5.17
-13.98
3.32
9.4
4.99
6.46
-0.83
-2.7
2.1
2.1
-5.44
-5.44
-3.21
-3.21
-32.34
2.74
1.01
0.27
0.27
0.39
0.64
-0.87
0.87
-0.07
-0.28
-2.68
0.58
5.18
4.64
0.35
-0.93
-6.44
-1.54
2.61
2.61
0.77
0.91
0.91
-0.02
-0.02
0.13
-0.02
0.02
0.18
0.18
0.08
0.8
-0.26
-0.74
0.8
-0.58
0.02
0.12
0.01
0.14
-0.07
0.14
-0.19
-0.07
-0.07
0.06
-0.11
0.12
0.22
0.26
-0.15
-0.07
0.06
0.15
0.15
-0.06
0.1
0.03
0.18
0.18
0.07
0.05
0.23
0.13
0.13
0.04
-0.14
0.17
-0.13
-2.45
-15.05
6.87
-4.62
7.8
6.99
8.42
-4.33
3.86
1.67
2.82
4.87
-4.74
6.37
-2.56
-0.79
-16.96
-1.77
-0.07
2.3
-1.29
1.68
-0.98
-1.92
0.54
-0.4
-1.8
-0.75
2.33
6.03
1.6
-3.55
-0.43
-0.66
-2.06
1.69
1.43
2.68
-4.03
-0.26
0.25
0.21
-0.06
0.05
-0.03
-0.03
0.85
0.12
-0.6
-0.16
-0.29
0.01
0.09
0.02
0.08
0.11
0.3
-0.01
-0.28
-0.13
-0.13
-0.08
0.29
0.16
0
0.11
0.06
0.11
0.25
-0.01
0.09
0.04
0.11
0.17
0.04
0
0.03
1.17
-1.3
0.52
-0.72
0.37
0
0.4
-6.43
-9.04
-3.19
-3.53
-3.53
4.3
12.13
-1.43
1.74
5.84
-2.81
7.27
-5.5
3.07
2.33
0.63
-20.95
16.23
3.09
0.7
-0.19
0.46
-1.1
0.45
-0.49
-1.23
-3.53
2.46
-2.95
6.25
1.47
-0.11
-2.63
-1.59
5.7
1.84
1.26
1.2
-1.56
-0.88
0.75
-0.15
0.01
0.15
0.07
0
0.59
0.27
0.64
-1.45
0.22
-0.06
0.1
0.11
0.05
0.06
0.04
0.13
-0.16
0.01
0.01
-0.05
-0.02
0.12
0.01
-0.02
-0.07
0.21
0.13
0.14
0.02
0.12
0.14
0.09
0.14
-0.16
-0.16
0.16
0
-0.03
-0.39
0.08
0.08
-0.03
0.28
0.07
-0.01
-12.49
-14.17
0.69
0.03
-13.08
11.86
11.86
9.32
-2.39
9.27
-0.16
-4.22
6.44
-3.29
-1.94
0.76
-9.53
-9.53
-0.29
-1.3
2.4
-0.3
0.02
0.02
0.69
-0.11
0
0.22
-0.22
-1.46
-2.73
0.12
8.39
2.22
-8.83
2.09
-0.91
1.53
1.53
4.93
-0.75
0.77
-1.19
0.36
-0.07
-0.1
0
0.12
0.03
0.03
0.06
0.07
0.05
0.19
-0.02
-0.05
0.13
0.06
0.04
0.04
0.12
0.11
0.33
0.31
0.06
0.06
-0.32
0.87
-0.73
-0.49
1.16
1.16
0.34
0.1
0.11
-0.11
0.17
-0.07
-0.07
0.19
0
0.11
0.08
0.04
0.04
0.04
0.01
0.14
-0.02
-0.02
0.09
0.1
0.1
0.15
-0.01
0.1
-0.01
0.02
0.08
-0.03
0.05
0.15
0.04
-0.03
0.05
0.05
-0.02
0.12
0
0.27
0.01
0.01
0.04
0.33
0
0.03
0.06
0.15
0.01
0.11
0.08
0.03
0.11
0.09
0.07
0.05
0.07
0.08
0.07
0.11
0.06
0.05
0.08
0.07
0.08
0.05
0.06
0.07
0.09
0.02
0.1
0.07
0.04
0.1
0.1
0.08
0.05
0.11
0.06
0.04
0.1
0.09
0.03
0.08
0.06
0.07
0.08
0.08
0.04
0.06
0.07
0.05
0.08
0.08
0.06
0.04
0.08
0.08
0.07
0.08
0.08
0.07
0.06
0.08
0.07
0.05
0.08
0.06
0.06
0.06
0.05
0.07
0.03
0.07
0.07
0.05
0.09
0.08
0.09
0.06
0.05
0.06
0.07
0.07
0.06
0.08
0.05
0.07
0.07
0.06
0.06
0.07
0.09
0.07
0.05
0.06
0.08
0.08
0.06
0.07
0.06
0.06
0.06
0.07
0.07
0.06
0.06
0.07
0.06
0.07
0.07
0.08
0.05
0.07
0.09
0.05
0.07
0.05
0.07
0.08
0.07
0.06
0.08
0.09
0.06
0.07
0.07
0.06
0.09
0.06
0.07
0.07
0.09
0.07
0.07
0.06
0.08
0.07
0.05
0.06
0.09
0.08
0.08
0.05
0.07
0.06
0.07
0.07
0.08
0.07
0.07
0.06
0.09
0.07
0.07
0.08
0.06
0.07
0.07
0.06
0.07
0.06
0.07
0.07
0.07
0.08
0.07
0.07
0.08
0.07
0.06
0.09
0.07
0.05
0.07
0.06
0.07
0.08
0.07
0.08
0.07
0.08
0.05
0.05
0.07
0.06
0.06
0.07
0.07
0.06
0.08
0.05
0.05
0.07
0.06
0.06
0.06
0.07
0.05
0.06
0.08
0.06
0.07
0.11
-0.06
0.05
0.07
0.07
0.05
0.06
0.05
0.04
0.08
0.08
0.03
0.04
0.08
0.04
0.06
0.06
0.09
0.05
0.1
0.04
0.05
0.16
0.06
0.04
0.12
0.04
0.07
0.04
0.05
0.05
0.06
0.11
-0.17
0.05
-2.58
-2.73
-2.73
-7.44
7.07
-0.26
0.99
3.23
3.23
2.87
4.61
-12.54
8.57
-1.21
-1.21
-1.11
0.21
1.35
4.76
-10.35
-10.35
-5.7
-1.46
-15.39
-2.56
7.18
7.18
2.43
-0.45
0.16
0.48
0.42
0.42
-1.79
1.11
0.34
0.04
-0.03
-0.03
-0.04
-0.77
1.94
0.72
-4.23
-4.23
0.99
3.05
1.89
0.55
6.74
6.74
1.91
-2.82
-4.85
0.63
0.68
0.68
-0.58
0.01
0.04
0.2
-0.29
0.18
0.19
0.02
0.12
0.12
0.12
0.06
0.09
0.05
0.02
0.06
0.06
0.02
0.13
0.9
4.1
4.09
5.42
-7.58
2.45
6.33
6.33
-5.3
-0.69
0.24
0
-0.07
-0.07
0.02
-0.01
0.11
0.14
0.08
0.07
0.07
0
0.24
-0.41
-1.71
0.83
-6.33
-5.99
-20.48
-21.16
-21.16
0.25
0.65
0.48
4.27
10.28
10.28
7.84
-0.19
3.88
-6.26
-4.91
8.77
8.77
5.95
-3.46
16.36
16.36
0.38
-0.1
-1.18
-4.77
-9.12
-9.12
-4.68
7.53
4.14
-11.19
4.22
4.22
8.95
9.53
1.96
-0.84
0.21
0.21
3.42
-1.56
0.96
1.77
-5.35
10.78
10.78
-5.74
-8.42
0.25
0.25
0.43
-0.06
0.12
0.14
0.03
0.03
0.67
-0.16
0.14
0.03
0.09
0.17
0.17
0.13
0.16
0.21
0.21
-0.13
0.56
0.4
2.95
-4.01
-4.01
-0.13
1.94
1.05
4.64
-7.61
-7.61
0.65
0.15
0.16
7.21
4.53
4.53
-3.78
-5.57
0.94
0.26
-0.63
-0.63
3.79
0.82
-2.85
-3.62
1.04
-2.05
-21.49
-21
-3.88
-3.83
-3.83
2.66
2.84
5.79
8.93
-9
-9
-1.43
-0.46
1.28
-1.96
3.22
3.22
5.75
-10.02
4.34
5.94
-1.36
-1.36
0.28
-0.06
-0.85
-2.86
-2.86
-0.26
5.38
-0.49
-4.06
-5.6
-0.52
-0.52
5.32
1.86
-0.53
2.1
-1.85
-1.85
-1.16
-2.41
4.9
2.77
2.77
0.02
0.33
0.24
0.14
0.1
-0.04
-0.04
0.08
0.06
0.11
0.19
-0.08
-0.08
0.03
0.05
0.1
0.07
0.07
0.23
0.06
0.05
-0.12
0.1
0.06
0.06
-0.07
0.34
2.92
2.92
1.28
0.53
4.15
3.65
-3.09
-3.09
0.17
0.01
0.21
0.7
4.16
4.16
2.79
-3.51
-2.9
-1.41
-0.3
-0.3
1.52
4.31
1.12
-5.55
-0.58
-0.58
-2.52
-14.13
-2.07
-4
-9.01
-9.01
2.37
13.85
4.65
-0.33
3.02
3.02
3.35
-1.08
4.56
-3.81
-5.89
-5.89
12.26
-5.96
-6.31
-1.38
-1.32
-1.32
0.67
-0.22
0.52
-0.15
0.25
0.25
-0.11
0.91
-1.13
-10.53
1.09
1.09
5.44
3.73
0.05
-0.09
-1.02
-1.02
3.39
2.78
3.43
0.16
0.16
-0.62
-0.15
0.45
-0.37
-0.12
-0.12
0.05
0.03
0.19
0.06
-0.01
-0.01
0.13
0
0.09
0.05
0.14
0.14
0.26
-0.02
0.13
0.09
0.02
0
0
0.05
0.79
2.96
-1.49
0.7
0
1.4
-1.05
0.17
0.17
-0.07
0.11
0.36
3.09
3.58
3.58
1.87
-5.06
-0.06
0.31
0.31
2.72
0.59
-3.69
-3.3
0.45
0.45
-3.45
-20.86
-10.32
-10.22
-0.22
-0.22
7.01
5.87
7.59
4.54
5.08
5.08
6.02
7.77
3.3
6.59
6.59
6.69
9.12
-14.42
1.67
-3.96
-3.96
6.38
-0.32
0.45
0.1
0.09
0.09
0.15
-0.19
-0.21
-0.28
-3.85
-3.85
-0.32
1.24
2.52
-4.02
-0.31
-0.31
-0.43
0.74
2.54
3.21
2.1
0.05
-0.4
0.18
0.36
-0.53
-0.53
0
0.01
0.08
0.12
0.18
-0.02
0
0.11
0.01
0.06
0.06
0.1
0.06
0.12
0.01
0
0
0.03
0.03
0.08
0.2
1.42
1.42
-1.2
-1.9
0.1
1.12
-1.26
-1.26
-0.26
0
0.16
-0.2
0.04
4.57
3.9
-5
1.2
1.46
1.46
3.06
0.38
-4.69
-7.02
-3.36
-3.36
-3.73
-14.89
-9.74
-13.18
-3.77
-3.77
4.03
-1.24
9.56
1.31
1.31
2.85
7.08
1.56
2.55
1.93
1.93
1.5
-8.55
0.22
-4.99
7.35
7.35
-1.47
-0.95
-0.37
0.15
-0.04
-0.04
0.13
-0.24
-0.72
0.63
0.05
0.05
-0.19
-0.4
-2.95
-5.38
0.52
0.52
2.95
-0.67
3.29
4.52
2.14
2.14
4.22
-5.62
-0.08
0.05
-0.08
-0.08
-0.06
-0.08
0.04
0.06
0.09
0.09
-0.13
0.1
-0.08
0.05
0.07
0
0.06
0.07
0.08
0
0
-0.07
0.03
0.08
0.55
0.59
0.59
-3.26
0.24
-0.05
4.32
-2.68
-2.68
-0.64
0
0.15
-0.11
0.25
0.25
4.43
2.42
-6.49
0.18
4.69
4.69
-1.83
1.64
-1.13
-1.92
-4.27
-4.27
-11.2
-7.53
-3.49
-9.91
-7.51
-7.51
-6.47
8.35
10.82
8.22
0.24
0.24
2.35
6.8
10.2
-7.09
3.23
3.23
-0.19
1.79
1.92
3.07
-1.54
-1.54
-0.1
0.25
-0.91
0.8
0.91
0.91
-0.39
0.13
0.66
-0.51
-1.36
-1.36
0.78
-1
-6.04
1.59
-2.16
-2.16
3.21
2.23
0.82
0.96
4.39
4.39
3.23
-12.96
0.5
-0.03
0.12
0.12
-0.01
-0.02
0.04
0.1
0.19
0.19
-0.49
1.27
-0.88
0.07
0.01
0.01
0.19
-0.02
0.08
-0.09
-0.04
-0.04
-0.01
2.05
2.35
-3.59
1.13
1.13
-0.95
4.5
6.67
-5.18
-6.09
-6.09
0.92
0.12
-0.02
0.28
1.87
1.87
0.05
0.07
0.09
2.49
3.08
3.08
-3.72
-0.89
-0.67
-3.68
-5.49
-5.49
-7.55
-9.12
1.08
-1.44
-24.81
-24.81
-3
9.95
5.23
3.72
3.43
3.43
13.76
0.32
1.05
18.4
-6.07
-6.07
-12.84
10.49
11.8
0.53
-0.22
-0.22
-0.94
-2.63
1.01
2.62
2.47
2.47
-0.58
0.37
0.58
0.96
-0.63
-0.63
-0.82
-1.06
-0.25
0.1
-0.03
-0.03
2.99
1.09
1.51
3.05
3.05
2.15
3.92
-6.18
-1.84
0.02
0.01
0.01
0.07
0
-0.23
0.45
0.45
1.34
0.12
-0.07
0.1
0.11
0.04
0.04
0.09
0.01
0.08
0.2
-0.16
3.05
3.05
4.43
6.1
-4.59
-1.98
-1.98
1.96
1.41
-5.54
1.31
1.31
-0.22
0
1.22
-1.6
-0.52
-0.52
0.66
-0.27
-0.54
0.38
0.04
0.04
-0.31
-0.06
-0.92
0.22
-0.68
-0.68
-6.5
-6.81
-16.7
-10.48
-5.06
-5.06
-6.75
5.86
14.24
15.38
-3.1
-3.1
-2.92
0.67
6.5
10.88
4.07
4.07
-8.43
3.53
9.44
-3.02
-0.2
-0.2
0.29
-1.14
-1.03
0.98
2.38
2.38
-0.04
1.58
-0.47
0.26
-0.4
-0.4
0.43
-0.85
-1.58
1.96
0.85
0.85
2.21
1.81
0.27
6.26
-2.61
-2.61
-5.43
-1.43
0.09
0
0.05
0.05
0.04
0.06
0.09
0.33
-0.04
-0.04
0.06
0.11
0.09
0.15
0.15
0.15
0
0
0.05
0.22
0.56
0.56
7.35
0.97
-1.16
-5.7
-2.03
-2.03
1.64
3.18
2.64
5.8
2.02
2.02
0.88
-3.5
-3.21
-3.67
0.27
0.27
-0.08
0.1
0.06
0.08
0.09
0.09
-0.17
0.07
-0.26
-2.82
-6.59
-6.59
-10.13
-28.17
2.08
1.01
-5.46
-5.46
13.82
20.34
11.03
5.04
1.55
1.55
-2.64
9.84
5.22
-1.79
-0.71
-0.71
-1
10.96
-1.74
-0.83
-0.87
-9.54
-9.54
0.45
3.37
0.17
0.72
-0.09
0
0.79
-0.54
-0.54
-0.29
0.82
-4.78
3.42
1.37
1.37
6.46
-1.75
2.67
7.18
5.67
5.67
-2.7
-0.46
0.18
-0.03
-0.03
-0.03
0.06
0.08
0.05
0.13
0.05
0.05
0.11
0.12
0.12
0.04
0.16
0.16
0.11
0.18
-0.01
2.03
4.65
6.13
6.13
6.83
-9.88
2.33
2.33
5.45
2.62
-5.63
-6.88
-0.78
-0.78
0.06
2.39
1.42
-2.03
0.14
0.14
-0.04
1.78
0.55
-2.31
-0.04
0.23
-0.09
0.06
-2.15
-6.16
-6.16
-16.98
-12.32
0.85
-6.24
-8.57
-8.57
9.93
22.86
8.02
-3.86
0.71
0.71
-1.35
-1.08
5.63
9.28
-4.83
-4.83
1.86
-0.27
0.07
0.1
-5.11
-5.11
-3.34
-1.8
8.05
-0.21
0.04
0.04
0.08
0.23
0.02
0.63
-0.16
-0.16
-1.85
0.51
-0.08
0.87
0.66
0.66
0.45
0.29
-0.08
0.63
-1.56
0.67
1.38
0.75
2.18
-1.5
-1.5
-1.54
0.36
2.69
0.54
-0.2
-0.2
0.23
-0.01
-0.07
0.22
0.13
0.13
0.04
0.13
0.13
0.04
0.11
0.11
0.12
0.11
0.1
0.11
0.11
0.02
0.11
0.08
0.11
0.11
0.07
0.08
0.12
0.11
0.07
0.04
0.08
0.07
0.09
0.11
0.09
0.08
0.09
0.09
0.09
0.11
0.11
0.07
0.07
0.07
0.08
0.1
0.08
0.12
0.12
0.11
0.08
0.05
0.07
0.07
0.1
0.1
0.09
0.09
0.09
0.13
0.07
0.09
0.11
0.11
0.08
0.1
0.11
0.06
0.06
0.09
0.07
0.09
0.06
0.06
0.1
0.12
0.09
0.09
0.09
0.06
0.13
0.07
0.11
0.11
0.09
0.1
0.09
0.09
0.09
0.11
0.1
0.1
0.1
0.1
0.07
0.15
0.11
0.09
0.09
0.1
0.1
0.1
0.11
0.1
0.06
0.1
0.09
0.1
0.1
0.1
0.09
0.09
0.11
0.1
0.09
0.09
0.08
0.11
0.11
0.1
0.09
0.1
0.08
0.09
0.09
0.08
0.11
0.1
0.1
0.1
0.05
0.13
0.08
0.11
-0.01
0.11
0.09
0.11
0.11
0.09
0.11
0.1
0.1
0.1
0.1
0.11
0.1
0.1
0.1
0.11
0.09
0.11
0.11
0.11
0.1
0.12
0.07
0.1
0.1
0.09
0.1
0.11
0.1
0.1
0.11
0.11
0.1
0.11
0.11
0.08
0.11
0.1
0.07
0.07
0.1
0.1
0.09
0.1
0.1
0.09
0.09
0.1
0.11
0.11
0.11
0.1
0.09
0.1
0.1
0.11
0.11
0.11
0.1
0.1
0.11
0.1
0.08
0.09
0.09
0.11
0.1
0.11
0.11
0.11
0.11
0.09
0.22
-0.01
0.15
0.1
0.1
0.11
0.11
0.11
0.09
0.09
0.1
0.09
0.07
0.11
0.1
0.09
0.09
0.12
0.1
0.1
0.1
0.11
0.09
0.09
0.09
0.08
0.09
0.11
0.08
0.09
0.11
0.09
0.09
0.09
0.09
0.09
0.09
0.08
0.1
0.11
0.1
0.11
0.08
0.1
0.1
0.11
0.1
0.11
0.1
0.09
0.09
0.08
0.12
0.1
0.1
0.09
0.09
0.08
0.11
0.08
0.09
0.11
0.09
0.08
0.09
0.12
0.1
0.11
0.07
0.09
0.11
0.09
0.06
0.11
0.1
0.09
0.1
0.09
0.11
0.08
0.1
0.1
0.09
0.1
0.08
0.09
0.09
0.09
0.1
0.11
0.09
0.09
0.06
0.1
0.1
0.08
0.1
0.1
0.08
0.11
0.11
0.09
0.12
0.09
0.1
0.09
0.1
0.11
0.07
0.11
0.11
0.1
0.1
0.11
0.1
0.1
0.09
0.1
0.1
0.09
0.09
0.11
0.11
0.09
0.08
0.11
0.1
0.07
0.11
0.08
0.11
0.09
0.11
0.11
0.09
0.1
0.1
0.11
0.1
0.1
0.11
0.09
0.11
0.11
0.11
0.11
0.11
0.09
0.08
0.08
0.08
0.12
0.09
0.1
0.11
0.09
0.11
0.1
0.09
0.09
0.1
0.08
0.08
0.09
0.09
0.09
0.09
0.09
0.09
0.09
0.09
0.11
0.11
0.09
0.09
0.09
0.11
0.1
0.11
0.1
0.1
0.1
0.09
0.1
0.1
0.1
0.07
0.09
0.11
0.09
0.09
0.11
0.11
0.09
0.1
0.08
0.1
0.11
0.11
0.09
0.09
0.08
0.11
0.1
0.11
0.12
0.1
0.1
0.1
0.09
0.1
0.11
0.08
0.1
0.1
0.08
0.11
0.13
0.08
0.09
0.1
0.11
0.09
0.08
0.1
0.1
0.1
0.1
0.1
0.08
0.09
0.07
0.1
0.1
0.1
0.11
0.11
0.11
0.1
0.06
0.1
0.11
0.1
0.11
0.09
0.1
0.1
0.09
0.08
0.11
0.1
0.11
0.12
0.1
0.1
0.11
0.09
0.09
-0.07
0.21
0.18
0
0.1
0.06
0.12
0.12
0.08
0.07
0.09
0.24
-0.1
0.3
0.04
0.28
-0.15
0.01
0.13
0.14
0.39
-0.29
0.1
0.06
0.11
0.11
0.12
0.26
-0.25
0.24
0.12
-0.06
0.49
0.49
0.42
-0.7
-0.14
0.43
0.05
1.02
1.02
-0.08
0.05
-1.42
-1.02
1.13
1.13
-0.84
2.77
-0.24
0.47
-0.15
-0.15
0.35
-0.08
-0.15
-0.75
8.19
8.19
-0.57
17.87
13.48
-9.03
-1.61
-1.61
0.47
-1.5
3.46
0.41
-0.54
-0.54
-0.62
0.02
-0.13
-0.01
-0.01
0.22
0.22
0.09
0.14
0.32
0.35
0.08
-0.1
0.49
0.49
6.8
2.96
-2.68
-9.34
3.31
-7.09
-5.99
1.8
1.8
9.65
7.75
2.5
3.38
-3.84
-4.78
-4.78
27.38
-25.81
-19.7
8.82
-3.03
-2.9
-2.9
-0.05
1.4
0.48
-0.73
0.02
-0.99
-4.52
-11.61
-11.61
-8.01
-6.01
4.95
15.69
8.23
13.28
13.28
0.32
2.35
-3.47
0.98
-6.91
-6.91
4.6
-1.81
-2.79
0.84
2.55
-4.72
0.21
0.21
-0.09
0.02
0.62
0.05
-0.24
0.37
0.14
0.14
0
-0.01
-0.11
0.55
0.42
-4.04
-4.04
1.66
13.37
10.97
9.78
-0.73
-0.73
-3.88
-10.22
2.31
-0.74
0.63
0.63
0.5
0.23
-0.05
0.38
0.14
0.14
0.32
0.3
0.55
-0.79
0.23
0.23
0.41
0.43
-0.44
2.64
-1.21
-1.21
-3.21
-4.98
-2.27
7.46
-3.7
-3.7
0.72
0.41
-2.2
-12.67
2.18
2.18
21.8
10.41
4.18
-8.93
-7.88
-7.88
7.7
-19.81
1.6
3.58
9.83
9.83
-7.6
-10.67
-5.87
-0.36
1.63
1.63
-0.05
-1.2
3.13
-13.84
3.7
3.7
-4.77
6.86
1.88
-3.57
3.65
3.65
0.92
-8.92
9.33
-0.05
-0.05
1.68
3.61
1.88
-9.34
-0.41
-0.41
4.7
-1.25
-3.02
0.65
-0.2
-0.2
-0.22
0.3
-0.18
-0.21
0.51
0.51
-0.52
0.58
3.46
3.67
-4.92
-4.92
23.21
4.86
-5
-11
7.9
7.9
-12.19
-17.62
-0.03
0.57
-1.05
-1.05
-0.25
0.46
0.11
0.08
0.09
0.09
0.2
-0.01
0.32
-0.67
0.11
0.11
1.39
3.65
-1.52
3.02
-3.81
-3.81
-0.05
-0.83
-0.43
-0.58
1.18
1.18
1.08
-0.62
-9.46
0.39
-1.64
-1.64
15.37
5.31
13.64
7.56
-17.41
-17.41
0.59
1.27
3.06
0.8
-6.73
-6.73
-2.32
0.76
1.75
-1.15
-0.22
-0.22
-2.45
-6.22
-2.76
-1.5
-22.78
-22.78
-3.48
-3.88
12.25
5.09
6.58
6.58
6.09
2.82
1.48
-0.99
10.9
10.9
7.58
4.87
-3.43
-14.7
-10.97
-10.97
8.7
0.02
-1.7
-1.17
0.47
0.47
-0.4
0.94
0.65
0.97
-0.85
-0.85
-0.67
-1.65
6.73
11.6
10
10
-0.52
5.25
5.67
-10.34
10.13
10.13
-2.81
-11.64
1.7
-1.56
1.49
1.49
-4.37
-0.32
0.97
-0.48
-0.3
-0.3
0.11
-0.09
0.24
0.3
0.76
0.76
1.71
-0.32
-0.29
2.78
-0.22
-0.22
-5.34
1.4
-2.57
-2.1
1.71
1.71
-5.3
1.67
0.07
6.06
1.5
1.5
-3.37
-10.04
-6.72
2.34
-0.75
-0.75
-1.14
-0.29
-1.12
-0.77
0.41
0.41
-1.76
-1.58
-2.34
-0.41
-6.53
-6.53
-1.6
8.06
-1.16
1.96
-6.29
-6.29
-8.83
-13.8
6.83
12.71
0.11
0.11
0.54
6.54
-5.54
-1.8
-3.99
-3.99
-3.58
2.7
6.11
4.48
0.37
0.37
-9.48
1.51
0.89
-0.35
0
0
-1.15
1
-0.24
-0.56
0.04
0.04
-0.37
14.89
12.93
-0.33
5.96
5.96
4.74
-2.72
-16.15
-5.06
8.13
8.13
5.69
-9.12
-4.68
1.44
0.16
0.16
-3.52
-0.11
-0.31
0.28
-0.23
-0.23
-0.07
0.11
0.5
2.49
0.95
0.95
-2.82
-0.57
0.65
-1.64
0.44
0.44
0.54
-0.08
-1.64
-1.21
-2.66
-2.66
-6.64
-4.44
0.44
3.8
17.44
17.44
-2.53
-2.43
1.95
1.61
-1.66
-1.66
-0.32
-2.49
-0.07
2.3
-1.32
-1.32
-1.43
-7.81
2.71
5.96
0.79
0.79
-2.47
-3.24
1.21
-0.52
-0.1
-0.1
-0.15
0.53
-1.62
5.55
9
9
0.21
-1.92
-6.5
-1.06
2.06
2.06
0.58
1.73
0.65
6.66
0.24
0.24
1.21
-0.71
2.78
5.26
0.81
0.81
-0.52
-0.55
-2.37
1.95
2.51
2.51
2.23
1.78
1.17
-0.17
-0.18
-0.18
2.11
3.76
-1.36
-1.72
-1.71
-1.71
0.93
0.49
0.07
0.18
0.04
0.04
0.03
0.12
0.18
0.14
0.18
0.18
0.1
0.19
0.33
-0.18
0.38
0.38
0
0.17
-0.11
0.33
0.13
0.13
0.16
0.12
0.2
0.13
0.1
0.1
0.05
0
0.14
0.14
0.09
0.09
0.01
0.17
-0.02
0.3
0.19
0.19
0.18
0.39
0.46
-0.07
-0.07
0.11
0.11
0.1
0.05
0.08
0.14
0.12
0.11
0.1
0.1
0.1
0.09
0.08
0.14
0.11
0.11
0.07
0.12
0.11
0.04
0.04
0.09
0.12
0.11
0.09
0.11
0.12
0.11
0.12
0.11
0.11
0.11
0.1
0.12
0.11
0.08
0.1
0.1
0.11
0.11
0.09
0.09
0.11
0.1
0.1
0.11
0.12
0.09
0.1
0.11
0.1
0.11
0.11
0.1
0.1
0.1
0.1
0.09
0.1
0.1
0.08
0.1
0.09
0.11
0.1
0.12
0.08
0.1
0.09
0.09
0.09
0.11
0.11
0.1
0.1
0.11
0.1
0.11
0.09
0.1
0.1
0.11
0.11
0.11
0.09
0.11
0.1
0.08
0.09
0.1
0.1
0.09
0.11
0.12
0.11
0.11
0.1
0.09
0.1
0.1
0.11
0.11
0.09
0.08
0.08
0.11
0.07
0.1
0.11
0.11
0.11
0.11
0.1
0.11
0.1
0.09
0.09
0.09
0.11
0.09
0.07
0.11
0.1
0.12
0.1
0.09
0.1
0.11
0.09
0.1
0.11
0.11
0.09
0.09
0.09
0.1
0.11
0.1
0.1
0.1
0.11
0.1
0.09
0.11
0.1
0.11
0.1
0.1
0.12
0.11
0.11
0.1
0.11
0.1
0.11
0.1
0.1
0.09
0.1
0.09
0.08
0.1
0.1
0.11
0.12
0.1
0.09
0.1
0.11
0.1
0.09
0.09
0.1
0.1
0.11
0.11
0.1
0.1
0.1
0.09
0.11
0.1
0.09
0.06
0.12
0.11
0.12
0.11
0.09
0.11
0.1
0.1
0.1
0.1
0.1
0.09
0.11
0.11
0.1
0.09
0.1
0.11
0.1
0.11
0.11
0.11
0.1
0.11
0.11
0.1
0.1
0.08
0.08
0.1
0.1
0.1
0.1
0.08
0.11
0.09
0.11
0.09
0.09
0.11
0.12
0.09
0.1
0.11
0.09
0.1
0.08
0.09
0.08
0.09
0.09
0.1
0.11
0.1
0.09
0.1
0.1
0.11
0.1
0.11
0.09
0.11
0.11
0.09
0.11
0.11
0.1
0.09
0.1
0.11
0.1
0.09
0.1
0.09
0.12
0.1
0.09
0.11
0.1
0.09
0.1
0.11
0.08
0.09
0.09
0.1
0.09
0.12
0.09
0.08
0.08
0.1
0.1
0.09
0.08
0.09
0.11
0.1
0.11
0.11
0.1
0.11
0.11
0.1
0.09
0.1
0.09
0.11
0.1
0.1
0.12
0.11
0.09
0.11
0.1
0.1
0.11
0.11
0.1
0.1
0.1
0.11
0.11
0.11
0.09
0.09
0.09
0.11
0.1
0.1
0.11
0.09
0.11
0.11
0.11
0.11
0.09
0.11
0.11
0.09
0.11
0.11
0.11
0.11
0.1
0.09
0.11
0.12
0.1
0.12
0.09
0.11
0.11
0.09
0.08
0.08
0.11
0.11
0.11
0.1
0.11
0.11
0.1
0.11
0.1
0.09
0.11
0.08
0.11
0.1
0.1
0.11
0.08
0.11
0.11
0.08
0.09
0.1
0.1
0.09
0.11
0.11
0.11
0.09
0.1
0.12
0.11
0.1
0.1
0.1
0.1
0.08
0.11
0.1
0.1
0.11
0.11
0.1
0.1
0.1
0.1
0.08
0.1
0.1
0.11
0.12
0.1
0.08
0.09
0.09
0.09
0.11
0.11
0.11
0.12
0.12
0.09
0.11
0.1
0.11
0.11
0.11
0.08
0.11
0.11
0.1
0.11
0.11
0.11
0.11
0.1
0.1
0.09
0.1
0.09
0.1
0.09
0.11
0.09
0.09
0.11
0.11
0.11
0.09
0.1
0.11
0.09
0.1
0.11
0.1
0.11
0.11
0.11
0.09
0.1
0.09
0.11
0.08
0.1
0.1
0.09
0.11
0.08
0.11
0.11
0.12
0.09
0.11
0.07
0.11
0.1
0.11
0.09
0.09
0.09
0.1
0.11
0.11
0.1
0.11
0.11
0.09
0.08
0.08
0.09
0.11
0.11
0.1
0.11
0.08
0.11
0.11
0.1
0.11
0.09
0.09
0.1
0.1
0.09
0.1
0.1
0.11
0.11
0.11
0.09
0.1
0.11
0.1
0.1
0.1
0.11
0.09
0.1
0.1
0.08
0.09
0.09
0.12
0.1
0.08
0.11
0.11
0.11
0.09
0.1
0.1
0.1
0.09
0.12
0.09
0.11
0.11
0.11
0.11
0.1
0.1
0.11
0.1
0.1
0.1
0.1
0.11
0.1
0.1
0.1
0.09
0.11
0.11
0.11
0.11
0.09
0.08
0.1
0.09
0.1
0.09
0.11
0.09
0.1
0.1
0.12
0.1
0.1
0.1
0.1
0.1
0.1
0.11
0.11
0.11
0.11
0.1
0.09
0.1
0.1
0.1
0.11
0.11
0.1
0.1
0.1
0.11
0.1
0.09
0.09
0.08
0.11
0.1
0.09
0.09
0.1
0.1
0.1
0.11
0.11
0.09
0.12
0.09
0.11
0.11
0.1
0.1
0.08
0.11
0.11
0.11
0.1
0.1
0.1
0.1
0.1
0.11
0.1
0.11
0.11
0.09
0.1
0.09
0.12
0.12
0.1
0.09
0.09
0.1
0.1
0.11
0.11
0.11
0.1
0.09
0.11
0.1
0.09
0.09
0.09
0.09
0.12
0.1
0.11
0.11
0.11
0.12
0.1
0.11
0.11
0.1
0.1
0.12
0.11
