11.182
10.828
11.694
11.417
11.172
11.401
11.669
10.922
11.694
11.406
11.286
11.303
11.629
11.215
11.589
11.434
11.399
11.4
11.468
11.335
11.634
11.043
11.633
11.428
11.429
11.384
11.681
11.362
11.629
11.445
11.682
11.233
11.693
11.131
11.493
11.286
11.247
11.39
11.641
10.977
11.665
11.449
11.25
11.462
11.717
10.986
11.667
11.524
11.278
11.424
11.596
11.11
11.631
11.472
11.625
11.442
11.677
10.95
11.481
11.466
11.232
11.501
11.693
11.004
11.713
11.304
11.374
11.343
11.372
11.056
11.63
11.514
11.281
11.519
11.662
11.024
11.572
11.515
11.235
11.541
11.661
11.032
11.678
11.493
11.472
11.506
11.679
11.071
11.643
11.16
11.698
11.493
11.656
11.358
11.65
11.267
11.625
11.548
11.517
11.01
11.633
11.383
11.717
11.536
11.376
11.53
11.639
11.425
11.604
11.454
11.408
11.494
11.65
11.185
11.177
11.537
11.438
11.422
11.656
11.3
11.509
11.547
11.666
11.543
11.616
11.087
11.686
11.567
11.109
11.55
11.594
11.26
11.643
11.32
11.253
11.541
11.31
11.243
11.571
11.52
11.062
11.56
11.528
11.041
11.646
11.432
11.33
11.632
11.575
11.216
11.65
11.591
11.166
11.559
11.623
11.202
11.552
11.592
11.341
11.639
11.508
11.266
11.697
11.209
11.149
11.6
11.618
11.468
11.606
11.072
11.268
11.641
11.162
11.633
11.675
11.26
11.329
11.588
11.217
11.577
11.699
11.381
11.358
11.642
11.196
11.394
11.593
11.238
11.612
11.533
11.569
11.135
11.619
11.078
11.661
11.693
11.412
11.648
11.613
11.34
11.672
11.642
11.497
11.59
11.265
11.032
11.611
11.507
11.239
11.727
11.569
11.466
11.657
11.587
11.416
11.637
11.595
11.401
11.601
11.519
11.625
11.564
11.484
11.614
11.629
11.248
11.674
11.542
11.112
11.622
11.603
11.631
11.513
11.618
11.069
11.614
11.589
11.082
11.617
11.538
11.205
11.561
11.612
11.383
11.566
11.611
11.186
11.627
11.671
11.304
11.627
11.531
11.672
11.668
11.504
11.321
11.62
11.66
11.233
11.645
11.619
11.64
11.64
11.661
11.143
11.641
11.634
11.465
11.637
11.629
11.433
11.555
11.316
11.597
11.611
11.109
11.63
11.499
11.618
11.243
11.594
11.618
11.172
11.623
11.434
11.208
11.568
11.308
11.529
11.63
11.324
11.631
11.614
11.353
11.606
11.611
11.171
11.617
11.395
11.645
11.648
11.623
11.31
11.612
11.618
11.28
11.557
11.579
11.146
11.634
11.45
11.318
11.472
11.633
11.256
11.597
11.252
11.117
11.619
11.327
11.574
11.619
11.317
11.606
11.141
11.114
11.647
11.366
11.634
11.594
11.365
11.278
11.615
11.231
11.415
11.589
11.119
11.638
11.623
11.084
11.629
11.375
11.45
11.628
11.109
11.684
11.579
11.641
11.63
11.285
11.649
11.658
11.426
11.571
11.61
11.461
11.64
11.59
11.418
11.603
11.554
11.205
11.624
11.646
11.049
11.648
11.632
11.637
11.617
11.433
11.696
11.661
11.015
11.608
11.605
11.183
11.637
11.604
11.275
11.525
11.722
11.585
11.6
11.375
11.122
11.606
11.322
11.501
11.512
11.413
11.626
11.455
11.313
11.502
11.157
11.55
11.648
11.157
11.648
11.654
11.189
11.621
11.405
11.379
11.646
11.636
11.096
11.667
11.7
11.135
11.194
11.502
11.202
11.614
11.657
11.364
11.642
11.65
11.159
11.657
11.545
11.252
11.673
11.582
11.198
11.525
11.305
10.575
10.604
9.9769
9.1645
9.0244
7.7517
7.5606
7.2283
6.4464
6.106
6.3227
6.4134
6.0006
6.0032
5.5791
6.0307
5.5873
5.6607
5.6915
6.1483
6.4314
7.6109
7.1373
6.4917
6.8896
7.899
8.1315
9.1224
9.6326
10.265
12.089
15.308
23.003
28.704
31.71
35.872
36.856
38.025
40.464
40.332
40.923
39.453
36.204
35.627
36.645
36.831
38.96
37.267
36.322
33.743
29.655
25.108
14.709
8.5032
2.4667
0
0
0
0
0
0.34943
1.6844
4.7844
6.8349
10.085
14.808
18.061
24.013
23.923
26.138
26.35
27.8
24.222
21.807
17.935
15.552
9.7919
0
0
0.034432
0
0
0
0.13245
0.04325
0
0
2.6258
10.475
15.463
28.421
31.459
32.683
29.299
24.609
20.826
17.923
1.4227
0
0
0
0
0
0
0
0
0
0
0
1.4647
5.9195
10.852
20.317
28.907
31.713
28.132
23.881
16.555
12.369
15.91
22.532
22.383
23.403
23.964
23.355
16.367
7.49
4.1252
4.6017
5.2553
7.1941
11.7
20.917
26.993
26.639
31.325
32.934
36.039
38.957
37.571
31.165
25.796
22.078
19.841
18.095
17.296
9.7231
3.9311
0.0078076
0
0.62096
0.27501
0
0
0
0
0.023405
0.07444
0
0
1.1085
6.3363
22.4
24.858
26.765
20.955
16.881
15.42
1.6587
0
0
0
0
0
0
0
0
0.33177
0.91319
2.3424
3.5879
8.28
14.656
21.346
28.309
36.589
35.542
26.644
23.445
15.824
18.245
22.234
24.624
29.235
31.872
28.502
25.346
22.633
21.84
24.139
27.407
28.365
21.158
14.103
8.7798
7.4591
9.7908
26.479
28.619
33.007
30.755
33.054
33.99
33.726
32.144
32.132
24.343
19.197
17.56
12.526
8.0257
3.9124
0.20686
0
0.24667
0
0
0
0
0
0.071357
0.050166
0.065741
0.0097265
0
0
0
4.059
7.5104
10.969
14.198
14.209
14.36
14.855
14.189
13.094
12.049
11.493
8.375
1.6873
1.8887
1.5785
1.7074
2.268
3.1917
5.479
8.3898
14.045
19.27
24.344
28.438
29.128
27.345
24.806
23.007
21.831
22.92
21.105
21.7
22.964
24.646
25.521
27.09
21.339
11.181
6.5241
4.0135
5.7714
8.2599
10.038
13.277
19.38
34.42
32.918
34.212
34.644
33.458
34.891
29.21
23.495
20.267
18.116
13.94
12.259
3.3248
0.056976
0
0
0.040797
0
0.0078623
0
0
0
5.0566
4.3125
6.559
13.292
11.978
14.512
14.592
13.508
12.974
12.403
11.755
10.205
7.6085
4.8676
3.4439
2.2512
1.2977
1.178
2.268
4.914
7.2743
13.212
21.41
24.727
26.588
26.194
25.289
22.782
22.243
22.261
25.712
29.846
23.839
24.81
26.828
27.912
27.616
25.663
17.006
10.19
5.38
5.9852
7.6924
12.045
16.873
17.947
23.992
26.375
36.623
35.734
35.469
32.357
27.159
25.408
20.268
16.78
12.892
5.4223
1.4532
0
0
0.20307
0.013471
0
0
0
0
0
0
0.58604
3.6632
11.767
11.013
11.835
13.059
12.025
11.784
11.101
10.012
8.7159
6.5323
4.2055
3.032
1.0129
0.70264
0.60607
0.92994
3.1265
7.8895
16.371
19.518
22.997
23.83
25.738
26.283
22.683
22.971
27.413
27.353
29.669
28.912
25.135
23.792
23.487
23.293
26.513
17.943
8.5222
4.8525
6.1111
7.8713
11.077
14.822
19.261
23.126
25.753
29.221
31.094
34.076
35.157
33.714
34.99
34.957
32.833
28.042
7.5735
1.5573
0
0
0.15407
0.0050763
0
0
0.0087937
0.045711
0
0.05515
0.018656
0.0032257
0
0
3.6632
9.7407
12.408
14.352
14.948
14.045
13.216
12.184
11.106
9.6767
7.8608
4.9161
3.3927
1.5785
0.72203
0.20161
0
0.31955
0.44328
0.80251
1.364
2.0582
4.1476
7.5913
13.271
18.533
24.387
26.612
24.356
24.647
23.867
21.863
24.874
29.492
29.737
26.923
23.529
23.762
22.703
24.655
26.012
29.403
31.551
30.662
27.753
17.816
8.6502
5.1937
5.7779
6.8554
12.575
15.875
18.049
22.473
26.073
26.472
30.752
31.582
32.497
33.977
34.33
32.635
32.281
25.061
21.146
18.061
14.809
9.9448
5.6693
0.76005
0
0
0.19325
0.042267
0
0
0
0.0055398
0
0.044233
0.010661
0
0
0
2.3831
5.6106
9.8292
14.182
12.539
12.824
13.378
12.642
11.435
9.8872
9.0426
0.97692
0.93416
1.0042
1.9153
1.9332
1.7688
2.9952
5.494
9.4434
15.697
21.067
25.212
25.81
24.46
24.496
25.943
23.914
23.919
23.433
22.678
24.117
25.107
27.494
28.928
28.886
23.288
14.661
8.2298
4.4481
5.4017
7.4171
11.209
14.85
17.825
21.317
33.732
34.855
35.675
33.955
33.354
26.171
22.042
18.231
16.929
11.246
4.3019
0.60947
0
0.50718
0.14148
0
0
0
0
0
0
0
2.0837
3.8873
9.1026
13.57
11.145
12.096
12.385
12.518
11.244
9.4744
9.036
7.6673
0.94209
0.87714
1.3844
1.4301
1.4935
2.7672
5.4962
8.9447
15.128
19.544
25.116
26.301
25.778
25.136
24.961
24.031
23.315
21.016
21.849
24.281
25.716
28.048
27.411
27.379
25.147
15.977
9.0491
3.6925
4.5334
6.0432
8.7179
11.794
30.48
33.444
34.889
35.9
35.637
33.524
33.406
27.05
24.726
21.632
16.254
13.527
5.6785
1.2595
0
0
0
0
0
0.097487
0.07341
0.025315
0
0
0
2.0805
4.5143
9.8943
12.436
11.939
13.171
13.371
12.06
10.877
8.5226
1.1056
0.6946
0.34057
0.92889
0.60877
1.124
1.2211
1.8365
4.2728
9.9513
14.86
21.385
24.466
24.536
24.98
27.322
30.378
30.25
28.134
24.632
24.528
23.368
24.312
28.065
30.74
30.117
30.832
28.031
21.511
12.353
5.7678
3.8986
6.3865
9.7487
26.061
27.674
27.946
31.843
34.177
33.223
33.202
33.88
29.815
23.834
20.36
14.217
12.043
6.0847
1.4345
0
0
0
0
0.099902
0.10069
0.037379
0
0
0.021026
0
2.9785
7.2606
9.5964
11.516
12.639
13.954
13.382
12.996
11.593
10.228
3.8558
1.813
1.5372
1.3205
1.5128
1.4737
1.7453
1.881
2.3695
4.7178
9.0756
14.929
21.36
24.299
24.343
24.223
29.435
30.264
25.21
23.278
23.397
22.861
22.884
25.86
27.475
27.236
29.007
22.638
15.562
9.2184
3.9701
5.0975
7.488
11.201
28.46
31.705
31.631
33.861
35.299
34.441
32.519
31.887
27.155
24.011
19.675
13.675
11.921
2.0606
0.35153
0
1.182
0.18596
0
0.019407
0.11584
0
0
0
0
0
3.7051
6.6828
10.986
12.811
13.458
14.674
14.526
13.719
11.866
9.6749
9.6621
7.1703
5.2597
3.4019
1.6312
1.0339
0.78345
0.79766
1.0313
1.2522
1.1544
1.3247
4.4756
8.7642
15.231
22.28
26.98
25.387
25.13
24.943
29.973
30.962
28.4
25.281
23.14
22.424
25.286
27.143
29.048
30.298
29.794
27.151
19.046
10.787
6.1023
5.7308
7.5962
12.625
17.573
21.54
23.437
26.799
29.481
30.276
34.418
33.548
34.893
34.703
32.916
31.193
26.31
21.147
16.527
11.051
6.9281
2.0213
0
0
0.86544
0.13133
0
0.022069
0.00045982
0
0.064218
0.087964
0.03156
0
0
0
0
1.0783
5.417
7.7198
11.147
13.099
13.086
13.441
13.273
12.282
10.656
10.126
9.1979
6.2898
4.3523
3.1243
1.9001
1.4315
1.4026
1.8062
2.7295
2.4628
2.9669
6.6133
11.291
16.95
21.675
23.34
24.677
25.214
26.243
25.687
24.509
25.752
28.445
29.955
30.502
29.434
26.514
25.632
24.619
26.814
28.597
29.604
29.212
25.14
17.464
9.8488
4.8649
5.1005
8.528
13.247
16.982
18.131
20.76
23.949
26.219
29.935
31.678
31.849
32.533
31.752
30.279
30.487
25.725
20.686
16.91
12.077
5.6534
3.346
0.041287
0
0
0.045711
0.060677
0
0
0
0.10499
0.18415
0.2043
0.073925
0
0
6.9424
12.537
17.986
21.612
22.866
21.119
18.245
16.261
14.82
13.845
14.139
10.635
9.139
7.364
4.5251
3.625
3.3145
2.8942
2.5811
2.2728
2.322
1.8908
1.7458
2.4302
5.3312
9.753
17.856
27.379
32.431
29.375
24.028
19.259
18.793
19.843
19.331
24.016
26.032
27.008
26.807
26.335
25.773
26.273
26.108
29.005
29.971
20.597
16.114
13.256
9.3779
9.8876
14.961
19.021
21.943
22.63
24.551
26.88
29.087
28.255
31.517
32.269
34.337
34.34
32.492
30.554
24.281
20.859
18.096
15.105
8.4614
3.0298
0.5697
0
0
0
0
0
0
0.029632
0
0.12078
0
0.00045982
0
7.4647
5.7423
14.234
18.282
21.326
21.762
18.527
16.832
15.671
15.437
12.819
13.317
9.438
5.7365
4.5697
3.1114
1.124
1.0432
0.9474
1.1688
1.2337
0.79524
1.0716
1.0097
1.2944
3.3072
8.1326
14.642
23.157
27.531
26.241
23.069
22.668
20.83
18.946
21.055
22.524
24.695
26.297
26.649
27.325
26.741
26.406
27.619
27.781
28.916
27.013
22.754
18.472
17.48
19.208
22.157
24.617
27.42
26.608
27.355
30.002
29.596
31.19
31.554
30.998
28.885
28.857
29.865
27.611
21.178
17.016
11.017
9.3742
4.4859
0.60852
0
0.14731
0
0
0
0
0
0
0.010193
0
0
0.035919
0
0.019939
9.4205
4.9486
9.9199
15.377
17.338
17.183
16.782
16.148
15.698
14.785
12.264
8.8399
4.6432
3.326
1.7161
1.181
0.68107
0.6152
0.88736
1.1151
1.1063
1.3239
0.62381
1.9988
4.5044
13.302
18.404
21.543
23.154
26.487
26.777
24.745
20.887
21.159
23.815
24.355
26.384
26.349
29.184
29.413
27.989
27.427
28.919
30.77
31.325
28.691
24.307
21.76
21.414
22.067
20.672
20.696
23.226
24.436
25.351
26.358
29.197
28.821
27.523
28.694
27.856
27.703
25.629
21.924
17.901
11.775
7.2918
5.1847
1.8476
0.30404
0
0
0
0
0
0
0
0.072383
0
0
0
0
0.063711
0
0.0069323
0.93406
6.7556
11.876
13.088
15.021
13.054
13.257
12.866
11.111
10.399
4.9596
3.5181
3.1216
1.2269
0.161
0.13665
0.37456
0.21758
0.59811
0.60237
0.58965
0.25344
2.1378
4.8031
12.655
18.065
21.491
24.19
25.054
25.136
23.73
17.966
20.517
22.481
24.595
26.012
27.313
28.847
28.656
27.53
26.05
26.962
29.446
28.457
25.274
22.027
19.92
19.491
20.235
19.604
20.929
21.787
23.954
26.989
28.361
29.781
30.518
30.105
30.977
31.094
28.82
28.762
26.73
17.113
10.526
8.8647
6.1108
3.0465
1.0936
0
0
0
0
0
0
0
0.074468
0.18295
0
0.10176
0
0.077537
0
0.035434
6.3935
0.095359
6.9005
8.1887
6.729
4.6297
4.5399
5.7385
8.6693
7.0521
3.2545
2.6813
1.6941
1.7465
0.65497
0.77707
0.48633
0.067085
0.83841
1.4178
1.6168
2.7772
6.0138
12.717
19.911
23.587
22.94
25.457
25.826
23.313
22.725
24.265
27.791
29.303
33.125
32.186
31.185
30.616
28.512
28.557
29.763
31.5
33.158
33.332
26.708
22.771
22.952
22.834
22.421
20.913
18.456
18.245
19.234
18.788
22.215
24.906
22.774
23.862
23.789
22.243
23.407
21.548
20.457
17.769
13.273
8.4776
4.9566
1.7718
0.80777
0.57435
0.38105
0
0
0.12576
0
0.030109
0
0
0
0.029032
0
0
0
0.084296
0.63432
1.5287
9.2393
7.9727
8.2234
5.5348
7.1751
10.562
10.771
7.2141
3.4964
2.1477
1.6982
1.0336
0.53573
0.58761
0.042603
0.12764
0.10835
0.26906
0.75486
1.613
3.8855
7.2842
13.665
21.507
23.233
25.331
26.052
24.047
21.457
21.382
21.043
25.12
27.258
27.806
30.193
28.656
29.355
27.253
27.769
29.436
29.398
30.582
28.242
25.21
22.967
20.849
19.88
19.593
20.577
20.709
21.284
22.542
24.911
26.078
26.284
26.672
25.759
26.147
24.391
24.577
23.054
17.246
12.747
8.793
5.0467
1.7203
0.95371
0
0
0
0
0
0
0
0
0.059669
0
0
0.10823
0
0.034463
0.08273
4.5503
0
5.2287
5.8819
7.3647
6.9278
3.9175
5.9764
7.7166
7.4389
3.8691
2.8409
2.183
1.5959
0.68206
0.54725
0.85491
0.40363
0.91923
1.3517
1.799
2.6102
4.7346
11.327
18.088
22.489
23.433
25.107
26.484
22.452
22.029
22.474
25.84
27.345
28.953
30.218
31.161
29.071
29.911
27.45
29.092
31.138
31.309
31.903
28.955
24.363
21.987
22.014
20.103
19.088
19.233
19.098
16.317
20.047
21.973
22.743
24.131
22.782
23.537
23.062
19.868
20.297
20.533
15.323
11.829
7.2246
5.7446
1.1643
0.1466
0
0
0
0
0.090596
0
0
0
0
0
0
0.11584
0
0
0
9.6314
0.98758
7.8344
10.723
10.884
10.219
8.7334
10.929
10.637
9.9474
4.826
3.525
3.0048
1.2627
0.58661
0.71547
0.19818
0.008331
0.15484
0.43416
0.9576
2.3868
5.2599
10.984
17.78
21.588
25.704
28.624
29.561
25.94
22.446
23.752
24.482
25.737
25.883
27.743
30.811
30.572
29.192
26.481
26.52
27.374
27.998
30.428
28.782
23.229
20.045
18.442
17.746
18.706
19.711
20.259
19.043
19.981
22.551
22.673
25.883
24.172
25.213
23.214
22.657
21.015
20.951
15.781
10.132
7.2397
2.0615
0.37567
0
0.16807
0
0
0.017237
0
0
0
0
0.0046132
0
0
0.15755
0
0.061687
0
5.9197
2.5583
11.174
17.202
16.359
18.495
18.6
16.59
14.583
10.245
8.5802
4.9363
2.6359
2.7855
2.6485
1.4723
1.565
1.2965
1.1983
1.4572
1.6556
1.5513
1.7563
1.8005
1.6556
1.7055
1.8605
2.0894
2.0957
3.1424
4.0642
4.869
4.0387
5.8344
7.7551
9.0699
11.089
13.904
15.25
16.48
17.642
17.623
17.677
18.341
18.299
17.217
15.582
14.207
13.32
10.755
8.686
6.8517
5.7625
4.5899
3.7746
3.2015
2.6146
2.2001
2.1286
2.0541
2.2343
2.6714
3.0281
3.7058
4.2359
4.7134
5.2216
5.503
5.6388
6.0301
6.1898
6.5899
6.7504
6.985
6.9445
7.1977
7.4511
7.4313
7.4223
7.4115
7.3333
7.4257
7.3398
6.9263
7.1606
7.1161
6.8694
6.8225
6.5189
6.4919
6.6049
6.0547
6.3766
6.2354
6.0813
6.2631
6.2132
6.0145
6.0186
6.2006
5.8596
6.187
6.2689
6.6998
6.4777
6.8099
6.773
6.3394
6.8329
6.6101
7.0207
6.9605
6.8107
7.1405
7.1538
7.2461
7.2205
7.1826
6.8258
7.3867
7.2007
7.159
6.8196
7.2286
6.6865
7.1523
6.8627
6.9892
7.1011
7.2186
6.9968
7.1745
7.1443
7.0179
7.0769
6.6271
6.6611
6.6236
6.8024
6.8972
6.8295
7.1017
6.7471
6.69
6.9218
6.7563
6.7989
7.0993
6.4315
7.0009
6.6997
6.6467
6.5496
6.5868
6.5288
6.8156
6.391
7.0405
6.9169
6.8396
7.1253
7.3892
6.9093
7.1802
7.2655
7.4018
7.1628
7.0763
7.0452
6.769
6.8765
6.9916
6.4155
6.8882
6.41
6.5783
6.6615
6.5532
6.7178
7.0064
6.5313
7.1253
6.9995
7.1671
6.9568
6.7789
6.3057
6.7431
6.7444
6.9087
6.9622
7.1991
6.9345
7.3113
7.1639
7.3344
7.0763
7.2187
6.7348
7.3081
6.9346
7.0866
7.0073
7.1776
6.9673
6.9241
7.0037
7.0177
6.7469
7.0963
6.7685
7.187
7.0528
6.9964
6.8348
7.0429
6.4925
7.1187
6.8379
6.8221
6.7359
7.0925
6.721
7.1548
6.6445
7.2958
7.0667
7.1216
7.0429
7.3683
7.1777
7.4066
7.2517
7.2178
6.8498
7.2706
6.6785
7.0372
7.0778
7.0176
7.0777
6.9249
6.9445
7.1903
6.805
7.4063
6.7522
7.3195
7.225
7.3775
6.9088
6.953
7.0481
7.1497
7.2009
7.0942
7.206
7.3656
6.8925
7.3722
6.9366
7.016
7.1971
7.0529
7.239
7.424
7.1348
7.456
7.1014
7.3112
7.3034
7.455
6.9941
7.3627
7.4852
7.3175
7.4183
7.2456
7.2865
7.5006
7.3881
7.5433
7.374
7.2105
7.3837
7.454
7.4428
7.4652
7.5241
7.497
7.6347
7.3611
7.6448
7.5489
7.2879
7.4857
7.5279
7.1859
7.408
7.3826
7.295
7.3439
7.4254
7.2627
7.4883
7.422
7.4503
7.5589
7.4795
7.4197
7.5784
7.5875
7.131
7.5606
7.4826
7.3406
7.5443
7.5418
7.3103
7.5519
7.5465
7.3886
7.6087
7.7628
7.5741
7.3092
7.5811
7.5271
7.6835
7.5557
7.6121
7.645
7.5609
7.6308
7.5702
7.6745
7.5886
7.7138
7.5619
7.5623
7.9738
8.1551
7.8827
8.3962
8.2689
8.8828
9.6196
9.4178
9.9703
10.504
10.932
11.066
12.102
12.333
12.496
13.552
13.324
13.078
12.731
12.029
12.154
12.832
12.435
11.781
10.501
11.396
10.797
9.0477
6.7853
2.3478
0.56039
0.013525
0.018978
0
0
0
0
0
0
0
0
0.15177
0.11257
0
0
0.07444
5.5392
5.706
13.151
19.836
18.842
19.713
21.514
20.817
19.339
17.782
10.144
9.5882
0
0
0
0
0.31434
0.36194
1.6595
5.1973
10.884
16.603
20.973
22.615
23.757
23.864
20.213
20.843
21.192
23.734
22.493
23.797
26.76
29.282
29.062
25.211
18.609
11.085
5.9598
4.6046
5.0412
7.7058
13.098
17.999
24.566
25.225
28.751
32.505
37.556
37.905
36.866
30.014
24.682
20.479
18.129
17.102
11.543
5.8166
1.0105
0
0
0.097487
0
0
0
0
0
0
1.1511
5.6177
12.129
13.927
14.738
9.983
8.6406
8.3981
7.2488
4.4711
1.3352
0.88224
0
0
0
0
0.0053911
0.71972
2.7222
5.8361
10.378
17.263
23.078
27.699
28.004
25.065
25.123
20.44
21.426
25.496
29.391
31.273
31.845
31.046
27.296
27.362
32.628
29.209
24.792
20.848
19.724
19.212
24.249
25.619
25.452
26.997
28.008
29.17
30.777
28.85
30.152
31.093
30.363
30.659
30.586
18.199
13.799
10.505
6.117
3.5392
1.5813
0
0
0
0
0
0
0
0
0
0.058159
0.072896
0
0.019129
0
0
0.14832
2.0479
4.0231
9.8807
9.6294
10.119
9.8559
7.9264
5.5623
4.9093
3.7197
3.0256
2.9094
2.5636
3.3444
3.745
4.1429
4.658
7.7112
13.522
18.9
25.514
24.645
22.9
25.018
25.568
27.677
29.399
26.421
24.082
22.286
22.319
24.318
27.563
30.254
30.392
24.422
16.6
15.134
16.915
19.46
22.498
26.597
31.336
33.928
33.564
32.094
33.225
33.524
33.013
33.725
26.306
22.744
18.211
17.739
14.641
9.1465
3.007
0.22038
0
0
0.2411
0
0
0.093768
0.0050763
0
0
0
1.0736
1.7812
8.8672
8.2248
9.0464
10.065
8.5669
7.7686
8.2851
8.1273
5.8366
4.6013
2.9063
1.4399
1.0573
0.36014
0.12316
0.53172
1.0602
1.4898
1.3472
2.0678
6.4245
10.741
16.852
19.616
23.102
23.571
24.133
25.753
25.061
23.27
26.639
30.637
30.176
29.371
27.993
26.071
24.764
25.781
29.509
32.658
34.628
31.953
30.078
24.449
18.693
13.736
11.206
13.932
18.088
20.986
22.553
24.057
27.572
28.813
31.262
31.884
31.287
31.501
31.485
30.02
29.599
21.998
19.042
14.824
14.381
9.0542
4.4386
0.55795
0
0
0
0.072383
0
0
0
0
0
0
0
0
0
0.0069323
7.524
3.1107
7.7868
9.1652
9.6636
10.557
10.008
9.2656
9.2691
8.4748
7.3914
6.0064
3.7016
2.246
0.79134
0.88992
0.29773
0.85187
0.97151
1.2431
1.4898
1.7277
4.1334
9.8001
16.154
21.453
24.431
25.827
24.304
26.295
21.743
22.977
26.526
26.69
31.003
29.615
27.181
25.307
24.059
25.125
28.362
31.7
34.175
32.091
29.606
22.226
15.975
12.934
11.045
12.768
16.061
19.83
21.637
23.824
26.612
27.637
29.071
29.958
32.389
31.415
31.697
31.458
28.629
22.158
18.283
15.193
14.402
11.473
5.7291
1.6366
0
0
0.22693
0
0
0
0
0
0.040308
0.0032257
0
0
0
0
0.47887
2.6172
7.7558
9.1756
11.243
9.2554
9.5284
9.7202
9.3303
8.5812
7.0861
5.3893
3.6302
1.8982
1.0376
0.9158
0.28016
0.45668
1.0097
1.1688
1.8537
2.9882
5.9195
9.5382
14.246
18.289
22.373
24.115
23.344
25.845
21.762
21.316
24.258
26.978
29.587
27.788
26.002
24.46
23.68
24.475
27.185
31.677
33.947
32.369
28.915
22.281
14.995
12.758
12.011
15.248
18.393
19.915
21.331
25.036
26.338
29.145
31.154
29.397
32.095
31.628
30.181
30.013
30.444
21.026
18.122
16.217
14.356
11.623
4.8079
0.68479
0
0
0.026272
0.053152
0
0
0.0032257
0
0
0.0060037
0
0
0
0
2.4137
1.5648
5.2846
8.9008
10.23
8.2349
9.1932
7.8188
7.34
6.9198
6.2996
4.7646
2.814
1.9153
1.1358
0.61091
0.45476
0.68332
1.314
9.4352
15.017
19.076
23.232
24.585
22.284
23.747
21.968
20.755
23.934
28.21
28.672
27.39
25.857
22.277
20.725
21.107
25.922
20.004
13.234
8.4838
8.1992
11.08
15.909
17.734
20.049
21.501
26.357
28.871
29.688
33.474
32.351
33.022
31.579
29.779
28.361
23.444
19.177
14.798
13.221
9.7557
4.0741
0.017237
0
0
0
0
0
0.10823
0
0
0
0
2.116
2.5359
5.2913
7.8767
11.227
8.2369
8.4994
8.1219
8.3702
6.7133
6.0539
0.36733
0.62381
0.64558
1.2211
1.364
1.9064
3.7028
5.6692
8.9488
13.674
17.633
21.873
24.211
23.025
23.261
22.973
21.082
23.017
26.445
28.387
29.625
24.609
20.825
20.102
21.381
22.487
26.628
28.1
28.193
24.038
17.981
12.841
6.3833
6.495
21.55
26.268
27.467
31.203
32.67
32.539
31.598
32.9
31.594
30.536
24.013
20.863
15.12
13.879
10.85
4.3723
1.2106
0
0
0
0.00091996
0
0
0.043741
0
0.022929
0.017237
0
0.015351
0
0.016294
0.55046
2.2132
8.267
8.4824
8.3527
8.1192
5.9223
4.6445
2.5837
1.5336
0.661
0.63683
0.38547
0.86193
0.79041
1.1538
1.0264
1.7605
4.9181
10.061
15.346
20.524
23.363
23.148
24.573
24.086
23.568
23.506
26.008
27.696
30.221
29.215
23.735
22.372
22.016
22.65
25.677
28.165
29.065
28.925
6.8334
8.619
13.709
17.241
18.645
21.716
24.922
28.148
28.977
31.402
32.697
32.332
32.278
30.958
28.628
20.653
18.551
15.429
12.999
8.4982
2.7469
0.067085
0
0
0.02819
0.046205
0.001555
0
0
0
0
0.12465
0
0
0
0.059771
6.5829
1.6327
4.1151
9.0339
8.5394
7.5704
6.4671
5.0636
4.207
2.6082
1.6548
1.5559
0.66322
1.3708
1.2879
1.2718
2.044
2.8582
6.208
11.669
15.766
20.531
23.473
24.084
24.956
25.354
23.724
21.505
24.795
29.639
28.605
26.343
21.515
19.288
19.5
19.975
20.128
22.373
11.359
6.9441
5.3418
6.175
10.888
14.406
16.046
19.055
23.083
25.772
26.772
28.213
30.486
29.912
31
30.169
28.201
21.504
18.933
15.555
12.606
9.0255
3.3342
0.98221
0
0
0
0.072383
0
0
0
0
0
0
0
0
0
0
0.31047
2.3235
6.0573
9.5585
11.473
9.883
7.5056
4.7745
3.4206
1.541
0.50162
0.027207
0.18583
0.81226
0.74761
1.2654
1.8755
2.2316
4.6323
9.2335
14.793
18.989
22.2
22.179
22.147
24.563
22.523
21.789
23.871
27.644
28.355
25.09
19.145
18.652
18.27
19.659
20.951
21.408
22.29
22.233
21.444
16.382
11.532
7.0976
5.7152
6.8116
9.8584
13.708
15.796
19.997
24.296
26.903
29.343
28.863
29.524
30.937
30.092
31.042
29.299
22.134
18.171
15.724
12.468
8.8286
3.4747
0.32742
0
0
0.21177
0.02819
0.0031133
0
0
0
0
0
0
0
0
0
0.72967
1.9965
8.3723
8.8024
9.7654
9.158
9.9632
8.8807
7.7477
7.2242
6.349
4.3308
2.93
1.178
0.21277
0
0.26007
0.38547
0.56039
0.75466
1.086
2.1309
5.3256
8.5802
14.866
18.571
22.437
22.319
22.321
23.269
21.728
22.379
23.766
26.698
29.713
25.891
22.119
20.006
19.806
20.45
22.655
24.242
26.379
25.943
23.847
20.73
13.128
7.6919
6.6428
9.6589
14.385
15.706
17.755
19.68
24.563
27.466
30.07
30.165
31.078
30.149
29.076
29.369
28.161
21.342
17.656
13.385
12.321
8.3985
2.5098
0.11605
0
0
0.068288
0
0
0
0
0
0.15987
0.022929
0
0
0
0
0.44808
2.3088
7.6866
7.9211
11.381
9.0131
9.7244
9.0166
8.8335
8.0589
7.7169
5.0605
4.2674
2.6624
1.7772
1.3339
1.1005
1.0947
1.4682
1.6013
1.7855
2.4137
4.7403
8.749
15.085
19.926
24.654
27.213
24.615
23.934
22.66
22.024
24.768
25.559
27.79
26.897
23.954
20.543
20.579
22.629
24.74
27.89
29.12
28.521
26.869
18.926
10.871
6.3632
8.0395
10.172
13.611
16.765
18.223
20.676
25.701
28.341
31.975
32.16
30.819
31.78
31.429
31.469
32.608
23.345
20.794
17.325
16.427
14.148
6.5112
1.3907
0
0
0
0.059669
0
0
0
0
0
0
0
0
0
0
1.9282
2.9734
6.4521
9.1215
9.3348
9.3135
9.0615
8.6053
9.3262
7.7832
7.5958
5.5321
4.2592
2.9847
1.5937
0.66989
0.95006
1.0404
1.4647
1.5336
2.1015
3.7056
5.3569
9.3955
14.983
20.097
25.979
26.083
24.824
24.847
23.324
22.467
22.537
28.038
29.111
27.638
23.545
21.474
22.513
24.052
27.291
30.164
30.223
29.933
26.843
19.308
12.157
6.2879
8.1178
11.01
14.424
17.317
18.433
21.841
26.775
28.732
31.813
32.635
30.527
30.998
30.302
29.873
30.951
23.395
20.717
18.039
15.163
10.284
4.8094
0.50721
0
0
0
0
0
0
0
0
0.05415
0
0
0
0
0
0.87096
1.8627
3.8776
8.941
9.9332
8.3074
9.2792
8.2174
7.8922
7.4611
7.2945
5.2082
4.1867
2.5388
1.0031
1.0745
0.35657
0.80009
1.2463
1.9019
2.4798
3.7413
7.0231
12.539
16.462
21.113
23.969
23.686
23.38
24.619
22.982
22.761
23.974
27.457
29.401
29.557
28.95
27.937
28.468
27.038
28.5
31.023
33.919
34.375
24.81
13.312
7.2109
4.1537
4.5824
5.0644
6.9539
8.7418
8.4918
9.6443
10.846
12.374
16.42
18.254
21.878
24.774
27.238
29.631
30.032
31.791
31.219
31.406
31.583
32.089
32.057
29.724
26.229
25.033
21.827
17.983
15.97
13.585
11.628
9.4722
7.2307
4.0404
3.1477
2.7492
2.2325
1.8824
1.6723
1.5509
1.5767
2.2245
2.9135
3.6258
4.6404
5.1568
6.2174
7.2428
8.0855
9.6079
9.8316
11.136
11.718
12.472
13.391
13.949
14.184
14.249
13.132
12.351
11.545
10.519
9.7458
8.9313
7.9937
7.3531
6.7987
6.3807
6.2416
6.3305
6.4862
6.4355
6.93
7.1133
6.9793
7.965
8.5471
8.9894
9.7029
10.08
10.001
10.471
10.152
10.659
10.624
10.192
10.397
10.107
9.6782
9.4393
9.5828
9.2767
9.0928
9.3737
9.1009
9.1449
9.2465
9.232
9.05
9.0062
9.3491
9.3648
9.3741
9.0048
9.3613
9.1988
8.8411
9.156
9.253
9.2365
9.2857
9.1863
9.2584
9.3161
8.9052
9.2074
9.3199
9.3062
9.5222
9.2844
9.5689
9.5278
9.5742
9.57
9.5627
9.5541
9.2803
9.5936
9.2458
9.5476
9.5055
9.2288
9.4574
9.5297
9.4489
9.3415
9.5624
9.5826
9.5495
9.2926
9.5984
9.6191
9.6136
9.6284
9.6307
9.3865
9.6066
9.5894
9.3224
9.5973
9.602
9.5803
9.5515
9.5444
9.2768
9.6347
9.707
9.6786
9.4603
9.426
9.4825
9.5562
9.6124
9.5242
9.3484
9.5939
9.5324
9.2552
9.6248
9.5846
9.6559
9.4995
9.6212
9.4811
9.6872
9.6173
9.5671
9.739
9.7629
9.6786
9.7999
9.4042
9.8562
9.8204
9.6
9.8492
9.495
9.8101
9.7616
9.4104
9.568
9.6189
9.3414
9.4307
9.5855
9.5288
9.248
9.5825
9.2262
9.4178
9.5723
9.3636
9.5756
9.6345
9.396
9.6777
9.7972
9.8054
9.7432
9.652
9.6465
9.6936
9.7377
9.7556
9.8358
10.084
10.146
10.486
10.495
11.181
11.683
11.531
12.349
13.052
12.965
13.479
13.181
13.339
13.487
11.502
10.88
10.504
9.4031
9.7147
9.4936
8.4427
9.6073
9.5042
10.201
9.7198
9.6084
9.011
8.0042
9.1682
8.0666
7.8982
3.1503
0.29061
0.30056
0.32477
0
0
0
0
0
0
0
0
0
0
0
0
0.32628
11.045
8.4174
20.697
23.344
19.398
21.546
21.431
22.151
21.325
17.148
16.613
12.635
7.4384
4.7985
2.1192
0.73017
0.47604
0
0
0
0
0.39831
1.3776
4.7739
9.6154
13.612
16.51
19.85
19.566
21.113
17.8
13.463
15.082
18.477
20.16
21.467
16.839
18.935
20.222
20.659
17.596
9.0193
3.4127
2.3866
1.7713
4.5424
8.0418
11.947
13.089
19.112
23.847
28.303
27.937
25.04
23.555
26.274
27.841
27.432
24.975
19.46
14.935
10.149
6.6032
5.0507
0.16872
0
0
0
0.012533
0
0.022241
0
0
0
0
0.034463
5.1938
6.2014
11.661
11.487
9.9442
8.8545
8.436
9.3287
8.3828
6.2739
2.52
2.0267
2.2943
0.86951
0.44519
0
0
0
1.3573
4.7614
9.0359
16.33
24.857
26.669
27.224
24.749
25.213
24.022
22.389
24.313
26.024
25.023
23.112
22.385
21.355
21.714
22.509
22.564
22.097
22.633
21.455
19.906
19.825
15.023
14.115
14.338
14.064
18.121
16.303
16.698
17.683
17.489
19.311
18.502
18.297
16.143
8.317
3.6284
2.0489
0.53955
0
0
0.00091996
0
0
0
0
0
0
0.053152
0
0.042267
0.062192
0
1.8552
5.371
7.2888
6.9251
4.0542
5.362
5.484
6.9095
3.8577
1.352
1.5336
0.99598
0.47409
0.17958
0
0
0
0
0
0
0.67212
4.1508
8.442
13.924
20.027
23.056
29.238
30.872
31.314
28.236
27.104
28.549
29.771
30.265
27.87
24.914
23.164
23.237
23.508
23.667
26.918
27.326
13.58
12.52
11.749
11.623
12.793
13.733
16.282
16.359
15.075
16.083
16.851
15.159
15.071
16.359
15.618
13.93
6.4824
2.6649
0.85688
0.2906
0
0
0
0
0
0
0
0
0
0
0
0
0.022069
0.15755
0
0
0.058159
0.24632
2.4426
6.3227
9.2668
6.3312
4.236
5.7769
5.2788
6.5844
3.861
1.1421
0.77124
0
0
0
0.12914
0
0.81492
3.0153
7.5179
14.812
20.088
28.439
28.32
31.021
30.226
26.897
28.366
29.11
29.622
31.304
28.77
27.208
25.414
24.813
25.535
26.627
27.712
30.43
28.3
25.671
20.958
16.139
14.186
12.185
15.393
16.324
17.135
16.012
15.665
14.971
17.257
17.445
16.258
14.359
6.0135
2.2414
0.56379
0.17591
0
0
0.058159
0.064218
0
0
0
0
0
0
0
0
0
0.091651
0
5.9236
8.898
6.3633
5.1861
3.9151
5.4637
6.4512
3.36
2.6987
0.38214
0.34588
0
0
0
0
0
0
0
0
0.5281
3.5126
7.2462
13.592
21.938
27.768
30.582
33.315
31.482
28.783
26.813
31.252
31.574
31.004
30.26
27.779
25.514
25.317
26.269
28.702
30.713
30.949
28.61
23.804
19.437
15.816
13.063
12.922
14.361
15.857
16.362
16.336
15.486
15.899
15.891
16.478
16.156
14.718
6.0604
2.5172
0.28398
0.13799
0
0
0.3241
0.6573
0
0
0
0
0
0.065955
0.020471
0.075039
0
0
0
0
0.025793
0.13301
7.1006
8.5207
11.415
7.5919
5.2016
4.1688
4.1761
6.125
4.7564
2.2803
0
0
0
0
0
0
0
0
0
0
0
1.7399
4.6269
10.053
16.31
22.391
27.273
31.48
31.86
28.654
24.418
27.012
29.699
29.238
28.953
27.503
26.163
25.961
26.832
27.991
29.239
29.533
27.953
23.363
17.017
14.923
10.758
11.878
11.859
11.961
14.171
10.215
13.089
15.95
17.259
17.713
14.723
15.39
15.752
13.799
12.714
13.523
5.6948
4.4262
1.2409
1.0437
0.70384
0.51259
0.036405
0
0
0
0
0
0
0
0.096954
0
0
0
8.287
10.115
17.348
12.583
8.5126
7.3209
6.2967
6.2925
6.8331
7.2993
5.8137
2.0363
0
0.17958
0
0
0
0
0
0
0
0
0
1.181
5.8708
13.208
17.718
20.422
23.188
26.787
26.822
22.67
24.439
24.174
22.301
22.051
22.898
23.102
22.989
20.157
14.859
8.1127
5.4009
6.1442
7.0388
9.6028
11.949
13.776
15.565
16.727
17.628
19.488
20.316
19.644
19.438
19.612
19.269
16.402
16.512
10.836
8.8191
4.8358
1.707
1.3293
1.4571
0.96346
0.15407
0.57241
0.46419
0
0
0.021003
0
0
0.098215
0
0.034948
0
0
4.8767
15.289
21.449
23.948
19.072
13.863
10.056
9.671
10.223
3.2995
1.6962
0.6461
0.35987
0.6992
0
0
0
0
0
0
0
0.9054
0.48386
4.2145
12.022
16.189
20.504
23.176
21.905
14.858
12.237
15.629
19.122
20.831
20.544
18.466
16.383
15.807
16.324
16.282
14.356
9.5385
4.4408
2.8061
3.5809
4.8012
6.2449
12.171
16.323
19.025
21.872
21.712
22.711
27.582
29.541
29.857
30.962
30.317
28.043
26.888
24.163
21.592
18.176
12.511
8.7754
4.5562
0.92368
0.09704
0
0
0
0
0
0
0
0.063701
0
0.019939
0
0
0
0.086914
19.315
15.045
18.672
21.492
11.561
8.2201
6.8326
6.7956
11.154
9.938
6.895
4.602
1.0325
0.52161
0
0
0
0
0
0
0
0
0.40756
2.0774
4.4978
8.7744
14.693
20.087
23.697
24.435
23.9
18.458
17.002
19.572
20.971
20.938
21.586
19.904
18.47
18.258
18.849
18.655
14.534
6.9873
4.6377
3.2721
2.374
3.3426
6.2287
9.1654
13.813
16.186
19.716
27.715
29.672
30.143
33.551
31.045
27.056
24.529
20.853
17.411
10.867
8.1209
5.1713
0.66141
0
0.058159
0
0.013471
0.082209
0
0
0
0
0
0
0.00051791
0
0
0
4.9443
14.142
18.086
17.949
13.625
10.584
8.2198
10.267
9.4451
9.7756
6.8318
3.5541
0.55695
0.76874
0
0
0
0
0
0
0
0
0.17802
1.9332
4.6391
11.193
17.943
21.472
22.931
24.914
23.093
19.531
18.291
19.517
21.452
20.97
20.136
17.942
16.213
17.477
19.463
18.33
12.961
6.7578
4.6795
2.7809
2.5078
4.284
5.7482
9.3922
14.729
14.204
17.827
21.422
22.1
25.455
27.225
28.389
30.999
29.652
28.854
25.119
22.576
21.998
17.944
14.198
11.126
5.7353
1.5472
0
0
0
0
0
0
0
0
0
0
0.069309
0
0
0
0.24176
18.156
21.452
28.647
26.896
16.747
13.25
9.813
15.691
13.593
12.391
8.6897
5.0939
2.4424
0.66141
1.3073
0.36194
0.31955
0.63248
0.5196
1.0831
1.3206
1.1269
0.46053
0.016248
0.40385
0.50162
0.79283
0.85187
1.0042
1.2243
1.2305
2.3049
3.8694
6.109
7.7171
9.9315
11.764
12.934
14.91
17.491
18.911
19.552
18.466
17.801
17.836
17.398
17.822
16.679
15.127
12.564
11.443
9.7454
8.1277
7.7757
7.0535
6.8174
6.5749
6.6767
6.3083
6.7175
6.592
6.5564
6.3205
6.1158
6.3249
6.5065
6.4043
6.7875
6.8347
7.0808
7.9054
8.4833
8.7099
9.2862
9.6676
10.027
10.086
10.488
10.399
10.259
9.8228
9.9103
9.3369
8.754
8.1359
8.4057
8.0808
7.702
7.683
7.4376
7.4898
7.4437
7.7583
7.8434
7.7264
7.8968
7.9471
8.1767
8.1835
8.7434
8.502
8.6865
8.3386
9.0151
9.2072
9.4312
9.483
9.8274
9.5003
10.012
9.3995
9.8382
9.7162
9.9491
9.825
9.8323
9.6725
9.4878
9.6788
9.7759
9.5438
9.7099
9.4837
9.3651
9.4759
9.6619
9.5664
9.9441
9.7849
9.7781
9.792
10.053
9.5669
9.8789
9.5425
9.3871
9.6185
9.6761
9.4668
9.6411
9.5458
9.7527
9.7402
10.086
9.6158
10.12
10.086
10.217
9.9814
9.9495
9.8146
9.9973
9.9212
10.188
10.028
10.055
9.7962
9.8315
9.524
9.7084
9.5603
9.7513
9.6622
9.8146
9.6484
9.9079
9.8675
9.9261
9.6792
10.146
10.032
10.165
10.036
9.8873
10.095
10.213
10.144
10.298
10.065
10.27
10.137
10.07
10.047
10.048
10.058
10.011
10.037
10.099
10.052
10.17
10.123
9.9018
9.9376
10.355
10.199
10.394
10.214
10.296
10.266
10.178
9.9572
10.308
10.147
9.8873
10.161
10.14
9.8347
10.138
10.189
9.8975
10.326
10.323
9.9197
10.316
10.361
10.349
10.368
10.255
9.9199
10.366
9.8689
10.372
10.271
10.025
10.141
10.248
10.095
10.098
9.9986
9.8545
9.7178
10.131
9.6814
10.121
9.9888
9.92
10.149
10.202
10.288
10.528
10.378
10.079
10.013
10.368
9.9949
10.065
10.165
10.231
10.152
10.472
10.383
10.462
10.398
10.407
10.465
10.412
10.063
10.548
10.479
10.157
10.456
10.164
10.308
10.409
10.371
10.415
10.472
10.402
10.142
10.216
10.562
10.577
10.585
10.688
10.538
10.369
10.614
10.262
10.569
10.658
10.48
10.506
10.221
10.191
10.589
10.249
10.439
10.48
10.591
10.252
10.554
10.644
10.57
10.643
10.252
10.625
10.593
10.544
10.67
10.626
10.228
10.666
10.655
10.587
10.536
10.67
10.641
10.585
10.653
10.737
10.618
10.663
10.601
10.715
10.697
10.676
10.518
10.52
10.247
10.608
10.483
10.141
10.213
10.552
10.489
10.666
10.477
10.302
10.706
10.555
10.584
10.683
10.295
10.673
10.573
10.591
10.299
10.661
10.705
10.538
10.611
10.647
10.652
10.723
10.658
10.702
10.711
10.647
10.492
10.639
10.222
10.567
10.521
10.246
10.555
10.683
10.567
10.682
10.756
10.708
10.506
10.844
10.447
10.741
10.737
10.743
10.731
10.845
10.906
10.876
10.445
10.876
10.875
10.942
10.88
10.887
10.499
10.897
10.868
10.432
10.712
10.439
10.866
10.878
10.424
10.744
10.905
10.72
10.815
10.9
10.957
10.98
10.796
10.842
10.813
10.638
10.767
10.672
10.809
10.774
10.8
10.672
10.765
10.568
10.44
10.716
10.51
10.845
10.724
10.707
10.835
10.594
10.508
10.838
10.811
10.859
10.761
10.814
10.898
10.872
10.835
10.871
10.926
10.486
10.891
10.925
10.536
10.794
10.903
10.884
10.857
10.516
10.956
10.945
10.901
10.815
10.629
10.545
10.985
10.93
10.956
10.991
10.569
10.927
11.004
10.596
10.951
10.879
10.947
10.871
10.96
10.974
10.611
10.974
10.923
10.892
10.641
11.002
10.891
10.677
11.066
10.963
10.806
10.866
10.927
10.795
10.882
10.837
10.723
10.664
9.9919
9.9536
9.8043
7.4375
7.2259
6.9471
6.9768
6.8011
6.8893
6.8405
6.8218
6.8346
7.2043
7.5956
7.6311
8.2089
8.584
8.9543
9.5846
10.105
11.235
11.809
15.68
16.089
17.092
22.423
26.249
33.939
37.966
40.052
42.875
44.619
42.066
37.416
37.298
32.947
31.99
31.497
34.717
35.361
34.566
33.197
29.241
27.65
25.17
22.4
11.805
6.5908
0.81719
0
0.15863
0.036059
0
0
0.7142
1.5039
3.2756
4.1084
4.1721
5.4536
7.575
10.768
13.738
14.69
16.408
19.167
16.045
16.552
18.438
18.606
13.25
8.2576
2.2205
1.4892
0
0
0
0.0036879
2.0696
10.038
20.586
33.037
33.213
30.02
30.122
27.555
27.971
32.216
34.277
33.045
29.54
25.339
21.765
21.1
18.639
13.758
9.6206
3.3854
1.2295
0.0088548
0.22693
0
0.010661
0
0
0
0
0
0.70597
2.1173
20.621
29.301
35.856
30.212
17.839
11.243
7.7598
10.067
13.275
19.109
25.76
27.043
24.151
16.265
11.343
5.7345
0.66573
0
0
0
0
0.12141
1.8935
5.8191
10.934
14.173
17.918
21.156
24.499
28.752
33.251
35.257
35.654
37.399
36.453
34.994
29.56
24.877
22.281
22.55
22.21
21.426
23.963
18.164
10.537
4.0726
0.18235
0
0.13639
0.069309
0
0.030109
0.0036334
4.7623
13.477
27.917
34.895
40.317
35.331
34.788
29.114
28.109
29.579
29.482
28.612
19.479
14.127
6.5173
4.9211
3.1997
0.28115
0
0
0.076503
0
0
0.038354
0
0
0
0
0
0.40942
3.3029
12.465
31.241
38.197
34.815
31.015
20.833
11.653
8.2121
9.8887
14.118
18.137
20.436
20.822
13.931
7.4384
1.4975
0
0
0
0
0
0
1.9841
6.2649
10.376
13.482
17.929
18.668
20.367
24.596
26.576
28.52
29.448
31.789
32.509
34.663
32.228
27.021
24.783
25.622
27.189
27.715
24.595
22.34
12.973
10.573
3.7171
0.62811
0.62405
0.12773
0.28115
2.3687
8.1329
18.865
34.43
39.602
39.908
34.647
27.365
28.46
31.489
34.907
34.075
30.181
20.36
18.359
15.164
9.9002
7.9196
3.3494
1.3206
0
0
0
0
0
0.013585
0.11126
0.013058
0.11126
0
0.15043
0.066381
1.3239
2.8987
15.816
30.434
39.872
46.592
45.059
39.104
29.234
22.723
22.224
22.123
22.798
13.728
5.1384
0.93593
0
0
0
0
0
0
0
0
0
5.9775
15.314
21.306
22.683
19.788
23.111
26.687
30.491
31.237
30.515
32.73
34.192
29.987
24.365
21.756
21.204
19.928
20.955
18.825
16.075
16.401
13.001
13.573
10.823
6.8078
5.9676
7.3682
7.3578
26.976
44.112
40.117
32.873
28.279
29.946
32.914
33.037
34.367
32.211
29.541
28.887
16.108
14.952
16.121
23.919
30.173
23.365
16.636
10.528
5.3989
1.5373
0
0.3873
0
0
0
0
0
0
0.79766
2.5278
5.5342
10.71
19.761
25.172
32.88
37.805
34.29
32.729
26.251
16.589
17.193
21.731
17.041
6.7562
2.9485
0.25301
0
0.076753
0
0.092709
0.14261
0
0
0.23981
2.3686
10.113
15.142
17.252
15.689
11.982
14.749
20.617
25.929
29.041
29.608
29.087
26.181
22.124
22.274
22.239
20.975
19.964
17.941
12.414
8.2597
9.1182
8.3781
4.3782
3.6384
2.1332
2.2779
3.7071
23.9
36.186
46.896
40.214
30.766
29.688
32.284
39.645
42.817
34.631
22.498
18.296
11.239
11.127
15.551
24.668
34.733
39.73
29.598
21.654
11.016
6.7083
4.4883
4.0454
4.452
2.4249
0.49963
0.013525
0.036405
0.022929
0
0
0
0
0
0
0
0.013941
0
0
0.013471
0.025793
0.05415
0.061182
0.024837
0.021501
0.021026
0.019129
0.038354
0.0060037
0.0060037
0
0
0
0.57286
0.28354
0.61491
1.3694
5.712
11.6
14.498
16.809
19.977
23.136
27.415
29.518
31.603
31.701
31.486
31.497
30.753
30.399
30.295
30.005
29.368
29.074
27.445
24.136
21.685
18.999
14.7
11.982
9.841
7.7774
5.1315
1.7979
1.2574
0.70009
0.052525
0
0.046633
0.058914
0.47604
0.91059
1.3423
1.9664
2.8024
4.4208
5.4779
6.1594
7.1748
7.7048
9.0657
9.975
10.921
11.958
12.352
12.87
12.946
12.789
12.106
11.253
9.752
9.4721
8.3171
6.603
5.8533
4.9799
4.7269
4.2751
3.9073
3.6457
3.2028
3.3151
3.7345
4.2672
4.5361
5.2116
6.0372
6.3633
6.8939
7.546
7.9111
8.018
8.0349
7.9698
7.9365
7.4796
7.1105
6.9031
6.486
5.9427
5.6829
5.3685
5.4716
5.5298
5.5157
6.0246
6.2564
6.4564
7.1119
7.2868
7.2827
7.6221
7.6732
7.4015
7.5129
7.4128
7.0712
6.8935
6.3226
6.2348
6.1469
5.8532
6.0762
6.0965
6.1609
6.255
6.3499
6.4228
6.6147
6.6774
6.388
6.8289
6.9395
6.9944
6.7621
7.1665
7.0915
7.1019
7.0793
6.8694
6.8555
6.8678
6.4878
6.7446
6.7556
6.7484
6.7757
6.906
6.8194
6.8894
6.9158
6.7509
7.0241
7.0602
7.0529
7.0328
7.0113
7.0634
7.0363
6.8009
6.7619
6.9237
6.9093
6.6443
6.8563
6.8498
6.6657
6.9781
6.9819
7.02
7.0845
7.0244
7.1269
7.0609
6.8144
7.0972
7.1579
6.8342
7.0888
6.7505
6.9614
7.0028
7.0396
6.7196
7.0355
7.1311
7.0911
7.139
6.9336
7.0755
7.191
7.0955
6.8655
7.1424
7.0519
6.8639
6.9505
7.0586
6.7706
7.0334
6.6874
7.0309
6.999
6.707
6.6946
6.9508
7.0157
6.9089
7.0451
6.7223
6.7278
7.0826
6.8524
6.7825
7.0909
6.8345
7.0185
7.1358
7.0943
7.1054
7.1681
6.8701
7.1335
7.1646
6.8944
7.0528
7.1669
6.9017
6.8232
7.2016
6.9236
7.0048
7.2353
6.9993
7.1626
7.1826
7.1017
6.882
7.2178
6.8633
7.0952
7.1813
6.859
7.1017
7.1678
7.1853
7.1561
6.916
7.2748
7.2511
7.2395
6.9191
7.2916
7.1936
7.156
7.2307
7.0613
6.8543
7.2791
7.1281
7.1431
7.1827
7.0963
7.2458
7.2765
7.1471
7.063
7.2802
7.0012
7.134
7.4007
7.1793
7.3619
7.2523
7.2932
7.2628
7.3941
7.2983
7.3838
7.2392
7.0216
7.1931
7.4153
6.9372
7.3635
7.2538
7.0452
7.2062
7.3552
7.047
7.3899
7.326
7.0795
7.3767
6.9898
7.1941
7.4837
7.339
7.1738
7.2271
7.5576
7.2567
7.3583
7.3262
7.3648
7.3281
7.5397
7.1608
7.5244
7.39
7.2176
7.3136
7.2593
7.2576
7.1377
6.9558
7.2851
7.314
7.0026
6.9599
7.474
7.3026
7.4363
7.3454
7.2241
7.2404
7.5412
7.183
7.2869
7.3838
7.462
7.3075
7.4303
7.2459
7.3036
7.2493
7.1694
7.378
7.5236
7.155
7.4611
7.2951
7.2406
7.0763
7.3723
7.2854
7.5096
7.3756
7.4706
7.1046
7.5369
7.1355
7.2167
7.3938
7.2737
7.054
7.5551
7.3974
7.2823
7.411
7.4675
7.2002
7.5188
7.078
7.4937
7.1434
7.3633
7.3932
7.6522
7.56
7.4798
7.5859
7.4126
7.433
7.7299
7.2083
7.6977
7.2883
7.6576
7.1687
7.6588
7.1941
7.6188
7.4893
7.5345
7.4222
7.5849
7.0916
7.5944
7.5079
7.3044
7.4813
7.6958
7.1895
7.6383
7.417
7.6039
7.5295
7.4921
7.5368
7.6348
7.4127
7.7064
7.5021
7.4149
7.2689
7.7485
7.5633
7.6975
7.5391
7.6062
7.4718
7.6148
7.4918
7.4232
7.5769
7.6435
7.5571
7.6777
7.3321
7.6068
7.5385
7.608
7.5378
7.718
7.2471
7.802
7.6578
7.7079
7.6146
7.6787
7.6253
7.5471
7.6446
7.6704
7.4835
7.7158
7.5465
7.7061
7.611
7.3953
7.5271
7.7434
7.5547
7.7623
7.304
7.6648
7.6044
7.7374
7.6015
7.5594
7.6695
7.7096
7.7104
7.6447
7.618
7.6839
7.7449
7.4399
7.7202
7.8708
7.5969
7.8604
7.7407
7.5395
7.7097
7.7828
7.731
7.8758
7.7154
7.7955
7.7644
7.8779
7.7166
7.9046
7.8276
7.8536
7.8188
7.8617
7.7236
7.8783
7.75
7.5868
7.807
7.8262
7.6592
7.9035
7.8011
7.9005
7.6921
7.542
7.4154
7.8103
7.8276
7.5909
7.8065
7.8598
7.8455
7.6332
7.4584
7.7299
7.809
7.7202
7.4643
7.697
7.7522
7.8966
7.8535
7.863
7.7776
7.7147
7.7423
7.5814
7.8817
7.8525
7.5627
7.8809
7.8951
7.8985
7.8057
7.5679
7.7971
7.8261
7.7023
7.8739
7.8849
7.8587
7.9144
7.892
7.4976
8.0243
7.8117
7.5638
7.9124
7.9118
7.5282
7.6017
7.885
7.5797
7.8818
7.912
7.8678
7.9175
7.9196
7.9437
7.8847
8.0046
7.5883
7.9683
7.9319
7.5778
7.968
7.9167
7.6098
7.6701
7.9745
7.9648
7.6898
7.9249
7.9336
7.9473
8.0294
8.0312
8.0071
8.036
7.9619
8.0362
7.9991
7.6241
7.9634
8.0294
7.6573
8.0341
7.9891
8.0046
7.6437
8.0009
7.9259
7.9879
8.019
7.9754
7.9712
8.0365
7.7569
7.9938
8.0314
7.6738
7.9514
8.061
7.9547
7.9992
7.6939
7.9571
8.0257
8.0016
7.997
7.7594
8.1066
7.9827
7.9981
8.0667
7.933
8.0318
7.9385
7.9821
8.062
8.0282
7.7434
8.0613
8.052
7.7006
8.0532
7.9997
8.0422
8.0778
7.68
8.1016
8.1335
8.1283
7.7587
8.1206
7.7932
7.809
8.1377
8.1614
8.124
8.1244
7.7341
8.1351
8.138
7.8088
8.1465
8.1122
7.8414
8.2115
8.1263
8.0991
8.2338
8.0484
7.9477
8.1707
8.0992
8.2316
8.1625
7.8663
8.1051
8.1984
8.23
8.1855
8.2288
8.0842
8.2192
8.1975
7.8754
8.2076
8.1501
7.893
8.1984
8.2143
8.1174
8.1352
8.1777
8.0593
8.1854
8.2171
8.2343
8.094
8.0848
8.2019
8.1369
8.2148
8.1248
8.1519
8.1783
