-0.0021817
-0.0010908
-0.0010908
-0.0021817
0
-0.0021817
-0.0021817
-0.0010908
-0.0010908
-0.0021817
-0.0021817
-0.0021817
0
0
0
-0.0032725
-0.0010908
-0.0010908
0
0
0
0
0.0021817
0
-0.0010908
0.0010908
0
0
0.0010908
-0.0021817
0.0010908
0
0
0
-0.0010908
-0.0021817
-0.0021817
0
0
-0.0021817
-0.0021817
-0.0010908
0
-0.0010908
0
0
0
-0.0021817
-0.0010908
0.0010908
0.0010908
-0.0010908
-0.0010908
-0.0021817
0.0021817
0.0010908
0
-0.0010908
0
-0.0010908
0
-0.0010908
0.0010908
-0.0021817
0
-0.0010908
0
0
0.0010908
0
-0.0032725
-0.0010908
-0.0010908
-0.0043633
-0.0021817
-0.0010908
0.0010908
0.0010908
0
-0.0010908
-0.0010908
0
-0.0010908
-0.0021817
-0.0010908
-0.0043633
0
0.0021817
-0.0010908
0
0
-0.0010908
0.0010908
-0.0010908
-0.0010908
0
0
0.0021817
0
0
-0.0021817
-0.0032725
0.0021817
0.0054541
0.0010908
-0.0010908
0
0.0021817
0
0.0021817
0
0.0010908
-0.0021817
0
0
0
0.0010908
0.0010908
0
-0.0010908
0
0.0021817
0.0043633
0
0.0021817
0.0032725
0.0010908
-0.0010908
0.0010908
0
-0.0010908
0.0010908
0.0021817
0.0010908
0.0021817
0
0.0021817
-0.0021817
-0.0010908
0.0010908
0
0.0010908
0.0010908
0.0010908
0
0
-0.0010908
0
-0.0021817
0
-0.0010908
-0.0010908
0
-0.0010908
-0.0032725
-0.0021817
0.0010908
-0.0010908
-0.0021817
-0.0021817
-0.0021817
0
0.0021817
-0.0010908
0.0010908
0.0010908
-0.0021817
-0.0010908
0.0021817
0.0010908
-0.0010908
0
-0.0010908
-0.0021817
0.0010908
0.0032725
0.0021817
0
-0.0010908
0
-0.0021817
0
0
0
0
-0.0010908
-0.0021817
-0.0021817
0.0010908
0.0010908
0.0010908
0.0021817
0
0.0010908
-0.0010908
0
-0.0010908
-0.0010908
0.0021817
0
0
-0.0021817
0
0.0021817
0.0021817
-0.0010908
-0.0021817
0
-0.0021817
-0.0021817
-0.0010908
-0.0021817
0.0021817
0
0.0010908
0
-0.0021817
0
-0.0010908
-0.0010908
0
-0.0010908
-0.0010908
-0.0010908
-0.0021817
-0.0010908
0
-0.0021817
-0.0021817
-0.0021817
0.0021817
0.0010908
-0.0010908
0
0
-0.0021817
0.0010908
0
-0.0032725
-0.0032725
0.0010908
0.0010908
0
0.0021817
0.0010908
-0.0010908
0
0
0.0021817
0.0021817
0.0010908
-0.0021817
0.0032725
0
0
0.0010908
0.0010908
0.0010908
0.0010908
0.0010908
-0.0010908
-0.0010908
0.0010908
0.0021817
0.0021817
-0.0010908
0.0021817
0.0010908
0.0032725
0.0032725
0.0032725
0
0.0010908
0.0010908
0.0010908
0.0021817
0.0032725
0
0.0032725
0.0032725
-0.0010908
0.0021817
0
0.0010908
0.0010908
0.0021817
0.0021817
0.0010908
-0.0010908
-0.0010908
-0.0010908
0.0010908
-0.0021817
0
0
-0.0010908
0
0.0021817
-0.0010908
-0.0010908
0
0
-0.0010908
-0.0021817
-0.0021817
-0.0032725
-0.0010908
0
0.0010908
0.0010908
0.0010908
0
0
-0.0010908
0.0010908
0.0010908
-0.0010908
0
0.0021817
-0.0010908
-0.0010908
0.0021817
0
0
-0.0032725
-0.0021817
-0.0021817
-0.0021817
0.0010908
-0.0010908
-0.0021817
-0.0010908
-0.0021817
0.0010908
-0.0010908
0.0010908
-0.0021817
-0.0010908
0
-0.0010908
-0.0010908
0.0010908
0.0032725
0.0010908
0
-0.0010908
0.0010908
0
0.0021817
0.0021817
0
0
0.0010908
0.0021817
-0.0010908
0.0010908
0.0010908
0.0021817
0.0021817
0.0021817
0.0010908
0.0010908
0.0010908
0.0054541
0.0010908
-0.0010908
-0.0010908
0
0.0010908
-0.0010908
-0.0010908
0
0
0
0.0021817
0.0032725
0
0.0021817
0.0010908
0.0010908
0
0.0010908
0.0010908
0.0021817
0.0021817
-0.0010908
0
-0.0010908
-0.0010908
-0.0010908
0
0.0010908
-0.0010908
0.0021817
0.0010908
0.0010908
-0.0010908
0
0.0021817
0.0010908
0
-0.0010908
-0.0021817
-0.0010908
0
-0.0010908
0
0.0021817
0.0032725
0.0043633
0.0010908
0.0010908
0.0010908
0.0010908
-0.0010908
0
-0.0021817
0.0010908
0.0021817
0.0010908
-0.0010908
0.0021817
0.0010908
0.0010908
0.0021817
0.0010908
0.0021817
0
0.0010908
0
-0.0043633
0.0010908
0.0010908
0.0021817
0.0021817
0
0.0021817
0.0010908
0.0010908
0.0021817
0
0
-0.0010908
-0.0021817
0
-0.0010908
-0.0021817
0.0010908
0
0
0.0021817
0
0.0010908
0.0010908
0.0010908
0
0.0010908
0.0010908
0.0010908
-0.0010908
0.0032725
0.0010908
0
0
-0.0010908
0.0021817
0
-0.0010908
-0.0032725
-0.0032725
-0.0010908
0
-0.0010908
0
-0.0032725
-0.0021817
-0.0021817
-0.0021817
-0.0054541
0.0010908
-0.0010908
-0.0010908
0
-0.006545
-0.0032725
-0.0010908
-0.0032725
-0.0054541
-0.0054541
-0.019635
-0.063268
-0.063268
-0.0043633
0.033816
0.047996
0.097084
0.097084
0.13963
0.070904
0.069813
0.042542
0.037088
0.037088
0.038179
0.018544
-0.014181
-0.13635
-0.27816
-0.27816
-0.13417
-0.16581
-0.13744
-0.081812
0.025089
0.025089
0.006545
0.22907
0.33597
0.44942
-0.28907
-0.28907
0.014181
0.090539
-0.0076358
-0.031634
-0.10254
-0.10254
-0.20944
-0.094902
-0.062177
-0.087266
-0.042542
-0.057814
-0.057814
-0.014181
0.0076358
0.021817
0.069813
0.069813
0.24544
0.14726
0.10908
-0.070904
0.017453
0.20944
0.20944
0.4756
0.03927
-1.0886
-0.12545
-0.32179
-0.32179
-1.1465
-1.1017
-0.63813
-0.83012
-0.68831
-0.68831
-0.42106
-0.61414
-0.26834
0.85521
2.5689
1.5937
1.5937
1.7791
-0.28689
0.13199
-0.0054541
-0.10145
-0.10145
0.029452
0.029452
-0.16471
-0.14944
0.15053
0.15053
0.028361
0.028361
-0.69267
-0.33488
-0.28471
-0.28471
-0.20398
0.023998
0.10799
0.027271
0.30979
0.30979
0.14072
0.29452
0.39597
0.61086
0.33488
-0.45269
-0.45269
-0.099265
-0.029452
0.010908
0.041451
0.097084
0.097084
0.11126
-0.044724
-0.1789
-0.26943
-0.087266
-0.014181
-0.0054541
-0.011999
-0.011999
0.0010908
-0.006545
-0.011999
0
0.30652
0.25307
0.074176
0.055632
0.055632
-0.015272
0.049087
-0.15272
-0.049087
0.085084
0.02618
0.082903
0.006545
0.016362
0.11672
0.11672
0.11999
0.02618
0.020726
0.042542
0.040361
0.14508
0
0.035997
0.023998
0.023998
-0.034906
0.07963
0.18108
0.18435
1.6755
1.6755
0.39597
1.3406
0.51596
-0.34034
-0.74722
-0.74722
-1.0581
-0.12981
-1.5261
-1.4126
-1.333
-1.333
-0.47342
2.4282
-0.32616
-0.32616
-0.1309
0.1669
0.12981
-0.025089
-0.022907
-0.20398
-0.20398
-0.032725
0.077449
-0.076358
-0.52905
-0.36106
-0.36106
-0.47778
-0.58468
-0.64577
-0.53887
-0.33379
-0.15162
0.11999
0.21926
0.30216
0.45924
0.45924
0.45706
0.66213
0.78867
0.54432
-0.28798
-0.28798
-0.080721
0.014181
0.099265
0.10036
0.06654
0.06654
0.035997
-0.025089
-0.1669
-0.1189
-0.1189
-0.061086
-0.030543
-0.031634
-0.061086
-0.027271
-0.027271
-0.014181
-0.03927
0.22144
0.31416
0.28361
0.11236
-0.29343
-0.29889
-0.0021817
0.07963
0.07963
0.07854
0.0098174
-0.0021817
-0.017453
0.062177
0.062177
0.023998
0.034906
0.023998
0.059995
0.20508
0.20508
0.11999
0.035997
-0.041451
-0.12545
0.076358
0.076358
0.43306
1.2654
0.77012
-0.55414
0.2138
0.2138
-1.3297
-0.82794
-0.88793
-0.99156
-1.6046
-1.6046
-0.99265
-0.62286
-1.5642
-0.29343
-0.29343
0.65668
2.8798
-0.2978
2.4544
-0.19853
-0.19853
0.20508
-0.28034
-0.041451
-0.094902
-0.027271
-0.027271
-0.36106
-0.3567
-0.63268
-0.34579
-0.34579
-0.3447
-0.16799
-0.13744
-0.11126
0.10254
0.10254
0.31307
0.26616
0.51923
0.66868
0.66868
0.99374
0.82139
0.63813
-0.31307
-0.062177
-0.062177
-0.010908
0.063268
0.071995
0.017453
-0.075267
-0.075267
-0.19526
-0.10581
-0.040361
-0.042542
-0.056723
-0.056723
-0.050178
0.01309
-0.0098174
-0.0010908
-0.0087266
0.088357
0.088357
0.25089
0.18653
-0.12981
-0.12981
-0.041451
0.12217
-0.0043633
-0.11672
-0.0043633
-0.13199
-0.13199
0.0087266
0.056723
0.19962
0.19962
0.073085
0.063268
-0.0043633
0.06545
0.058905
0.058905
0.10363
0.021817
0
-0.042542
0.098174
0.098174
0.3447
1.5544
-0.41015
0.50287
-0.56287
-0.56287
-0.68395
-0.95556
-0.93157
-1.2894
-1.2894
-0.35779
-0.74722
-0.40688
-1.3483
0.65886
0.65886
0.31961
3.0423
-1.0516
-1.0516
0.59995
-0.2378
-0.20617
0.019635
-0.047996
-0.16471
-0.16471
-0.40906
-0.44615
-0.45269
-0.37961
-0.37961
-0.32179
0.010908
-0.10799
0.051269
0.043633
0.043633
0.44942
0.45051
0.66104
0.66104
0.75703
0.33925
-0.053451
-0.058905
-0.0087266
0.01309
0.01309
0.018544
0.023998
0.02618
-0.0054541
-0.064359
-0.064359
-0.056723
-0.022907
-0.040361
-0.11126
-0.11126
-0.093811
-0.091629
-0.10363
-0.021817
-0.017453
0.034906
0.034906
0.2618
0.2498
0.19853
-0.075267
-0.040361
-0.040361
-0.07963
-0.010908
0.035997
0.0098174
0.0098174
-0.050178
-0.042542
-0.0032725
0.015272
0.056723
0.056723
0.067631
0.10581
0.05236
0.053451
0.10036
0.058905
0.058905
0.011999
0.010908
-0.06545
0.17562
0.17562
0.037088
1.0941
0.034906
0.98938
0.40579
0.40579
-0.52687
-0.36106
-0.73085
-1.3188
-1.0799
-0.2018
-0.2018
-1.453
-0.77558
-1.5086
-0.68068
-0.68068
3.2987
0.11999
1.9777
0.25634
-0.15708
-0.15708
0.12763
-0.030543
0.0076358
0.030543
-0.034906
-0.034906
-0.07963
-0.23889
-0.39706
-0.30434
-0.35125
-0.35125
-0.20071
-0.17562
0
0.011999
0.2378
0.2378
0.1898
0.33816
0.73631
0.20398
-0.083994
-0.020726
-0.010908
-0.010908
-0.0098174
-0.0054541
0.011999
0.014181
0.014181
-0.017453
-0.058905
-0.058905
-0.046906
-0.030543
-0.050178
-0.069813
-0.071995
-0.016362
-0.014181
-0.014181
-0.02618
0.13526
0.13526
0.28907
0.21053
-0.12654
0.019635
-0.018544
-0.018544
-0.046906
-0.0076358
-0.040361
0
-0.041451
-0.019635
-0.019635
-0.0076358
0.099265
0.064359
0.064359
0.051269
0.0043633
0.15381
0.10363
-0.0087266
-0.0087266
0.035997
-0.040361
0.022907
0.13635
0.65231
0.65231
0.45597
0.77012
1.1519
-0.098174
-0.2018
-0.2018
-0.44942
-0.9872
-1.1606
-0.62723
-1.2621
-1.2621
-0.78103
-1.1454
-1.4672
2.3409
1.1181
1.1181
1.3374
-0.33707
0.20071
-0.0043633
-0.061086
0.0010908
0.0010908
0.040361
-0.089448
-0.30107
-0.30107
-0.41124
-0.39488
-0.15053
-0.25307
-0.25307
-0.063268
-0.11672
0.067631
0.19089
0.2858
0.2858
0.54541
0.69813
0.45269
-0.11672
-0.059995
-0.059995
-0.01309
-0.01309
0.006545
0.015272
0.025089
0.010908
0.010908
0.0087266
-0.061086
-0.016362
-0.0032725
-0.0032725
-0.12326
-0.086175
-0.061086
-0.061086
0.0032725
-0.011999
0.13199
0.33707
0.33707
0.25744
0.032725
-0.034906
-0.15708
-0.068722
-0.018544
-0.018544
0.021817
-0.022907
-0.031634
-0.0021817
-0.0021817
-0.0021817
0.061086
0.038179
0.038179
0.041451
0.19089
0.056723
0.064359
-0.0087266
-0.0087266
-0.068722
0.095993
0.083994
1.0472
0.15381
0.15381
0.56723
0.85739
-0.55632
-0.077449
-0.91629
-0.91629
-1.0963
-1.7442
-0.068722
-0.93811
-1.4279
-1.4279
-0.83775
-0.44833
-0.038179
3.1972
0.53669
0.53669
1.4159
-0.11126
0.12435
-0.22907
0.035997
0.035997
-0.12435
-0.041451
-0.25307
-0.23126
-0.33707
-0.33707
-0.48324
-0.46906
-0.31198
-0.18871
-0.0010908
-0.0010908
0.0032725
0.10472
0.075267
0.12654
0.47669
0.47669
0.63377
0.69049
0.47778
-0.13199
-0.13199
-0.059995
-0.029452
0.0010908
0.015272
0.035997
0.035997
0.018544
0.021817
-0.075267
-0.067631
-0.043633
-0.043633
-0.011999
-0.10908
-0.077449
-0.086175
-0.034906
-0.034906
0.0010908
-0.0032725
-0.019635
0.062177
0.26725
0.33707
0.13308
-0.18544
-0.074176
-0.0087266
-0.0087266
-0.086175
0.05236
-0.054541
-0.074176
-0.074176
0.025089
-0.020726
0.069813
0.082903
0.049087
0.049087
0.083994
-0.016362
0.17453
0.058905
0.070904
0.070904
-0.02618
-0.090539
0.069813
0.19526
0.62068
0.62068
0.87484
0.21707
0.59886
-0.35452
-0.78321
-0.78321
-0.62286
-0.89011
-1.5893
-0.46142
-1.0396
-1.0396
-1.1606
-1.309
-0.30434
0.49633
2.8351
0.76467
1.393
0.23998
-0.15162
0.068722
0.068722
-0.1778
-0.043633
0.047996
-0.23671
-0.22689
-0.28798
-0.34579
-0.53778
-0.31198
-0.18871
-0.057814
-0.10036
0.081812
0.11345
0.16253
0.48433
0.54105
0.7374
0.43742
0.43742
-0.083994
-0.040361
-0.034906
0.0021817
0.014181
0.032725
0.028361
0.015272
-0.070904
-0.07963
-0.067631
-0.067631
-0.017453
-0.056723
-0.074176
-0.1189
-0.031634
-0.031634
-0.006545
-0.011999
0.0076358
0.020726
0.20835
0.20835
0.49851
0.20617
-0.36434
-0.0043633
0.094902
0.094902
-0.1069
-0.10254
-0.020726
-0.059995
0.087266
-0.010908
-0.006545
0.051269
0.051269
0.1069
0.047996
0.028361
0.080721
0.095993
0.061086
0.061086
0.0032725
-0.047996
0
0.20617
0.42106
0.44942
0.44942
0.019635
0.53123
0.016362
-0.88793
-0.88793
-0.87921
-0.72758
-1.2566
-0.40797
-0.44397
-0.44397
-1.5337
-0.84866
-0.24216
-0.69377
3.2452
3.2452
0.93266
1.6842
0.15926
0.029452
-0.01309
-0.01309
-0.041451
-0.17562
0.10581
-0.042542
-0.13526
-0.13526
-0.047996
-0.40797
-0.41233
-0.26943
-0.35888
-0.35888
-0.15926
0.0076358
0.0021817
0.086175
0.24762
0.41997
0.56068
0.52578
0.06545
0.06545
-0.085084
-0.021817
0.0021817
0.0010908
0.014181
0.011999
0.030543
0.030543
0.021817
-0.073085
-0.093811
-0.074176
-0.074176
-0.03927
-0.076358
-0.06654
-0.093811
-0.083994
-0.083994
0.0032725
-0.006545
-0.0043633
-0.015272
0.16362
0.31307
0.31307
0.26725
0.016362
-0.13526
-0.12435
-0.12435
-0.055632
-0.037088
0.014181
0
0
-0.022907
-0.018544
-0.018544
0.03927
0.045815
0.045815
0
0
0.26071
0.034906
0.027271
0.027271
0.061086
0.061086
0.11672
0.42215
0.21489
0.27598
1.2675
1.2675
-0.07963
-0.53887
-1.1726
-1.0068
-1.2774
-1.2774
-0.51487
-0.98174
-0.99265
-1.4803
-0.36979
0.038179
1.9329
1.9329
0.91302
2.0628
0.73849
0.064359
-0.011999
-0.014181
-0.014181
-0.12545
0.044724
-0.068722
-0.13853
-0.27162
-0.34034
-0.47451
-0.42324
-0.23998
-0.23998
-0.021817
-0.071995
0.050178
-0.033816
0.14944
0.14944
0.27816
0.38833
0.74613
0.60759
0.068722
0.068722
-0.067631
-0.028361
-0.019635
0.0032725
0.030543
0.014181
0.056723
0.056723
-0.033816
-0.087266
-0.059995
-0.056723
-0.056723
-0.040361
-0.061086
-0.083994
-0.020726
-0.0076358
-0.0087266
0.017453
-0.01309
0.15381
0.15381
0.26616
0.4636
0.081812
-0.17671
-0.22253
-0.22253
-0.12654
-0.0043633
-0.017453
-0.018544
-0.0098174
-0.0076358
-0.0076358
0.025089
0.032725
0.081812
0.082903
-0.015272
-0.029452
0.21598
0.046906
-0.0087266
-0.0087266
-0.011999
-0.083994
0.28252
0.22689
1.0886
1.0886
-0.79849
0.34579
0.010908
-0.68504
-0.89339
-0.89339
-0.54105
-1.0854
-1.0286
-0.077449
-1.0886
-1.0886
-0.92829
-0.83339
-0.39161
2.0202
1.5784
1.6722
1.6722
0.77885
-0.0076358
0.20617
-0.2378
-0.2378
0.0010908
0.0032725
-0.0076358
-0.26507
-0.11999
-0.35997
-0.35997
-0.38615
-0.31743
-0.38833
-0.17562
-0.06545
-0.05236
0.045815
0.25744
0.29889
0.29889
0.32507
0.71885
0.59123
0.10799
-0.041451
-0.041451
-0.040361
-0.0043633
0.0032725
0.031634
0.0098174
0.0098174
0.076358
-0.06654
-0.13744
-0.11781
-0.035997
-0.0076358
-0.0076358
-0.07963
-0.11563
-0.06654
-0.0043633
-0.0043633
-0.006545
0.16799
0.29343
0.29343
0.23671
0.11563
-0.080721
-0.18653
-0.045815
-0.019635
-0.019635
-0.0043633
-0.0032725
-0.023998
-0.023998
-0.047996
0.047996
0.047996
0.054541
0.044724
0.0021817
0.0021817
0.088357
-0.006545
-0.049087
-0.049087
0.081812
0.14508
0.11236
0.5356
-0.031634
-0.031634
0.59123
-0.18871
-0.56178
-0.69267
-0.89339
-0.89339
-0.91411
-1.117
0.067631
-1.3057
-1.2163
-0.11563
-0.11563
0.82685
3.1078
0.26289
0.26289
2.3835
-0.24435
0.21489
-0.010908
-0.17999
-0.17999
-0.027271
0.044724
-0.23562
-0.18326
-0.18108
-0.18108
-0.33379
-0.48324
-0.16253
-0.12654
-0.15599
0.10254
0.02618
0.06654
0.19744
0.45706
0.45706
0.47015
0.61523
0.025089
-0.067631
-0.014181
0.0010908
0.0010908
-0.006545
0.0076358
0.031634
0.031634
0.0098174
-0.050178
-0.090539
-0.061086
-0.042542
-0.042542
-0.043633
-0.050178
-0.057814
-0.11345
-0.064359
0.0054541
0.0054541
-0.0032725
0.25307
0.26834
0.26834
0.24653
-0.045815
-0.28798
-0.14399
0.0032725
-0.0054541
-0.0054541
0.0032725
-0.0010908
-0.0032725
-0.0032725
0.0010908
0.10254
0.025089
0.022907
-0.015272
-0.015272
0.15381
0.14181
0.080721
0.080721
0.10254
0.0032725
0.21707
-1.5599
-0.58359
-0.58359
-0.23126
-0.59559
-1.2872
-0.0043633
-0.31089
-0.31089
-0.44615
-1.0483
-0.38506
-0.51923
-1.4323
-1.4323
0.32834
1.9668
1.0843
2.1304
0.13744
0.13744
0.59232
0.0043633
-0.085084
0.18435
0.28907
0.28907
-0.0010908
-0.57923
-0.24762
-0.33161
-0.53669
-0.53669
-0.11999
-0.14508
0.03927
0.0043633
-0.24762
0.07854
0.18653
0.1669
0.21926
0.39706
0.39706
0.71995
1.1803
0.32834
-0.15272
-0.093811
-0.0021817
-0.0021817
-0.0054541
-0.0087266
-0.025089
-0.025089
-0.068722
-0.055632
-0.010908
0.015272
-0.021817
-0.021817
0.17671
0.13635
0.07963
-0.011999
-0.25634
-0.25634
-0.044724
0.4167
0.24871
0.53451
0.57923
0.57923
-0.067631
-0.47015
-0.4167
-0.26834
-0.18108
-0.18108
-0.10799
0.0021817
-0.010908
0.069813
-0.02618
-0.02618
0.045815
0.030543
0.050178
0.041451
0.0010908
0.0010908
0.13526
0.094902
0.038179
-0.051269
0.07854
0.07854
0.32398
0.51051
-1.0799
-1.7595
-1.0745
-1.0745
-1.0472
-1.9624
-0.2858
-0.97302
-0.46578
-0.46578
-1.189
-0.61304
-0.18762
-1.1181
0.83557
0.83557
2.0049
1.5348
1.7704
0.72867
0.6654
0.6654
-0.21271
-0.21271
0.60323
0.54759
0.19744
0.19744
-0.14617
-0.14617
-0.35016
-0.19744
-0.26071
-0.26071
0.19199
0.041451
-0.033816
0.055632
0.20071
0.20071
0.21271
0.44069
0.81157
0.55196
0.55196
-0.11017
-0.14072
-0.047996
0.0076358
-0.016362
-0.016362
-0.018544
-0.038179
-0.025089
0.0054541
0.0054541
0.071995
0.068722
-0.025089
-0.0076358
0.15926
0.15926
0.093811
-0.11454
-0.10145
-0.12763
-0.10472
-0.10472
0.21053
0.1789
0.10363
0.037088
-0.18108
-0.18108
-0.16035
-0.019635
0.087266
0.10036
-0.031634
-0.031634
-0.0010908
-0.0043633
0.061086
0.030543
0.030543
0.027271
-0.030543
-0.0098174
0.087266
0.13308
0.13308
0.10254
0.014181
0.12872
0.53669
0.19853
0.19853
-2.4435
-1.5326
-1.2217
-1.4726
-1.3199
-1.3199
-0.87593
-0.84975
-0.77231
-0.68395
-0.31961
-0.31961
0.093811
-0.69377
0.7854
1.874
3.2801
3.2801
1.6013
0.98938
0.15599
0.33707
0.33707
0.10908
0.35888
0.40688
0.11672
0.046906
0.046906
-0.13199
-0.07854
-0.13308
-0.086175
-0.082903
-0.082903
-0.05236
0.2858
0.25744
0.099265
0.030543
0.030543
-0.029452
-0.05236
-0.081812
-0.15053
-0.056723
-0.056723
0.056723
0.011999
-0.021817
-0.047996
-0.027271
-0.027271
-0.083994
-0.023998
-0.006545
0.023998
0.10254
0.10254
0.11454
0.03927
0.067631
0.07854
0.091629
0.091629
-0.0098174
-0.13963
-0.19199
-0.069813
0
0
0.042542
0.010908
-0.0054541
-0.032725
0.011999
0.011999
-0.016362
-0.0043633
0.018544
0.0021817
0.0021817
0.006545
0.0032725
-0.0054541
-0.0043633
-0.0043633
0.0032725
0.0054541
0.1669
0.040361
0.040361
0.26289
0.43197
0.43742
-0.36215
-2.5416
-2.5416
-1.4573
-1.2425
-1.0756
-1.1792
-1.4039
-1.4039
-0.75158
-0.35343
-0.56287
-0.49633
0.99483
0.99483
0.60214
0.11781
1.153
3.2845
1.7137
1.7137
1.9493
0.48651
0.061086
0.0043633
0.0043633
-0.030543
-0.029452
0.0054541
-0.0021817
0.031634
0.031634
0.01309
-0.0043633
0.040361
-0.011999
-0.011999
0.035997
-0.011999
0.018544
-0.0043633
-0.034906
-0.034906
-0.086175
-0.10145
-0.099265
0.0043633
0.056723
0.056723
0.032725
-0.0043633
-0.018544
-0.033816
-0.080721
-0.080721
-0.053451
-0.02618
0.010908
0.06545
0.082903
0.082903
0.040361
0.05236
0.054541
0.053451
-0.01309
-0.01309
-0.13417
-0.1898
-0.053451
0.041451
0.071995
0.071995
0.068722
0.021817
0.022907
0.030543
0.021817
0.021817
0.02618
0.010908
0.006545
0.0032725
0.011999
0.011999
0.023998
0.025089
0.014181
-0.006545
-0.045815
-0.045815
-0.035997
0.043633
0.25853
0.15272
0.073085
0.073085
0.30761
0.50723
0.41888
-1.5282
-3.1198
-3.1198
-1.5435
-1.7006
-1.6395
-1.9231
-1.9231
-0.12872
-0.1549
-0.0054541
1.0036
0.88684
0.88684
1.7868
0.80503
1.934
3.2528
1.4115
1.4115
0.93048
-0.047996
0
-0.016362
-0.040361
-0.040361
-0.075267
0.0043633
0.017453
0.089448
0.028361
0.028361
0.054541
0.033816
0.043633
-0.014181
-0.014181
0.037088
-0.069813
-0.037088
-0.063268
-0.10363
-0.11345
-0.11345
-0.16362
0.014181
0.028361
-0.0021817
-0.0021817
-0.021817
-0.038179
-0.032725
-0.03927
-0.01309
-0.01309
-0.027271
0.13853
0.23671
0.10472
0.17235
0.17235
0.11017
0.069813
0.033816
0.010908
-0.18108
-0.18108
-0.19417
-0.19308
-0.0021817
0.028361
-0.030543
-0.030543
-0.17017
-0.030543
-0.0076358
0.11017
0.074176
0.074176
0.06545
0.062177
0.017453
-0.080721
-0.054541
-0.054541
0.06654
0.029452
0.037088
0.028361
0.030543
0.030543
-0.09272
-0.017453
0.14726
0.14617
0.37306
0.34143
0.061086
0.033816
-1.3723
-1.8893
-1.8893
-2.6191
-1.1246
-1.5479
-1.9559
-1.273
-1.273
-1.4344
-0.44506
-0.24216
0.68613
1.4726
0.95011
2.3736
1.9035
3.4187
1.9089
1.9089
0.7494
-0.2138
-0.0043633
0.0043633
-0.016362
-0.016362
-0.06654
0.027271
0.030543
0.02618
0.043633
0.043633
0.054541
0.047996
0.07854
0.011999
0.014181
-0.03927
-0.03927
-0.011999
-0.030543
-0.091629
-0.098174
-0.16144
-0.17126
-0.031634
-0.011999
-0.029452
0.006545
0.006545
-0.022907
-0.047996
-0.027271
-0.021817
-0.02618
-0.02618
0.051269
0.14944
0.14726
0.047996
0.050178
0.0021817
0.0021817
0.073085
-0.041451
-0.12981
-0.1069
-0.18326
0
0.059995
0.011999
0.011999
0.011999
0.069813
0.069813
0.0054541
0.085084
0.054541
0.054541
-0.10581
-0.042542
0.081812
0.015272
0.07963
0.010908
-0.031634
-0.032725
-0.032725
-0.082903
0.14508
0.1429
0.29452
0.53669
0.4516
0.38179
0.38179
-0.80067
-3.051
-1.597
-2.0584
-1.1388
-1.1388
-1.7595
-1.8217
-0.78321
-0.4516
-0.40688
0.50069
0.73958
1.4213
1.2752
2.1522
2.1522
2.3944
2.3922
1.7879
-0.074176
0.086175
0.086175
0.025089
-0.070904
-0.090539
0.0032725
0.040361
0.040361
0.057814
0.03927
0.034906
0.010908
0.11563
0.11563
-0.0021817
-0.020726
0.0076358
-0.040361
-0.071995
-0.071995
-0.061086
-0.086175
-0.16799
-0.1669
-0.0032725
-0.0032725
-0.0021817
-0.028361
-0.027271
-0.044724
-0.030543
-0.030543
0.0010908
0.0087266
-0.023998
0.071995
0.15817
0.15817
0.16799
0.057814
0.07963
0.0054541
0.10254
0.10254
-0.091629
-0.16253
-0.1898
-0.14835
0.0021817
0.0021817
0.041451
0.070904
-0.0076358
-0.028361
0.057814
0.057814
-0.006545
0.056723
0.12545
-0.11999
0
-0.023998
-0.051269
0.047996
-0.029452
0.015272
0.015272
0.07963
-0.0054541
-0.07963
0.087266
0.23889
0.23889
0.29998
0.62941
0.69486
0.43742
-1.3068
-1.3068
-2.774
-1.3155
-1.2512
-1.0396
-1.2185
-1.2185
-1.1715
-0.71667
-0.7614
-0.67195
-0.50833
0.56287
0.82576
0.94575
1.5086
1.5086
2.0377
4.1408
0.25853
1.1705
-0.25307
0
0
-0.01309
-0.022907
-0.062177
0.019635
-0.0087266
-0.0087266
0.034906
0.035997
0.0032725
0.068722
0.040361
0.040361
0.0032725
-0.016362
-0.02618
-0.073085
-0.055632
-0.087266
-0.16362
-0.16144
-0.0087266
0.029452
0.029452
0.010908
-0.0098174
-0.045815
-0.040361
-0.045815
-0.045815
-0.03927
-0.0021817
0.081812
0.1549
0.087266
0.087266
0.018544
0.0010908
0.083994
0.083994
-0.029452
-0.099265
-0.18762
-0.17017
-0.0021817
0.020726
0.020726
0.16799
0.11999
-0.037088
-0.06654
-0.03927
-0.03927
0.046906
0.056723
-0.0043633
0.0032725
-0.063268
-0.063268
-0.046906
-0.0076358
-0.033816
0.071995
0.035997
0.035997
0.0054541
0.091629
0.16799
0.15926
0.15926
0.52796
0.70904
0.75703
-0.29343
-1.958
-1.958
-0.77231
-0.89121
-0.61523
-1.2741
-0.67304
-0.67304
-0.65013
-0.44833
-0.56178
-0.4756
0.77558
0.77558
0.058905
0.32398
1.5337
0.73631
3.0892
0.30434
-0.47342
-0.12763
0.16581
0.0010908
0.0010908
-0.027271
-0.14072
-0.088357
0.011999
0.098174
0.098174
0.019635
0.02618
0.093811
0.15708
0.15708
0.01309
-0.021817
0.014181
-0.011999
0.023998
0.022907
-0.015272
0.034906
0.0054541
-0.019635
0.015272
-0.02618
-0.086175
-0.11563
-0.090539
-0.027271
-0.055632
-0.030543
-0.054541
-0.051269
-0.051269
-0.033816
-0.006545
0.006545
0.019635
0.034906
0.034906
0.019635
-0.0054541
-0.0032725
0.0032725
0.018544
0.018544
0.011999
0.032725
0.025089
0.027271
0.027271
0.027271
0.022907
0.023998
0.020726
0.011999
0.011999
0
0.0021817
0.006545
0.0021817
-0.006545
-0.011999
-0.018544
-0.0054541
-0.011999
-0.011999
-0.020726
-0.014181
-0.010908
-0.016362
-0.0098174
-0.0043633
-0.0043633
-0.0054541
-0.01309
-0.011999
-0.0032725
-0.0032725
0.010908
0.0032725
-0.006545
0.0032725
0.0076358
0.0032725
-0.0054541
-0.0043633
0.0087266
0.010908
0.017453
0.006545
0.0087266
0.0076358
-0.0054541
0.0043633
0
0.0032725
0.0032725
-0.0021817
0.0054541
0
0.0043633
-0.0076358
-0.01309
-0.006545
-0.0021817
-0.0010908
0.0010908
-0.0054541
-0.0054541
-0.0076358
0.0032725
0
-0.006545
-0.0076358
-0.0010908
0.0054541
0.0032725
-0.0032725
0
-0.0043633
0.0032725
0.0054541
0.0021817
-0.0043633
0.0076358
-0.0010908
-0.0010908
-0.0043633
-0.0021817
0.006545
0.0010908
0.0021817
0
0.0043633
0.0043633
0.0054541
0.0054541
0.0043633
0.0010908
0.0010908
-0.0021817
-0.0032725
0.0010908
0.0021817
0.0032725
0.0032725
-0.0032725
-0.0032725
-0.0010908
0
0
0
0
-0.0054541
-0.0032725
-0.0021817
-0.0043633
0.0021817
-0.0021817
0.0010908
-0.0010908
-0.0032725
-0.0021817
-0.0010908
0.0010908
0.0032725
0.0043633
0.0021817
0.0021817
0.0021817
0.0021817
0.0032725
0.0032725
-0.0010908
-0.0010908
0
-0.0021817
-0.0021817
-0.0043633
0
-0.0043633
0
0.0021817
0.0098174
0.014181
-0.006545
-0.0010908
-0.0032725
-0.0032725
0
0
-0.0043633
-0.0010908
0
-0.0010908
0.0043633
0.0032725
-0.0054541
-0.0010908
0.0010908
0
0
0.0010908
-0.0010908
-0.0021817
-0.0021817
0.0021817
0.0010908
-0.0010908
-0.0010908
-0.0010908
-0.0010908
0
-0.0021817
-0.0032725
-0.0010908
-0.0010908
-0.0010908
-0.0043633
-0.0021817
-0.0021817
-0.0021817
-0.0043633
-0.0010908
0
0.0021817
0.0021817
-0.0010908
-0.0010908
0.0043633
0.0010908
0.0010908
0.0021817
0.0032725
-0.0010908
0.0010908
0.0010908
-0.0021817
-0.0010908
-0.0010908
-0.0010908
-0.0032725
-0.0032725
-0.0032725
-0.0010908
-0.0043633
-0.0032725
-0.0010908
-0.0021817
-0.0010908
-0.0010908
-0.0021817
-0.0021817
-0.0010908
0.0010908
0.0010908
0.0010908
0.0054541
0
0.0010908
0
0
-0.0010908
-0.0032725
0
-0.0010908
0.0010908
0
-0.0010908
-0.0032725
-0.0021817
-0.0021817
0
-0.0054541
-0.0076358
-0.0043633
0.0021817
0
-0.0010908
0
0
0
0
0
-0.0021817
-0.0010908
-0.0010908
0.0010908
0
0.0010908
0.0021817
0.0021817
0.0010908
-0.0010908
0.0021817
0.0021817
0.0010908
0.0021817
0.0010908
0.0032725
0.0021817
0.0021817
0
-0.0010908
0.0010908
0
0
0.0010908
0.0010908
0.0043633
0.0021817
0.0021817
0.0010908
0.0010908
-0.0010908
-0.0010908
-0.0010908
0.0010908
-0.0021817
0
0.0032725
0.0032725
-0.0021817
0.0021817
-0.0010908
0.0010908
0.0010908
-0.0010908
0
0
0.0032725
0.0032725
0.0010908
0.0010908
0.0010908
0
0
0.0010908
0
-0.0010908
-0.0021817
-0.0021817
-0.0010908
-0.0010908
-0.0043633
-0.0021817
-0.0021817
-0.0054541
-0.0010908
0
0
0
0.0021817
-0.0021817
-0.0010908
-0.0032725
-0.0032725
0
-0.0010908
0.0010908
0.0010908
0.0010908
0
0
-0.0032725
-0.0032725
-0.0032725
-0.0098174
-0.0098174
-0.0098174
-0.0098174
-0.020726
-0.023998
-0.0043633
-0.0098174
-0.010908
-0.022907
-0.0098174
-0.020726
-0.010908
-0.0098174
0.019635
0.0098174
-0.011999
-0.025089
-0.025089
0.006545
0.01309
0
0.014181
-0.011999
-0.022907
0.0076358
0.033816
0.033816
0.0043633
0.030543
0.016362
0.029452
0.11236
0.10254
0.054541
0.031634
0.22689
-0.19635
0.51596
0.78649
0.15817
0.077449
0.43306
0.035997
-0.58468
-0.1549
-0.96974
-0.64032
-0.73631
0.11017
-1.2894
-0.23562
0.071995
-0.45815
3.2681
-0.86503
-0.023998
-0.0098174
0.10472
0.19853
0.083994
-0.10581
-0.090539
-0.13853
-0.037088
0.076358
0.046906
0.089448
-0.016362
-0.20289
-0.12217
-0.1069
-0.17235
0.042542
0.042542
-0.022907
0.032725
0.22471
0.29561
0.033816
-0.11781
-0.0021817
0.0032725
-0.011999
-0.022907
-0.0098174
0.0087266
0.040361
0.020726
-0.010908
-0.028361
-0.010908
-0.031634
-0.086175
-0.076358
-0.10363
-0.011999
0.01309
-0.043633
0.071995
0.23671
0.2967
0.2967
-0.019635
-0.05236
-0.015272
0.0032725
-0.006545
0.042542
0.070904
0.03927
-0.0043633
-0.0043633
0.049087
0.042542
0.071995
0.064359
0.040361
0.040361
0.010908
0.031634
0.034906
0.042542
0.089448
-0.022907
-0.022907
0.0010908
0.093811
0.18871
0.28689
2.1762
0.93266
1.1661
0.74285
-0.29561
-0.29561
-0.023998
-1.105
-0.84539
-1.1017
-2.0977
-2.0977
-1.6657
-1.6657
-1.153
2.8929
-0.43415
-0.0010908
-0.0010908
0.050178
-0.0098174
-0.016362
-0.0032725
-0.0043633
-0.0043633
-0.061086
-0.4167
-0.23889
-0.20726
-0.35016
-0.43088
-0.48105
-0.39597
-0.39597
-0.086175
-0.0021817
0.12217
0.29234
0.53778
0.53778
0.67086
0.59777
0.47887
-0.1189
-0.035997
-0.035997
-0.034906
0.017453
0.023998
0.011999
0.043633
0.043633
0.089448
0.028361
-0.02618
-0.10036
-0.083994
-0.083994
0.0098174
0.014181
-0.023998
-0.10145
-0.10472
-0.027271
0.011999
0.10472
0.11563
0.13199
0.13199
0.083994
-0.0087266
-0.061086
-0.017453
0.035997
0.035997
0.050178
0.016362
0.011999
-0.0032725
0.0098174
0.0098174
-0.006545
0.0010908
0.0076358
-0.034906
-0.033816
-0.033816
0.24762
0.10254
-0.043633
0.098174
0.038179
0.038179
0.059995
1.0145
1.5937
0.28689
0.89121
0.89121
-0.63704
-0.35125
-1.2065
-0.92066
-1.7399
-1.7399
-1.1803
-0.82576
-0.72322
-1.2185
-1.1116
0.1898
0.1898
-0.13853
3.5921
-0.66868
1.5261
0.13635
-0.094902
-0.18653
-0.27271
-0.0010908
-0.0010908
-0.11126
-0.051269
-0.14617
-0.35561
-0.20835
-0.20835
-0.39597
-0.16471
-0.17671
0.064359
0.027271
0.027271
0.10363
0.17344
0.44178
0.56178
0.61632
0.61632
0.83012
0.15381
-0.13417
-0.020726
0.014181
0.014181
0.03927
0.027271
0.022907
0.056723
0.0054541
0.0054541
-0.067631
-0.055632
-0.0021817
-0.027271
-0.027271
0.017453
-0.030543
-0.091629
-0.14944
-0.02618
-0.0010908
-0.0010908
0.0076358
0.25853
0.35452
0.10581
0.10581
0.087266
0.015272
-0.1309
0.047996
-0.027271
-0.027271
0.0010908
-0.17126
0.006545
0.006545
0.044724
0.18762
0.12435
0.029452
0.027271
-0.016362
-0.016362
0.073085
0.069813
0.041451
-0.0098174
-0.023998
-0.023998
0.014181
0.2018
0.39815
1.9613
0.64686
1.3035
0.062177
-0.62941
-0.47342
-1.1083
-0.89339
-0.72976
-1.5948
-1.7322
-1.1312
-1.1312
-0.70795
-0.35125
3.3914
-0.25416
1.2915
1.2915
0.015272
-0.01309
-0.054541
-0.13417
-0.13417
-0.057814
-0.18871
-0.43633
-0.33161
-0.35888
-0.35888
-0.2018
-0.21271
-0.12435
-0.12326
0.051269
0.051269
-0.05236
0.20726
0.19308
0.44942
0.83557
0.83557
0.46469
-0.0021817
-0.044724
0.0010908
-0.0043633
0.017453
0.041451
0.010908
0.040361
0.0021817
0.0021817
-0.016362
-0.019635
-0.0098174
0.011999
0.011999
-0.027271
-0.083994
-0.18435
-0.080721
-0.01309
0.057814
0.064359
0.1778
0.2858
0.15053
0.15053
0.019635
-0.077449
-0.10363
-0.0010908
0.0087266
-0.014181
-0.014181
0.01309
0.006545
0.037088
0.037088
0.046906
0.015272
0.018544
-0.027271
0.12326
0.11781
0.038179
-0.073085
-0.17671
0.26834
0.26834
0.18544
0.68177
0.61195
0.61195
1.7868
0.35888
-0.27052
-0.86284
-0.86284
-1.6941
-0.96429
-1.6613
-1.9635
-0.49414
0.041451
2.6311
0.019635
1.513
-0.33052
-0.33052
0.11454
-0.13963
0.018544
0.018544
-0.044724
-0.089448
-0.31852
-0.48215
-0.51705
-0.51705
-0.23016
-0.1549
0.067631
0.046906
0.1309
0.22144
0.51051
0.57923
0.70249
0.4516
-0.091629
-0.047996
-0.016362
0.0098174
0.0098174
0.046906
0.070904
0.029452
-0.03927
-0.03927
-0.035997
-0.027271
-0.0010908
-0.0010908
-0.037088
-0.067631
-0.15053
-0.033816
0.019635
0.019635
0.1309
0.19417
0.18435
0.14508
0.14508
-0.14181
-0.011999
-0.015272
0.0032725
0.0032725
0.01309
0.022907
0.029452
0.0043633
0.0043633
0.0054541
0.010908
0.06654
0.21271
0.21271
0.018544
0.014181
0.059995
0.059995
0.26725
0.4047
1.9231
1.2686
0.34688
0.34688
-0.098174
-0.19308
-1.4017
-1.4017
-0.66759
-1.2621
-1.6842
-0.44615
-1.3821
-1.3821
3.4754
-0.050178
-0.087266
-0.087266
0.016362
-0.075267
-0.21053
-0.033816
-0.033816
-0.11454
-0.22689
-0.37743
-0.47778
-0.31416
-0.18653
-0.18653
-0.35888
0.064359
0.12217
0.30761
0.30761
0.58032
0.50833
0.50833
0.44397
0.022907
-0.018544
-0.014181
-0.014181
0.05236
0.021817
0.021817
-0.034906
-0.063268
-0.063268
-0.020726
-0.020726
-0.053451
-0.053451
-0.053451
-0.015272
0.0087266
0.082903
0.18653
0.18653
0.35125
0.13526
-0.040361
-0.040361
-0.17126
-0.0054541
-0.049087
-0.0098174
-0.0098174
-0.020726
0.0010908
0.051269
0.062177
0.062177
0.019635
-0.037088
0.03927
-0.0021817
-0.0021817
0.0098174
-0.14726
0.11781
0.24762
0.24762
1.6602
0.32288
1.2228
0.056723
0.056723
-0.29016
-0.6185
-1.5392
-0.67086
-0.67086
-1.9482
-1.3668
-0.6065
1.4857
1.0756
1.0766
1.0766
1.0286
-0.1669
-0.1669
-0.30325
-0.23235
0.025089
-0.21489
-0.21489
-0.17344
-0.41015
-0.29452
-0.30761
-0.27162
-0.089448
-0.13853
0.14944
0
0.26071
0.56178
0.50614
0.71013
0.51378
0.01309
0.0054541
-0.022907
0.02618
0.016362
0.016362
0.020726
-0.0010908
-0.023998
-0.016362
-0.016362
-0.01309
0
-0.023998
-0.033816
-0.086175
-0.15272
-0.13199
0.046906
0.11999
0.11999
0.34143
0.24216
-0.0043633
-0.16471
-0.13853
0
0.054541
0.056723
-0.034906
-0.0043633
0.0054541
-0.02618
0.03927
0.030543
0.033816
0.045815
0.051269
0.14944
0.098174
-0.019635
-0.13417
0.081812
0.10254
0.35779
0.21817
1.0603
1.0603
0.65341
-0.2967
-0.15162
-0.73085
-1.429
-1.2752
-0.53014
-1.441
-0.99483
-0.95556
-0.94575
0.30325
3.2539
-0.10908
1.0603
-0.10254
0.073085
-0.38179
-0.17562
-0.018544
0.0076358
-0.23126
-0.19635
-0.29016
-0.46251
-0.23671
-0.44942
0.10363
0.040361
0.040361
-0.015272
0.090539
0.45815
0.71995
0.71995
0.49524
0.087266
-0.041451
-0.01309
-0.01309
0.010908
0.0087266
0.0087266
0.032725
0.0032725
-0.030543
-0.07854
-0.019635
0.0076358
0.0021817
-0.056723
-0.086175
-0.14944
-0.09272
-0.006545
-0.006545
0.015272
0.10363
0.22035
0.36652
0.014181
-0.10145
-0.17235
0.017453
0.043633
0.020726
0.006545
-0.053451
-0.0098174
0.01309
0.058905
0.05236
0.055632
0.041451
-0.0098174
0.1549
0.10581
0.040361
0.0043633
-0.16908
0.19526
0.18435
0.7854
1.0897
0.52032
2.0049
-0.7134
-0.21707
-0.2978
-0.84866
-1.4181
-0.56287
-1.3188
-1.2021
-1.6504
-0.71776
-0.24435
3.3401
-0.2258
1.1475
-0.10254
-0.0054541
-0.0054541
0.034906
-0.20617
-0.051269
0.023998
-0.12872
-0.38506
-0.38397
-0.42215
-0.29343
-0.33925
-0.10908
-0.13417
0.05236
0.0043633
0.19089
0.36652
0.47996
0.65995
0.45487
0.45487
0.049087
-0.028361
0.0021817
0
0.0076358
0.016362
0.029452
0.021817
-0.006545
-0.016362
-0.038179
-0.015272
-0.0098174
-0.0098174
-0.080721
-0.080721
-0.071995
-0.14835
-0.095993
-0.035997
0.0098174
0.0098174
0.098174
0.18108
0.29125
0.14944
-0.034906
-0.034906
-0.1429
-0.099265
0.016362
0.046906
0.020726
-0.090539
-0.021817
0.0098174
0.0010908
0.0010908
0.050178
0.073085
0.086175
0.043633
0.11672
0.090539
0.090539
0.050178
-0.06654
-0.015272
0.091629
0.13853
0.13853
0.84648
0.89121
0.81157
1.3144
-0.0054541
-0.0054541
0.20508
-0.69377
-0.64686
-1.4868
-0.68831
-0.68831
-1.3461
-1.4312
-0.57487
-1.7759
-0.43742
-0.43742
2.9998
-0.20835
1.8904
-0.18544
-0.058905
-0.058905
0.062177
-0.11454
-0.081812
-0.022907
-0.1189
-0.1189
-0.23889
-0.32616
-0.40033
-0.35452
-0.26725
-0.26725
-0.20289
-0.040361
0.020726
0.038179
0.10145
0.3447
0.52687
0.47124
0.59014
0.59014
0.059995
-0.031634
-0.022907
-0.011999
0
0.019635
0.019635
0.028361
0.019635
0.028361
-0.046906
-0.075267
-0.075267
-0.0021817
-0.034906
-0.037088
-0.056723
-0.057814
-0.088357
-0.11672
-0.018544
0.006545
0.15272
0.15272
0.12435
0.18217
0.23671
0.11454
0.11454
-0.2378
-0.11454
-0.056723
0.015272
0.019635
-0.09272
-0.09272
0.027271
0.027271
0.025089
0.025089
0.099265
0.099265
-0.020726
0.14726
0.14508
0.03927
-0.01309
-0.13963
0.09272
0.22362
0.39924
0.39924
1.6581
0.19199
0.78321
0.51596
-0.41997
0.055632
0.055632
-0.80067
-1.6144
-0.71667
-1.0254
-1.9024
-0.66868
-0.85194
-1.1715
-1.1715
2.7162
1.2741
0.73631
0.46906
-0.12545
0.049087
-0.049087
-0.049087
-0.12217
-0.0032725
-0.014181
-0.081812
-0.31852
-0.31852
-0.46469
-0.37634
-0.37415
-0.14399
-0.11126
-0.018544
0.10799
0.21053
0.18544
0.42979
0.60541
0.60541
0.32398
0.1309
-0.14399
0.01309
-0.0032725
0.0010908
0.031634
0.031634
0.051269
0.051269
0.011999
-0.029452
-0.064359
0.016362
-0.016362
-0.067631
-0.058905
-0.06654
-0.12545
-0.095993
-0.095993
-0.029452
0.025089
0.059995
0.12217
0.20944
0.20944
0.30107
0.13199
-0.15053
-0.098174
-0.12326
-0.018544
-0.017453
-0.099265
-0.099265
-0.0087266
-0.0010908
0.07854
0.028361
0.059995
0.064359
-0.020726
0.059995
0.059995
0.23453
0.0043633
0.0076358
-0.070904
0.025089
0.17453
0.27489
1.4552
-0.073085
1.0406
1.0406
0.99156
-0.30761
0.35779
-0.7374
-1.5173
-0.63595
-1.4672
-1.2588
-1.7879
-0.94029
-0.76249
1.5555
2.1304
0.92175
0.31852
0
0.042542
0.042542
-0.044724
0.0032725
-0.020726
-0.020726
-0.10036
-0.24216
-0.35016
-0.48542
-0.29016
-0.26289
-0.15708
-0.13635
0.0076358
0.07854
0.24107
0.4156
0.59995
0.45378
0.3327
-0.031634
-0.031634
-0.0098174
-0.0021817
0
0.014181
0.014181
0.045815
-0.088357
-0.088357
-0.088357
-0.050178
0.0098174
-0.055632
-0.051269
-0.051269
-0.15272
-0.017453
-0.011999
0.015272
0.10581
0.10581
0.31525
0.15817
-0.16799
-0.26725
-0.26725
-0.0032725
0.0054541
-0.067631
-0.074176
-0.074176
0.068722
0.050178
0.10581
0.069813
0.069813
0.0032725
0.23453
0.068722
-0.017453
-0.017453
0.15708
0.15926
0.30216
0.30216
1.6624
0.84321
0.80939
-0.33707
-0.098174
-0.098174
-1.4333
-1.2152
-0.78976
-0.78976
-1.5086
-0.89775
-0.55414
-0.0087266
2.6114
2.6114
1.6941
0.046906
0.15817
0.15817
-0.36325
-0.15053
0.038179
-0.29452
-0.20071
-0.20071
-0.42324
-0.40142
-0.24762
-0.24762
-0.11126
0.05236
0.02618
0.17235
0.17235
0.2618
0.4756
0.4756
0.58686
0.58686
-0.073085
-0.031634
0.01309
0.062177
0.056723
0.056723
-0.02618
-0.02618
-0.062177
-0.062177
-0.071995
-0.0076358
-0.095993
-0.10799
-0.10799
-0.045815
-0.0098174
-0.015272
0.07963
0.2738
0.2738
0.10363
0.10363
-0.0032725
-0.0032725
-0.018544
0.067631
-0.062177
-0.11563
-0.11563
0.0010908
0.1189
0.10581
0.062177
0.062177
-0.0087266
0.16253
0.16253
0.09272
0.045815
0.0043633
0.053451
0.29125
0.29125
1.7377
-0.5585
1.5828
-0.15599
-0.15599
-0.16908
-0.54759
-1.681
-1.681
-0.37415
-1.1137
-1.8719
-0.87375
-0.87375
-0.59668
3.7241
-0.55087
-0.29125
-0.29125
-0.10254
-0.17453
-0.095993
0.06654
0.06654
-0.33379
-0.16144
-0.39161
-0.22689
-0.22689
-0.45378
-0.16581
-0.035997
0.083994
0.083994
0.25089
0.39706
0.51923
0.56614
0.56614
0.50942
-0.049087
-0.044724
-0.006545
-0.006545
0.03927
0.02618
0.068722
-0.12763
-0.12763
-0.12654
-0.0032725
-0.019635
-0.085084
-0.085084
-0.054541
-0.011999
0
-0.0010908
-0.0043633
0.094902
0.094902
0.26507
0.38943
-0.11236
-0.11236
-0.086175
-0.06654
-0.077449
0.068722
-0.019635
-0.1189
-0.045815
0.031634
0.086175
0.12326
0.12326
0.10363
-0.022907
-0.074176
0.10145
0.12981
0.12981
0.041451
0.034906
-0.06545
0.20617
0.20617
1.7257
1.7257
-0.26071
1.2065
-0.45378
-0.45378
0.34252
0.34252
-0.67304
-0.8683
-0.8683
-2.4162
-0.63922
-1.6493
-0.35016
1.7388
1.7388
1.3374
0.95447
0.8563
-0.13526
-0.045815
-0.045815
-0.1069
-0.18871
0.0054541
-0.062177
-0.14181
-0.26071
-0.48869
-0.34143
-0.10799
-0.10799
-0.10581
0.027271
0.064359
0.23889
0.22907
0.22907
0.51269
0.51596
0.034906
-0.049087
-0.049087
-0.025089
-0.0043633
0.0043633
0.023998
0.014181
0.0021817
0.0021817
0.0021817
-0.021817
-0.029452
-0.029452
0.01309
0.020726
0.018544
0.043633
-0.010908
-0.010908
-0.10145
-0.2018
-0.062177
0.12654
0.44724
0.44724
0.45051
0.15381
-0.24653
-0.10799
-0.11017
-0.11017
-0.16253
-0.062177
-0.019635
0.050178
-0.037088
-0.037088
-0.12981
-0.051269
-0.019635
0.006545
0.022907
0.022907
0.023998
0.037088
0.046906
0.076358
0.023998
0.023998
-0.042542
-0.042542
-0.074176
0.042542
0.0098174
0.022907
0.022907
-0.032725
-0.0098174
-0.0098174
-0.029452
-0.042542
0.011999
0.041451
0.040361
0.040361
0.038179
0.014181
0.01309
-0.0021817
0.0076358
0.0076358
-0.016362
-0.016362
-0.01309
-0.025089
-0.025089
-0.027271
-0.027271
-0.0054541
0.006545
0.0010908
-0.021817
-0.006545
0
0.0010908
0.0010908
0.0043633
0.0010908
-0.0076358
-0.0054541
-0.0054541
-0.0076358
-0.0021817
0
0.0021817
0.0021817
0.0021817
-0.0021817
0
0.011999
0.011999
-0.0032725
-0.0087266
-0.0076358
0.0010908
0.0010908
-0.0032725
0
0
0.0010908
-0.0010908
-0.0010908
0.0010908
-0.0021817
0.0010908
0.0010908
-0.0010908
0.0010908
0
0
0.0021817
0.0021817
0.0076358
0.0054541
-0.0032725
-0.0021817
-0.0021817
-0.0043633
-0.0054541
-0.0010908
0.0043633
0.0010908
-0.0010908
0.0010908
0
-0.0021817
-0.0010908
-0.0010908
-0.0021817
-0.0032725
0.0010908
-0.0032725
-0.0021817
0
-0.0010908
0
0.0010908
0
0
0
0
-0.0021817
0
0
0
0.0010908
-0.0032725
0
-0.0021817
-0.0010908
0.0021817
-0.0010908
0
-0.0010908
0
-0.0010908
0.0010908
-0.0010908
0.0021817
0
-0.0010908
0
0.0021817
0.0010908
0.0010908
0.0010908
-0.0010908
-0.0010908
-0.0010908
-0.0010908
-0.0010908
-0.0032725
0
0.0010908
0
0
0.0021817
-0.0010908
-0.0021817
-0.0021817
-0.0043633
-0.0010908
-0.0010908
-0.0010908
-0.0021817
0.0010908
0
0.0010908
-0.0021817
-0.0021817
0.0010908
-0.0010908
-0.0021817
0
-0.0010908
0
-0.0021817
0
0.0021817
0.0032725
-0.0010908
0.0010908
0.0021817
0.0021817
0.0021817
0.0010908
-0.0010908
0
-0.0010908
0.0010908
0
0.0021817
0.0010908
-0.0032725
-0.0021817
-0.0010908
0.0010908
0
0
0
0.0021817
0
0.0021817
0.0010908
0.0010908
-0.0010908
0
0.0010908
0
0
0.0021817
0.0032725
0.0021817
-0.0010908
0.0010908
0.0010908
0
0
0
0
0.0032725
0
0.0021817
0.0021817
0
0.0032725
-0.0021817
0
0
0
0
-0.0010908
-0.0021817
-0.0032725
-0.0010908
0.0010908
-0.0021817
-0.0010908
-0.0032725
-0.0021817
0.0032725
0.0032725
0.0032725
0.0010908
0.0021817
0.0021817
0.0010908
0
-0.0032725
0
0
0
0
0.0010908
-0.0010908
-0.0021817
-0.0010908
-0.0010908
-0.0010908
0.0010908
0.0021817
-0.006545
-0.0054541
0.0054541
0.0010908
0.0010908
0.0043633
-0.0021817
-0.0021817
-0.0021817
0
0
0.0043633
0.0010908
0.059995
0.035997
0.10908
-0.081812
-0.081812
-0.47124
-0.41888
0.64686
0.25853
-0.11236
0.23453
0.23453
-0.25198
0.13635
-0.13308
-0.50287
-0.50287
-0.19417
0.027271
-0.75158
-0.32179
0.33925
-0.9152
-0.9152
0.83885
0.07963
1.5708
-0.36325
-0.36325
-0.055632
-0.28252
0.16581
0.20617
0.0021817
-0.011999
-0.011999
0.019635
-0.21817
-0.17453
0.040361
0.10908
0.10908
0.070904
0.027271
0.027271
-0.11781
-0.1429
-0.09272
-0.09272
-0.07963
0.040361
0.31089
0.20071
-0.17562
-0.17562
-0.082903
-0.068722
-0.053451
-0.050178
-0.047996
-0.047996
-0.006545
-0.0076358
-0.0010908
0.0054541
0.0032725
-0.0054541
0.018544
0.018544
0.023998
0.014181
0.023998
0.019635
0.028361
0.015272
-0.025089
-0.056723
-0.056723
0.32288
0.48324
0.0043633
-0.36652
-0.17235
-0.068722
-0.068722
-0.018544
-0.031634
-0.07854
-0.10908
-0.018544
0.13853
0.13853
0.12763
0.019635
0.016362
-0.064359
-0.006545
0.037088
0.089448
0.099265
0.099265
0.15272
0.0043633
0.13963
0.8203
1.1345
-1.4923
-1.4923
-0.80721
-0.64359
-0.62504
-0.79085
-2.2853
-2.2853
-1.2839
-1.3603
-1.0352
0.92284
-0.031634
1.5893
0.85521
1.1857
3.1536
0.049087
0.049087
0.034906
0.10036
-0.01309
0.064359
-0.13526
-0.13526
0.029452
-0.057814
0.051269
-0.0098174
-0.20508
-0.20508
-0.35452
-0.43633
-0.15053
-0.31525
-0.28798
-0.28798
-0.073085
-0.13308
0.017453
0.017453
-0.006545
0.10145
0.56723
0.77667
0.50942
-0.050178
-0.050178
-0.047996
-0.046906
0.043633
0.07963
0.05236
0.05236
0.056723
-0.059995
-0.098174
-0.07854
-0.019635
0.0032725
0.0098174
0.0098174
0.0076358
0.0010908
0.0010908
0.010908
-0.019635
0.0043633
0.021817
-0.0021817
-0.0021817
0.15817
0.021817
-0.0098174
0.015272
-0.047996
-0.047996
-0.10145
-0.042542
0.035997
0.05236
0.046906
0.046906
0.03927
0.0087266
-0.086175
0.020726
0
0
0.074176
0.23453
0.028361
0.028361
0.11672
0.22798
0.22253
-2.2296
-2.4882
-1.6788
-1.6788
-1.0537
-0.66322
-1.4224
-0.43197
0.11672
0.11672
0.16581
0.12872
1.141
1.5555
1.3406
1.3406
1.0319
1.3941
1.4333
0.70031
-0.30216
-0.30216
0.12435
-0.12217
0.18217
0.047996
-0.046906
-0.046906
-0.047996
-0.011999
0.022907
0.0043633
0.053451
0.053451
-0.054541
-0.091629
-0.069813
-0.18871
-0.12654
-0.12654
-0.056723
-0.01309
0.0087266
0.02618
0.27271
0.27271
0.2618
0.015272
0.016362
-0.0021817
-0.022907
-0.022907
-0.018544
-0.033816
0.021817
0.0087266
0.034906
0.034906
-0.0021817
-0.033816
-0.0076358
-0.011999
-0.035997
-0.035997
-0.082903
-0.083994
-0.077449
-0.061086
-0.0010908
0.01309
0.01309
0.011999
0.067631
0.02618
0.02618
0.061086
0.017453
0.042542
0.047996
-0.15381
-0.15381
-0.044724
-0.051269
0.047996
-0.0043633
-0.025089
-0.025089
0.082903
0.0076358
-0.025089
-0.017453
0.032725
0.032725
0.22362
0.17453
0.14399
0.29234
-0.034906
-0.034906
-0.19526
-2.1587
-2.0224
-2.1817
-1.1552
-1.1552
-0.62068
-1.1257
-0.027271
-0.19199
0.40142
0.40142
0.25962
0.77558
2.0158
1.1377
1.2599
1.2599
1.5381
1.5708
0.21598
-0.4996
0.2258
0.2258
-0.22035
0.10799
0.098174
-0.0087266
-0.070904
-0.070904
-0.044724
0.0098174
0.0076358
0.062177
-0.020726
-0.020726
-0.12981
-0.015272
-0.069813
-0.073085
-0.041451
-0.041451
-0.011999
-0.11563
0.099265
0.45597
0.45597
-0.020726
0.0032725
-0.014181
-0.030543
-0.054541
-0.054541
0.0010908
0.0043633
0.015272
0.041451
0.041451
0.027271
-0.051269
0.0032725
-0.010908
-0.029452
-0.07854
-0.07854
-0.067631
-0.090539
-0.082903
-0.016362
-0.006545
-0.0098174
-0.0098174
0.033816
0.016362
0.016362
0.061086
0.0021817
-0.01309
0.093811
-0.10254
-0.10254
-0.029452
-0.059995
-0.0087266
0.020726
0.01309
0.019635
0.019635
0.0010908
-0.0010908
-0.0087266
0.014181
0.19199
0.19199
0.24544
0.045815
0.13417
0.0054541
0.0054541
0.029452
-1.6264
-2.1424
-1.8959
-2.1882
-2.1882
-0.45269
-2.1118
0.36979
-0.30652
-0.083994
-0.083994
0.46142
1.0199
1.9842
1.2621
1.1257
1.1257
2.4293
0.93593
0.65995
-0.22689
-0.095993
-0.095993
0.12654
-0.045815
0.13853
-0.033816
-0.032725
-0.032725
-0.094902
-0.032725
0.051269
0.015272
0.059995
0.059995
-0.059995
-0.14835
-0.1789
-0.18108
-0.020726
-0.020726
0.014181
0.1549
0.0032725
0.28143
0.28143
0.018544
-0.015272
-0.044724
-0.056723
-0.028361
-0.0087266
-0.0032725
-0.0032725
0.037088
0.042542
0.042542
-0.020726
-0.025089
-0.011999
-0.02618
-0.058905
-0.058905
-0.090539
-0.098174
-0.077449
-0.053451
-0.017453
-0.017453
0.0098174
0.0098174
0.035997
0.062177
-0.0087266
-0.0087266
0.0054541
0.0054541
0.016362
-0.093811
-0.059995
0.011999
0.011999
0.028361
-0.011999
0.040361
0.040361
-0.042542
-0.0076358
-0.023998
0.10254
0.25089
0.25089
0.12326
0.0032725
0.067631
0.038179
-0.72431
-0.72431
-1.9918
-1.9089
-1.9286
-1.8511
-1.1694
-1.1694
-0.7963
-1.1694
0.46796
0.79521
0.84975
0.84975
1.9908
1.5872
1.3024
2.3693
1.5893
1.5893
0.40361
-0.17671
-0.24871
-0.0021817
-0.025089
-0.025089
0.2378
-0.076358
-0.070904
-0.13635
-0.087266
-0.087266
0.073085
0.15599
0.030543
-0.018544
-0.050178
-0.050178
-0.094902
-0.20835
-0.05236
0.11672
0.05236
0.05236
0.042542
-0.032725
-0.041451
0.23453
-0.076358
-0.076358
-0.071995
-0.014181
-0.068722
-0.035997
-0.0043633
-0.0043633
0.025089
0.063268
0.056723
0.0043633
-0.0054541
-0.0098174
-0.0098174
-0.033816
-0.073085
-0.089448
-0.089448
-0.068722
-0.051269
-0.019635
0
0.016362
0.016362
0.041451
0.074176
0.07854
-0.030543
-0.01309
-0.01309
0.098174
0.09272
-0.10908
-0.088357
-0.02618
-0.02618
-0.027271
0.07963
0.064359
0.029452
0.01309
0.01309
-0.031634
-0.033816
-0.022907
0.18217
0.058905
0.058905
0.11017
0.047996
0.025089
-0.69922
-1.2195
-1.2195
-2.0377
-1.7977
-1.9918
-1.4508
-1.6101
-1.6101
-1.2915
-0.15053
1.0406
0.82576
2.0028
2.0028
2.2133
1.2937
2.3267
2.2558
0.63268
0.63268
-0.47996
-0.32398
0.11672
0.30325
0.14726
0.14726
0.044724
-0.14944
-0.22035
-0.10472
-0.10472
-0.0021817
0.1669
0.21926
0.058905
-0.01309
-0.01309
-0.087266
-0.03927
-0.09272
0.014181
0.014181
0.014181
-0.038179
-0.032725
-0.050178
0.057814
0.06545
0.06545
-0.046906
-0.073085
-0.019635
-0.045815
-0.049087
-0.049087
-0.015272
0.030543
0.061086
0.043633
-0.033816
-0.033816
-0.061086
-0.071995
-0.10908
-0.06654
-0.06654
-0.10363
-0.034906
0.032725
0.0043633
-0.046906
-0.046906
0.015272
0.20508
0.12326
0.031634
-0.033816
-0.033816
-0.0010908
0.041451
0.097084
-0.076358
0.025089
0.025089
-0.056723
-0.016362
0.10581
0.13853
0.021817
0.021817
-0.05236
-0.058905
0.0021817
-0.050178
0.14399
0.14399
0.10036
0.10472
0.13199
0.22362
-0.0043633
-0.0043633
-1.2926
-1.1137
-1.6264
-1.8555
-2.0977
-2.0977
-1.6439
-1.6657
-1.3973
0.038179
0.6774
0.6774
2.1075
2.0955
1.6733
2.7391
2.7783
2.7783
1.0341
-0.12763
-0.47015
-0.0087266
0.50833
0.50833
0.25198
0.11454
-0.21926
-0.17453
0.044724
0.044724
0.13199
0.18653
-0.076358
-0.11345
0.36106
0.36106
0.15053
-0.017453
0.0021817
-0.015272
0.006545
0.006545
-0.030543
-0.23562
-0.27271
-0.050178
-0.050178
-0.069813
-0.10254
-0.27707
-0.18871
-0.046906
0.018544
0.018544
0.006545
-0.031634
0.014181
0.095993
0.095993
-0.01309
-0.040361
-0.05236
-0.030543
0
0.0043633
0.0043633
0.0043633
-0.0098174
0.0021817
0.0054541
0.1429
0.21817
0.21817
0.12435
-0.070904
-0.016362
-0.098174
-0.098174
-0.01309
0.043633
0.0032725
0.088357
0.088357
0.022907
0.01309
0.010908
0
0.042542
0.042542
0.06654
0.053451
0.037088
-0.030543
-0.01309
-0.01309
-0.0021817
0.091629
0.1309
0.24216
0.19526
0.19526
0.28143
0.38833
-1.7279
-1.3188
-1.3188
-1.2948
-0.97738
-1.621
-1.2555
-1.2108
-0.27925
-0.27925
0.76467
1.7519
1.0439
2.3791
2.7205
2.7205
1.1945
-0.73304
-0.1789
-0.45706
0.16144
0.16144
0.42979
0.086175
0.018544
-0.30543
-0.12435
-0.12435
0.076358
-0.016362
0.098174
0.023998
0.12981
0.12981
0.086175
-0.034906
-0.027271
-0.07854
-0.062177
-0.062177
0.0021817
0.010908
-0.083994
-0.054541
0.13635
0.13635
-0.03927
-0.042542
-0.05236
-0.035997
-0.056723
-0.056723
-0.049087
0.0098174
0.018544
0.037088
0.027271
-0.028361
-0.028361
-0.038179
-0.05236
-0.077449
-0.077449
-0.053451
-0.059995
-0.0087266
0.0076358
0.042542
0.042542
0.10254
0.17562
0.17344
0.030543
-0.011999
-0.011999
-0.045815
-0.068722
0.006545
0.011999
0.055632
0.043633
0.076358
0.076358
0.017453
-0.044724
-0.07854
-0.049087
-0.049087
0.07963
0.035997
0.045815
-0.040361
-0.0010908
0.090539
0.090539
0.076358
0.014181
0.099265
0.50505
0.84757
0.84757
-0.57487
-1.5315
-1.3003
-1.3003
-1.2599
-0.97411
-0.97411
0.022907
0.42651
0.42651
0.55087
1.4224
1.4224
1.2872
1.5992
-0.39706
-0.38397
0.0087266
-0.18326
-0.18326
0.34906
0.17671
0.069813
-0.24653
-0.1069
-0.1069
0.0032725
0.07854
0.056723
-0.11563
-0.24107
-0.24107
0.17126
-0.070904
-0.055632
-0.11126
-0.13199
-0.13199
-0.086175
0.093811
-0.11236
-0.16581
0.34143
0.34143
0.1549
-0.093811
-0.051269
-0.01309
-0.10799
-0.10799
-0.082903
0.0043633
-0.014181
0.032725
0.031634
0.031634
0.022907
0.0010908
-0.022907
-0.041451
-0.045815
0.0087266
0.0087266
0.0054541
0.006545
0.063268
0.13526
0.18871
0.040361
0.017453
-0.006545
-0.05236
-0.05236
-0.015272
-0.006545
0.0043633
-0.0010908
0.070904
0.070904
0.010908
0.073085
0.028361
0.0043633
0.055632
0.018544
0.018544
0.0032725
0.025089
-0.067631
-0.067631
0.027271
0.016362
-0.063268
0.14944
0.39706
0.39706
0.64359
0.21926
-1.0439
-0.40252
-0.53778
-0.53778
-1.3537
-0.75376
-0.40688
-0.35234
-0.36652
-0.36652
1.0886
0.28689
1.4061
0.91193
1.4366
1.4366
-0.82139
0.18435
-0.42979
0.088357
0.29016
0.29016
0.064359
0.0076358
-0.25089
-0.26725
-0.14726
-0.14726
-0.053451
0.018544
0.021817
0.025089
0.061086
0.061086
0.055632
0.018544
-0.061086
-0.06545
-0.068722
-0.068722
-0.10799
-0.099265
-0.17562
-0.20508
-0.20508
-0.19853
-0.15272
-0.12654
-0.014181
0.047996
0.047996
0.053451
0.1898
0.1189
0.07963
0.059995
0.059995
0.053451
0.088357
0.10036
0.15053
0.10363
0.10363
0.071995
0.021817
0.017453
0.015272
0.0010908
0.0054541
0.0054541
-0.0010908
-0.0021817
-0.0032725
-0.0032725
0.0032725
0.0010908
0
0.0021817
0.0021817
0.0098174
0.0032725
0.0032725
0.0010908
0.0054541
0.0010908
-0.006545
-0.0043633
0.0054541
0.0010908
0.0043633
-0.0010908
0
0.0010908
0.0010908
-0.0010908
-0.0010908
0.0032725
0.0043633
-0.0043633
0
-0.0054541
-0.0021817
-0.0087266
-0.0076358
-0.006545
-0.0087266
-0.010908
-0.015272
-0.010908
-0.01309
-0.0087266
-0.0054541
-0.0054541
-0.0054541
-0.0010908
-0.0010908
-0.0021817
-0.0010908
0.0043633
0.006545
0.006545
0.0076358
0.006545
0.0032725
0.0054541
0.0021817
0.006545
0.006545
0.0054541
0.0043633
0.0054541
0.0054541
0.0032725
-0.0010908
0
0
0.0021817
0.0010908
-0.0010908
-0.0021817
-0.0010908
-0.0010908
-0.0010908
-0.0010908
-0.0032725
-0.0021817
0
-0.0032725
-0.006545
-0.0032725
0
0.0032725
-0.0021817
-0.0043633
-0.0010908
-0.0032725
-0.0021817
-0.0043633
0
-0.0021817
-0.0043633
0
0.0010908
0.0021817
0.0032725
0.0032725
0.0032725
0.0010908
0.0021817
0
0
0.0021817
0
0
-0.0010908
0
-0.0021817
0
-0.0043633
-0.0032725
-0.0021817
-0.0021817
-0.0010908
0
-0.0021817
-0.0032725
0.0021817
0.0010908
0.0021817
0.0021817
0
0.0021817
0.0021817
0.0021817
0.0010908
-0.0010908
-0.0010908
-0.0010908
-0.0021817
-0.0010908
0
0.0010908
-0.0021817
-0.0032725
-0.0021817
0
-0.0032725
-0.0021817
-0.0021817
0.0010908
0
-0.0010908
0
-0.0021817
0
0
-0.0010908
0.0010908
-0.0010908
0
0.0010908
-0.0010908
-0.0010908
-0.0021817
0
-0.0032725
-0.0010908
-0.0021817
-0.0021817
0.0010908
0
0.0010908
0.0010908
-0.0010908
0.0043633
0.0010908
0.0021817
-0.0010908
0
-0.0010908
-0.0010908
0.0010908
0
0.0010908
0
-0.0010908
-0.0021817
-0.0032725
0.0010908
0
-0.0010908
0
0.0010908
0
-0.0032725
-0.0021817
-0.0010908
0
0
0.0010908
0.0010908
0.0021817
0.0010908
-0.0032725
-0.0021817
-0.0021817
0
0.0010908
0
0.0010908
-0.0021817
0.0010908
0
0
-0.0021817
-0.0010908
-0.0010908
0.0010908
-0.0010908
-0.0032725
-0.0010908
0.0010908
0
-0.0021817
-0.0010908
0
-0.0043633
-0.0032725
0
0.0021817
-0.0010908
0.0010908
0.0010908
-0.0010908
-0.0010908
-0.0010908
-0.0021817
0
-0.0021817
0.0010908
0.0010908
0.0021817
0
0
-0.0010908
-0.0021817
0
-0.0010908
0
0.0010908
0
0
-0.0010908
-0.0021817
-0.0010908
0
0.0010908
-0.0021817
-0.0010908
0.0021817
0
-0.0010908
-0.0032725
-0.0010908
0.0010908
-0.0010908
-0.0021817
-0.0010908
-0.0021817
-0.0010908
-0.0021817
-0.0010908
0.0021817
0.0010908
-0.0010908
-0.0010908
0.0010908
0
-0.0010908
-0.0021817
-0.0010908
-0.0021817
-0.0010908
0
0
-0.0010908
0
-0.0010908
0.0021817
0.0010908
0
-0.0021817
-0.0021817
0.0021817
0
0.0010908
0.0032725
0
-0.0021817
-0.0010908
-0.0010908
-0.0010908
0
-0.0043633
0.0010908
-0.0010908
0
-0.0010908
-0.0021817
0
0.0010908
-0.0021817
-0.0010908
-0.0010908
-0.0021817
0
0
0
-0.0021817
-0.0032725
0.0010908
0.0021817
0.0010908
0.0010908
0.0010908
0.0032725
-0.0021817
0
0.0032725
0
-0.0010908
0
-0.0021817
-0.0021817
0
-0.0021817
0.0010908
-0.0021817
-0.0021817
-0.0032725
0
0.0010908
-0.0021817
-0.0021817
0.0010908
-0.0010908
0.0021817
0.0010908
0
0.0032725
0.0010908
0
0.0010908
0.0010908
-0.0021817
0.0010908
-0.0010908
-0.0010908
-0.0010908
0.0010908
0
-0.0010908
-0.0010908
-0.0010908
-0.0010908
0
-0.0021817
-0.0021817
-0.0021817
-0.0021817
0.0010908
0
0
0
-0.0010908
0.0010908
-0.0010908
-0.0010908
-0.0010908
-0.0021817
-0.0010908
0.0010908
0.0010908
0.0010908
-0.0021817
0
-0.0010908
0.0043633
0.0043633
-0.0010908
0.0010908
0.0010908
0.0021817
0.0021817
0.0010908
-0.0010908
0.0010908
-0.0010908
-0.0010908
-0.0021817
0
0
-0.0021817
-0.0021817
0
-0.0043633
-0.0021817
0
0
-0.0010908
0.0010908
-0.0010908
0.0021817
0.0021817
0
-0.0010908
0.0010908
0
0
-0.0010908
-0.0010908
-0.0021817
0
0
0.0010908
0
0
0.0010908
-0.0010908
-0.0021817
-0.0021817
-0.0010908
0.0010908
-0.0010908
-0.0010908
0
-0.0010908
-0.0010908
0
-0.0043633
-0.0010908
0
-0.0010908
0
0
-0.0010908
-0.0010908
0.0010908
0
-0.0010908
-0.0010908
-0.0010908
0.0010908
-0.0032725
-0.0021817
-0.0021817
-0.0010908
0
-0.0021817
-0.0054541
0.0010908
-0.015272
-0.017453
0
-0.0054541
-0.01309
-0.011999
-0.011999
-0.021817
-0.0076358
-0.006545
-0.019635
-0.006545
-0.01309
-0.011999
0.0054541
0.0098174
0.0098174
0.0010908
0.053451
0.010908
-0.0087266
0.022907
0.037088
0.0043633
0.006545
0.0021817
0.015272
-0.0043633
0.010908
0.016362
0.045815
0.11999
0.11999
0.056723
0.057814
0.13199
0.11017
0.10472
0.088357
0.088357
0.11345
0.051269
0.061086
0.12981
0.11454
0.11454
0.021817
-0.020726
-0.18871
-0.15053
-0.11236
-0.11236
-0.14399
-0.23235
-0.053451
0.17344
0.075267
0.075267
0.79085
0.95665
-0.38615
0.042542
-0.22253
-0.22253
-0.30979
-0.1669
-0.39488
-0.35561
-0.25853
-0.22144
-0.22144
-0.0087266
-0.054541
-0.19089
-0.077449
-0.055632
-0.055632
0.022907
0.053451
0.12872
0.29016
0.057814
0.018544
0.07963
0.07963
0.22471
0.040361
0.11999
-0.97084
-1.3014
-0.5356
-1.0417
-0.76358
-0.76358
-0.53341
-0.11236
-0.50833
-0.96865
0.86284
0.86284
1.1268
1.4737
0.54323
0.52905
0.89339
-0.063268
0.06545
0.06545
0.081812
-0.018544
-0.12763
0.0021817
0.0076358
-0.025089
-0.049087
-0.053451
-0.053451
-0.073085
-0.14181
-0.36652
-0.29125
-0.17235
-0.17235
-0.42324
-0.068722
-0.19853
-0.054541
0.16799
0.26398
0.26398
0.46796
0.41997
0.11672
0.021817
-0.23998
0.12981
0.074176
0.074176
0.034906
-0.14181
-0.14181
0.11236
0.12872
0.091629
-0.055632
-0.055632
0.030543
0.055632
0.069813
0.019635
0.017453
0.017453
0.21707
0.79412
0.30543
0.11454
0.42651
0.42651
0.040361
0.040361
-0.30325
-0.6065
-0.006545
-0.006545
-0.11999
-0.11999
-0.082903
-0.061086
-0.058905
-0.058905
0.13635
0.25853
0.16144
0.018544
0.083994
0.083994
0.014181
0.13635
0.043633
-0.070904
-0.0021817
-0.0021817
-0.019635
-0.082903
-0.03927
-0.071995
-0.31634
-0.31634
0.47451
-0.67522
-0.96429
-0.13308
-0.6894
-0.6894
-0.25853
-0.92393
0.19308
0.35452
1.0199
1.0199
0.25307
-0.0054541
0.016362
0.093811
0.0076358
0.0076358
-0.19308
-0.11563
-0.068722
-0.047996
0.062177
0.062177
-0.018544
-0.029452
-0.17017
-0.18544
-0.28689
-0.28689
-0.8923
-0.56287
-0.4167
-0.15817
-0.21162
-0.21162
-0.073085
-0.07963
-0.035997
0.11781
0.28361
0.28361
0.41888
0.63486
0.85194
0.41779
-0.033816
-0.033816
0.2858
-0.18108
-0.037088
-0.06545
-0.13308
-0.13308
-0.010908
0.071995
0.057814
0.010908
0.07963
0.07963
0.082903
0.035997
0
0.5116
0.83557
0.83557
-0.020726
0.49633
0.55632
0.098174
0.035997
0.035997
0.12217
-0.57487
-0.61959
-0.51814
-0.14181
-0.14181
0.028361
-0.13308
-0.2498
-0.13744
-0.10581
-0.10581
0.11236
0.22689
0.083994
-0.02618
-0.069813
-0.069813
0.17453
0.13308
-0.086175
-0.086175
-0.057814
-0.057814
-0.006545
0.019635
-0.0076358
-0.25416
-0.032725
-0.032725
-0.059995
0.37852
-0.50614
-0.67631
-0.7614
-0.7614
-0.86393
0.47451
0.93048
0.029452
-0.12981
-0.12981
0.23126
0.3807
0.17126
-0.16471
-0.23671
-0.23671
-0.10908
-0.17126
-0.14181
-0.0021817
-0.12435
-0.12435
0.046906
-0.21926
-0.18435
-0.06654
-0.20726
-0.20726
-0.41342
-0.59886
-0.56723
-0.87048
-0.73849
-0.73849
-0.61959
-0.4047
-0.27598
-0.1789
0.10472
0.10472
0.27816
0.74722
1.4552
1.2392
0.6894
0.6894
0.28907
0.39815
0.26725
0.021817
-0.063268
-0.063268
-0.098174
0.067631
0.19417
0.042542
-0.03927
-0.03927
0.046906
0.16471
0.45269
0.50723
0.70249
0.70249
0.41779
0.20617
0.30434
0.0043633
0.47015
0.47015
0.78321
-0.24435
-1.2555
-1.4519
-1.0712
-1.0712
-0.59777
0.3207
0.06654
-0.30543
-0.058905
-0.058905
0.15381
0.27052
0.17671
0.030543
0.097084
0.097084
0.18653
-0.051269
0.05236
-0.099265
-0.073085
-0.073085
-0.10908
-0.031634
0.016362
-0.45815
-0.0010908
-0.0010908
-0.15381
-0.069813
0.13853
0.054541
-0.094902
-0.094902
0
-0.07854
0.20835
0.20726
0.18871
0.18871
0.27052
-0.1069
-0.058905
-0.12326
-0.27489
-0.27489
-0.045815
-0.3087
0.20398
-0.21598
-0.28252
-0.28252
-0.24653
-0.10799
-0.023998
-0.17562
-0.090539
-0.090539
-0.098174
-0.20617
0.054541
-0.36979
-0.39815
-0.39815
-0.97411
-0.64577
-0.57377
-0.80939
-0.3927
-0.3927
-0.14944
0.40142
1.0559
0.71995
1.2523
1.2523
0.90211
0.63268
0.25089
-0.069813
-0.06654
-0.06654
-0.06654
0.059995
0.018544
-0.011999
0.093811
0.093811
0.33707
0.47015
0.37306
0.1429
-0.59886
-0.59886
-0.23562
0.15381
0.65341
0.30434
0.3207
0.3207
1.0963
-0.11017
-1.0123
-1.0145
-0.67413
-0.67413
-0.28471
-0.056723
-0.10036
-0.10036
-0.15162
-0.15162
-0.016362
0.17453
0.30325
0.2258
0.15053
0.15053
0.049087
0.045815
0.042542
0.069813
0.03927
0.03927
0.17017
0.14181
-0.02618
-0.099265
0.0087266
0.0087266
0.13853
0.32398
0.4156
-0.086175
-0.70358
-0.70358
-0.26943
0.0087266
0.15708
0.28471
0.094902
0.094902
-0.027271
-0.16908
-0.22144
-0.13744
-0.040361
-0.040361
0.010908
-0.10472
-0.032725
-0.22144
-0.23235
-0.23235
-0.18108
-0.023998
-0.14399
-0.18871
-0.017453
-0.017453
0.019635
0.11781
0.11345
-0.022907
-0.094902
-0.094902
-0.17453
-0.18326
-0.83339
-1.1334
-1.4203
-1.4203
-1.2643
-0.9512
-0.54323
-0.13199
0.088357
0.088357
0.21817
0.39815
0.49524
0.55959
0.51705
0.51705
0.56068
0.54323
0.56178
0.53451
0.51487
0.51487
0.48869
0.4396
0.2138
0.36434
0.37306
0.37306
0.39924
0.11017
-0.042542
-0.094902
-0.017453
-0.017453
0.10581
0.1549
-0.23235
-0.15599
-0.056723
-0.056723
0.056723
0.11672
0.09272
0.028361
0.033816
0.033816
0.028361
0.057814
0.068722
0.033816
0.023998
0.023998
0.011999
-0.006545
-0.035997
-0.033816
-0.088357
-0.088357
-0.044724
-0.031634
-0.022907
-0.03927
-0.033816
-0.033816
0.0098174
0.0098174
0.027271
0.062177
0.071995
0.071995
0.076358
0.027271
-0.080721
-0.13744
-0.075267
-0.075267
-0.05236
-0.047996
-0.06545
-0.018544
-0.018544
0.0021817
0.017453
0.011999
-0.0087266
-0.0087266
-0.014181
-0.0032725
-0.0054541
-0.0043633
-0.006545
0.0032725
0.0021817
0.0010908
0.0032725
-0.006545
0.0054541
0.0010908
-0.006545
0.006545
0.016362
0.016362
0.014181
0.0098174
0.0076358
0.0010908
-0.0043633
-0.0032725
-0.006545
-0.006545
-0.0032725
-0.0054541
0
-0.0043633
0.0087266
0.0087266
-0.0032725
-0.0021817
0.0021817
0.0054541
-0.0010908
-0.0021817
0.006545
0.0032725
0.0021817
0.0032725
0.0032725
0.0032725
0.0021817
0.0032725
0.0010908
-0.0021817
-0.0021817
-0.0043633
-0.0043633
-0.006545
-0.0054541
-0.0032725
0
-0.0021817
-0.0021817
0.0010908
-0.0010908
0.0010908
-0.0010908
-0.0010908
-0.0021817
0
-0.0021817
-0.0021817
-0.0032725
-0.0021817
0.0021817
0.0010908
-0.0010908
0
0
0.0010908
-0.0021817
-0.0054541
0.0010908
0
-0.0010908
0.0032725
0.0010908
-0.0010908
-0.0010908
0
-0.0010908
-0.0021817
0.0010908
-0.0021817
0.0010908
0.0010908
-0.0032725
0
-0.0010908
-0.0010908
-0.0032725
-0.0010908
-0.0010908
0
-0.0010908
0.0010908
-0.0010908
-0.0021817
-0.0010908
-0.0010908
0.0010908
0.0021817
0.0021817
0
-0.0010908
0
0.0010908
0.0010908
0
0
-0.0021817
0
0
0
0
0.0021817
0
-0.0010908
0.0010908
0.0010908
-0.0021817
-0.0010908
0
-0.0010908
-0.0010908
0.0021817
-0.0010908
0
0.0021817
0.0021817
0.0021817
0.0032725
0.0021817
0
0.0010908
0
0.0010908
-0.0010908
0.0010908
0.0010908
0.0010908
0.0010908
-0.0021817
0
0
0.0010908
-0.0043633
0.0010908
0
0
0
-0.0010908
0.0010908
0.0010908
0.0010908
-0.0010908
-0.0010908
0.0021817
0.0010908
0.0010908
0
0.0021817
0.0043633
0.0010908
0.0010908
0.0021817
-0.0043633
-0.0021817
0.0021817
0.0021817
0.0010908
0.0032725
0.0010908
0
0
-0.0010908
0
0
-0.0021817
-0.0021817
0
0
-0.0021817
0
0
0
-0.0021817
-0.0010908
0
0
0.0010908
-0.0010908
0
0.0021817
0.0021817
0.0010908
-0.0021817
-0.0010908
-0.0010908
-0.0010908
0.0021817
-0.0010908
0.0010908
-0.0021817
-0.0021817
-0.0021817
0.0010908
0.0010908
0.0032725
0.0032725
0
0.0010908
-0.0021817
-0.0010908
-0.0010908
0
-0.0021817
0.0010908
0
0
0.0010908
-0.0032725
0
0
-0.0010908
-0.0010908
0.0032725
-0.0010908
0.0010908
0.0010908
-0.0010908
0
-0.0010908
0
0
-0.0010908
-0.0021817
-0.0010908
-0.0010908
-0.0010908
0.0010908
-0.0021817
0.0021817
0.0021817
-0.0010908
0
0.0010908
-0.0010908
-0.0010908
0
-0.0021817
0
0
-0.0021817
-0.0010908
0.0010908
-0.0010908
-0.0021817
-0.0021817
0.0032725
0.0010908
0.0010908
-0.0032725
0
-0.0010908
-0.0021817
0.0010908
0
0
0.0021817
0.0010908
-0.0021817
0
-0.0021817
0.0010908
0.0021817
0.0021817
-0.0010908
0
0.0010908
-0.0021817
-0.0032725
-0.0032725
0.0010908
-0.0021817
0.0010908
-0.0032725
-0.0032725
-0.0021817
0
0
0.0010908
0
0.0010908
-0.0021817
0
-0.0010908
0
-0.0010908
-0.0010908
-0.0021817
0
0.0021817
0
-0.0043633
0
0.0021817
0.0021817
0.0021817
0.0021817
0.0010908
-0.0010908
-0.0010908
0.0010908
0.0032725
0
0.0010908
0.0010908
0
0.0010908
0.0032725
-0.0010908
-0.0010908
0.0010908
-0.0010908
0.0021817
0.0021817
-0.0010908
0.0010908
0.0010908
0.0021817
0
-0.0010908
0
0.0010908
0.0043633
0.0043633
0
0.0021817
-0.0021817
0.0021817
0.0043633
0.0010908
0.0010908
0
0.0010908
0.0010908
0.0010908
-0.0010908
0.0010908
0
-0.0021817
0
0
-0.0010908
-0.0021817
-0.0010908
0.0021817
-0.0010908
-0.0010908
-0.0021817
0
0
-0.0021817
0
0
0
-0.0010908
-0.0010908
-0.0021817
0.0010908
-0.0032725
0
-0.0010908
0.0010908
-0.0021817
-0.0010908
0.0010908
0.0010908
-0.0010908
-0.0010908
-0.0010908
-0.0010908
0
0.0010908
0.0010908
-0.0021817
-0.0021817
-0.0032725
0.0010908
0.0032725
-0.0010908
-0.0032725
0
0.0010908
0
-0.0010908
-0.0010908
0
0.0010908
-0.0010908
-0.0021817
0.0010908
-0.0010908
-0.0010908
-0.0010908
-0.0010908
-0.0021817
-0.0021817
-0.0021817
0.0010908
0
0
0.0021817
0
-0.0010908
-0.0010908
0.0010908
-0.0010908
0.0010908
-0.0021817
-0.0021817
0.0010908
0
0
-0.0010908
-0.0010908
0
-0.0010908
-0.0010908
-0.0010908
-0.0010908
0.0021817
0.0010908
-0.0010908
-0.0021817
0.0010908
0
-0.0021817
0
-0.0021817
-0.0021817
0
-0.0010908
0
-0.0021817
-0.0010908
-0.0010908
0
0
0
-0.0021817
0
-0.0010908
-0.0010908
0
-0.0010908
-0.0021817
-0.0010908
-0.0010908
0.0021817
0.0032725
0
-0.0021817
-0.0021817
0.0010908
0.0021817
0.0010908
0.0032725
0.0021817
0.0010908
0.0010908
-0.0021817
0.0021817
0.0021817
0.0021817
0.0032725
0.0021817
0
-0.0021817
-0.0032725
0.0010908
0.0043633
0.0010908
0.0032725
0.0043633
0.0021817
0.0021817
0.0010908
0.0021817
-0.0010908
0
0.0021817
0.0032725
0
0.0010908
0.0021817
0.0010908
0.0010908
0.0010908
0
0.0032725
0.0021817
0
0.0010908
-0.0021817
0
0.0010908
0
0.0032725
0.0032725
0.0010908
-0.0010908
-0.0010908
0.0010908
-0.0010908
-0.0010908
-0.0010908
-0.0010908
-0.0010908
0
0
0
-0.0010908
-0.0010908
-0.0021817
-0.0021817
-0.0010908
0
-0.0010908
0.0010908
0.0021817
-0.0010908
0.0010908
-0.0010908
0.0010908
0.0021817
-0.0021817
0.0010908
0.0010908
0
0.0010908
0
0.0010908
-0.0021817
0
0.0021817
0
-0.0021817
-0.0010908
-0.0010908
-0.0010908
0.0010908
0
0
0.0010908
0
0.0010908
0
-0.0021817
-0.0021817
0
-0.0010908
0
-0.0010908
-0.0010908
0
0.0010908
0
0.0010908
-0.0010908
-0.0010908
0
-0.0032725
-0.0010908
0.0021817
-0.0010908
0.0021817
0
0.0010908
0.0021817
0
0.0010908
-0.0021817
-0.0032725
-0.0021817
0.0010908
-0.0010908
0
-0.0010908
0.0010908
0
-0.0010908
0.0010908
0.0032725
0.0010908
0.0032725
0
-0.0032725
-0.0021817
-0.0021817
-0.0021817
0
-0.0021817
-0.0010908
-0.0021817
0.0010908
0.0021817
0.0021817
0.0021817
0.0032725
-0.0021817
0.0021817
0
0
0.0010908
0
-0.0010908
-0.0021817
0
-0.0010908
-0.0010908
-0.0010908
-0.0010908
0
