0
0
0.0021817
0.0032725
-0.0010908
0
0
0.0021817
-0.0010908
0.0021817
0.0021817
0
0
0.0010908
0
-0.0010908
0.0010908
0
0.0021817
-0.0010908
0
-0.0010908
0
-0.0010908
-0.0010908
-0.0010908
0.0010908
-0.0021817
-0.0010908
0
0.0021817
0
0.0021817
0
0.0010908
-0.0010908
0.0010908
0.0010908
0.0021817
-0.0010908
-0.0021817
0.0010908
-0.0021817
-0.0021817
-0.0010908
0.0021817
-0.0010908
0.0010908
0.0010908
0.0021817
0
0.0010908
0.0010908
-0.0010908
0
0
0.0021817
0
0.0010908
0
0.0010908
0.0010908
-0.0010908
0
-0.0010908
-0.0021817
-0.0010908
0.0032725
0
0.0010908
0
0.0010908
-0.0010908
0.0010908
0
0
0.0021817
0
0.0010908
0
0.0021817
0
0.0021817
-0.0021817
0
-0.0010908
0.0010908
0.0010908
0.0010908
0.0010908
0.0010908
0.0032725
0.0010908
0.0010908
0.0010908
0.0010908
-0.0010908
0.0010908
0.0010908
0.0010908
0
0
-0.0010908
0.0010908
0
0
0
-0.0010908
0
0.0010908
0.0010908
0
-0.0010908
0
0.0021817
0.0010908
0.0021817
0.0010908
-0.0032725
0.0010908
0
0.0010908
0
0.0010908
-0.0010908
0
0
-0.0010908
0.0010908
0.0021817
0.0010908
-0.0010908
-0.0010908
0
0.0010908
0.0010908
-0.0032725
0.0010908
0.0010908
-0.0010908
-0.0010908
0
0.0021817
0
0.0010908
0.0010908
0
0
0
0.0010908
0.0010908
-0.0021817
0.0010908
0.0043633
0.0010908
0
0.0010908
0.0010908
0.0010908
0
0
0
0
-0.0021817
0.0010908
0.0021817
0.0010908
-0.0010908
0
0
0
0
0
-0.0010908
0.0010908
0.0010908
0.0010908
0.0021817
0.0010908
-0.0010908
0.0010908
0.0010908
0.0010908
0.0021817
-0.0010908
0.0021817
-0.0010908
0.0010908
0.0010908
0.0010908
0
0.0021817
-0.0010908
0.0021817
-0.0021817
-0.0021817
-0.0021817
0
0
0
0
-0.0021817
0
0
-0.0010908
-0.0010908
0.0010908
0
0
0
0
-0.0021817
-0.0010908
-0.0010908
0.0010908
-0.0021817
0
-0.0032725
0
0
0
-0.0032725
-0.0010908
0
0
0
-0.0010908
0
-0.0010908
-0.0010908
-0.0021817
0
-0.0010908
0.0010908
0.0010908
0
-0.0010908
-0.0021817
0
0
-0.0021817
0.0032725
0
-0.0010908
0
0
-0.0021817
0.0021817
0.0021817
0.0021817
0.0010908
0
0.0010908
0
0
0
0.0010908
0.0010908
0.0010908
0.0010908
-0.0010908
-0.0010908
-0.0010908
0.0010908
0.0010908
0
0.0010908
0.0021817
0
0
0.0021817
0.0010908
0
-0.0010908
-0.0010908
-0.0010908
0
0.0010908
0
0
0.0010908
0
0.0021817
-0.0021817
-0.0021817
0
0.0010908
0
0
0
0.0010908
0.0010908
0.0010908
-0.0010908
-0.0010908
-0.0010908
0.0010908
0.0010908
0
0
0
0
0
0
0
0
-0.0010908
0.0021817
0
0
-0.0010908
0.0010908
0
0
0.0021817
0.0010908
0.0010908
-0.0010908
0.0010908
-0.0010908
-0.0010908
0
0
-0.0021817
0
0.0010908
-0.0010908
-0.0010908
-0.0010908
0.0010908
-0.0010908
-0.0010908
-0.0010908
0
0
0.0021817
-0.0010908
0.0010908
0
0.0010908
0.0010908
-0.0010908
0
0.0010908
0.0021817
0
0
0
0
-0.0021817
0
0
0.0032725
0.0021817
0.0010908
0
0
0
0
-0.0010908
-0.0032725
0.0010908
-0.0010908
0
0.0010908
0.0021817
0
0.0010908
0
0
0
-0.0010908
0
-0.0021817
0.0021817
-0.0021817
0.0010908
-0.0021817
-0.0010908
0.0010908
0
0
0.0010908
0.0010908
0.0032725
-0.0010908
0
0
0.0010908
0
-0.0010908
0.0010908
0.0010908
-0.0010908
-0.0010908
0.0010908
-0.0010908
-0.0010908
0.0010908
0
0
0
0.0010908
-0.0010908
0.0021817
0.0010908
-0.0010908
0
0.0010908
-0.0010908
0
-0.0021817
0.0010908
-0.0010908
0
0
-0.0010908
0
0.0021817
0
0.0021817
-0.0021817
0.0010908
0.0010908
-0.0021817
-0.0010908
-0.0010908
-0.0010908
0
0.0010908
0.0010908
0.0032725
0.0010908
0
0.0032725
0
0
-0.0010908
0.0010908
0.0010908
0.0010908
-0.0010908
-0.0021817
0.0010908
0.0010908
-0.0010908
-0.0010908
0
-0.0010908
0.0021817
0.0032725
0.0010908
0.0010908
0.0021817
-0.0010908
0
0.0010908
0
0.0032725
0
0.0032725
0.0010908
0.0043633
-0.0021817
-0.0010908
0.0043633
0.0021817
-0.0043633
0.0043633
0.0043633
0.0054541
0
0
0
-0.0010908
0
-0.0043633
-0.0054541
-0.0043633
0.0054541
0.0054541
0.0054541
0.006545
-0.0010908
-0.0054541
0
-0.0010908
-0.0032725
-0.0054541
-0.022907
-0.035997
-0.035997
0.0087266
0.056723
0.056723
0.064359
0.064359
0.029452
0.0087266
-0.050178
-0.10799
-0.14508
-0.14508
-0.20071
0.01309
0.30216
0.20944
-0.077449
-0.077449
-0.034906
-0.045815
-0.05236
-0.07963
-0.016362
-0.016362
0.020726
0.21598
0.032725
0.43851
0.99592
0.99592
0.49524
-0.030543
-0.44833
-0.62395
-0.54759
-0.54759
-0.19853
-0.03927
-0.016362
-0.018544
-0.0043633
0.01309
0.01309
-0.015272
0.027271
0.029452
0.063268
0.063268
0.041451
-0.0032725
0.0054541
-0.03927
-0.033816
-0.0087266
-0.0087266
-0.017453
-0.67522
-0.7854
-1.0756
-1.4181
-1.4181
-0.95229
-0.016362
0.21053
0.23235
0.35888
0.35888
-0.041451
-0.22471
-0.18762
0.52251
1.345
0.32179
0.32179
1.5282
0.7843
0.031634
-0.29125
-0.63159
-0.63159
0.4396
0.4396
0.49851
-0.011999
0.12435
0.12435
0.13199
0.13199
0.25853
0.67195
0.81812
0.81812
0.72976
0.75594
0.72213
0.17453
0.018544
0.018544
0.022907
-0.53778
-0.99374
-1.4813
-1.4366
-0.56723
-0.56723
-0.085084
-0.0098174
0.016362
0.055632
0.058905
0.058905
0.063268
0.10581
0.031634
-0.02618
-0.06654
-0.056723
-0.010908
-0.016362
-0.016362
-0.010908
-0.017453
-0.0032725
0.031634
0.057814
0.016362
0
0.0021817
0.0021817
-0.0076358
-0.0043633
0.01309
0.019635
0.023998
0.028361
0.0021817
-0.017453
-0.0087266
-0.03927
-0.03927
-0.077449
-0.14726
-0.097084
-0.16908
-0.35779
-0.52687
-0.32943
0.0087266
0.3087
0.3087
0.47015
0.23889
0.15053
-0.15817
-1.5915
-1.5915
-1.7028
-1.0483
-1.4824
-1.3406
0.56068
0.56068
0.82466
0.77994
0.54541
0.17562
0.50833
0.50833
1.4781
1.5097
0.39488
0.39488
0.019635
0.056723
-0.023998
-0.16908
0.13526
-0.0021817
-0.0021817
0.0098174
0.081812
0.10908
0.19199
0.3207
0.3207
0.64904
0.47669
0.61304
0.66759
0.53341
0.22144
-0.24107
-0.23889
-0.54541
-0.68395
-0.68395
-0.52142
-0.69922
-0.30543
-0.48105
-0.44942
-0.44942
-0.076358
0.030543
0.077449
0.051269
0.040361
0.040361
0.021817
0.0054541
-0.053451
-0.034906
-0.034906
-0.025089
-0.006545
0.0054541
-0.0076358
0
0
0.0032725
0.049087
0.12545
0.03927
0.010908
-0.020726
-0.023998
0.0098174
0.0054541
0.034906
0.034906
0.043633
0.028361
0.0043633
-0.0087266
0.0076358
0.0076358
0.0098174
0.035997
0.021817
0.051269
-0.0032725
-0.0032725
-0.037088
-0.015272
-0.019635
-0.071995
-0.038179
-0.038179
-0.053451
-0.12326
-0.34579
-0.55087
-1.0188
-1.0188
-0.77885
-0.25198
0.29343
0.62613
0.32616
0.32616
0.10145
-0.0032725
0.06545
0.38179
0.38179
1.1966
0.21489
0.15708
-0.16253
0.18217
0.18217
-0.10254
-0.18435
-0.041451
0.077449
0.12326
0.12326
0.17126
0.094902
0.21162
0.20398
0.20398
0.52251
0.17126
0.2738
0.2378
0.028361
0.028361
-0.046906
-0.21817
-0.45924
-0.38506
-0.38506
-0.34579
-0.12763
-0.1069
-0.18435
-0.069813
-0.069813
0.0076358
0.053451
0.051269
0.12763
0.020726
0.020726
-0.022907
-0.019635
-0.015272
-0.022907
-0.021817
-0.021817
-0.029452
0.0043633
-0.006545
-0.017453
0.0010908
0.011999
0.011999
-0.057814
-0.0098174
0.028361
0.028361
0.016362
0.02618
0.051269
0.057814
-0.020726
0.019635
0.019635
-0.0076358
0.021817
0.042542
0.042542
0.033816
-0.0032725
0.0010908
-0.063268
-0.32179
-0.32179
-0.10363
0.033816
0.23016
0.087266
-0.010908
-0.010908
-0.14072
-0.77776
-1.0897
-0.45269
-1.3374
-1.3374
-1.4933
0.3807
0.87921
0.6774
0.6774
0.53232
0.42542
0.20071
0.15381
1.0297
1.0297
0.055632
0.21271
-0.042542
-0.042542
-0.17344
-0.022907
-0.12981
0.12654
0.087266
-0.0021817
-0.0021817
0.076358
0.10799
0.089448
0.58577
0.58577
0.33379
0.25744
0.1789
-0.0098174
-0.1549
-0.1549
-0.26616
-0.36979
-0.40033
-0.40033
-0.18762
-0.17126
-0.083994
-0.055632
-0.0032725
0.025089
0.025089
0.018544
0.030543
0.029452
-0.0021817
0.047996
0.047996
-0.0043633
-0.006545
-0.015272
-0.032725
-0.032725
-0.027271
-0.02618
-0.011999
0.006545
0.019635
0.045815
0.045815
0.075267
0.0021817
-0.019635
-0.015272
-0.0054541
-0.0054541
0.0010908
0.033816
0.038179
0.051269
0.051269
-0.030543
-0.0021817
-0.0021817
0.011999
0.033816
0.033816
0.032725
0.058905
0.025089
-0.015272
-0.19199
-0.040361
-0.040361
-0.069813
0.1429
0.031634
-0.021817
-0.021817
-0.047996
-0.70358
-0.6654
-0.39379
-1.6351
-1.6351
-1.5457
0.19744
0.87048
0.81267
0.38288
0.38506
0.38506
0.068722
0.006545
0.30652
0.46142
0.46142
1.2163
-0.21926
0.073085
0.21926
-0.02618
-0.02618
0.035997
-0.038179
-0.018544
0.057814
-0.0098174
-0.0098174
-0.0087266
0.053451
0.11672
0.26398
0.2967
0.2967
0.55523
0.16908
-0.19526
0.48651
-0.0043633
-0.0043633
-0.31089
-0.14399
-0.51378
-0.72649
-0.11345
-0.014181
0.0032725
0.0032725
-0.006545
0.018544
0.01309
0.030543
0.030543
0.043633
0.046906
0.046906
0.046906
-0.01309
-0.010908
-0.0076358
-0.0098174
0
0.006545
0.006545
0.025089
0.062177
0.062177
0.01309
-0.014181
-0.034906
0.01309
0.016362
0.016362
0.025089
0.063268
0.0076358
0.0043633
-0.018544
-0.0054541
-0.0054541
0.0054541
0.059995
0.045815
0.045815
0.029452
-0.0032725
-0.21598
-0.26943
-0.063268
-0.063268
0.27489
0.076358
-0.016362
-0.03927
-0.41124
-0.41124
-1.2414
-0.18871
-1.5021
-1.4148
-0.29234
-0.29234
0.57596
0.68831
0.40361
0.40252
0.14508
0.14508
0.021817
0.22144
0.41342
1.9897
0.1669
0.1669
0.098174
0.082903
0.01309
-0.0021817
-0.16799
-0.010908
-0.010908
0.11563
0.028361
0.067631
0.067631
0.03927
0.1069
0.32288
0.27271
0.27271
0.14835
0.17453
-0.22362
-0.2378
-0.1549
-0.1549
-0.40579
-0.20835
-0.11563
-0.054541
-0.088357
-0.088357
-0.023998
-0.006545
0.016362
0.031634
0.035997
0.014181
0.014181
0.030543
-0.014181
0.0021817
0.0032725
0.0032725
-0.051269
-0.031634
-0.020726
-0.020726
-0.0098174
0.0032725
0.1069
0.042542
0.042542
-0.034906
-0.032725
-0.014181
0.021817
0.01309
0.017453
0.017453
0.049087
-0.015272
-0.010908
-0.006545
-0.006545
0.0032725
0.055632
0.025089
0.025089
0.027271
-0.080721
-0.083994
-0.030543
0.073085
0.073085
-0.0054541
0.015272
-0.019635
-0.50833
-0.70031
-0.70031
-0.4516
-1.1345
-1.3843
-0.45269
0.73849
0.73849
1.0505
0.64904
0.31634
-0.16253
-0.20944
-0.20944
0.097084
0.29998
1.0276
0.76794
0.07963
0.07963
0.062177
-0.042542
-0.076358
-0.025089
-0.075267
-0.075267
0.077449
0.089448
0.018544
0.032725
0.053451
0.053451
0.075267
0.16253
0.3087
0.20289
0.10908
0.10908
0.15272
0.041451
-0.27489
-0.20398
-0.23016
-0.23016
-0.24107
-0.14617
-0.07963
-0.061086
-0.061086
-0.074176
-0.016362
0.015272
0.032725
0.042542
0.042542
0.025089
0.033816
0.035997
-0.006545
-0.010908
-0.010908
0.0032725
-0.046906
-0.031634
-0.032725
-0.018544
-0.018544
0.0043633
0.0010908
0.016362
0.070904
0.045815
-0.030543
-0.034906
0.023998
0.0021817
0.029452
0.029452
0.014181
0.056723
0.0032725
-0.031634
-0.031634
0.014181
-0.0032725
0.019635
0.041451
0.043633
0.043633
0.055632
0.0043633
-0.047996
-0.12981
0.064359
0.064359
0.015272
-0.02618
-0.018544
-0.01309
-0.23562
-0.23562
-0.95447
-0.32398
-1.0286
-1.525
-0.51051
-0.51051
0.68722
1.0341
0.7254
0.080721
-0.1189
-0.1189
0.006545
0.033816
0.26507
0.85303
1.0101
-0.0043633
0.062177
-0.0087266
-0.10254
-0.041451
-0.041451
-0.077449
0.0010908
0.12654
0.042542
0.014181
0.050178
0.05236
0.068722
0.20726
0.24435
0.28252
-0.13744
0.093811
-0.14835
-0.20508
-0.19744
-0.10472
-0.10908
-0.085084
-0.085084
-0.099265
-0.085084
-0.027271
0.018544
0.02618
0.038179
0.031634
0.040361
0.034906
0.017453
-0.025089
-0.025089
-0.0010908
-0.030543
-0.027271
-0.050178
-0.014181
-0.014181
0.0021817
0.0087266
-0.0076358
0.062177
0.021817
0.021817
-0.0043633
-0.016362
-0.018544
0.028361
0.061086
0.061086
0.0098174
0.038179
-0.0043633
-0.023998
0.0087266
0.014181
0.010908
0.033816
0.033816
0.074176
0.035997
-0.0087266
-0.01309
-0.10036
0.0087266
0.0087266
-0.0087266
0.0032725
-0.022907
0.0043633
-0.10581
-1.2294
-1.2294
-0.44506
-0.63377
-1.4061
-0.8683
-0.8683
0.43088
0.80394
0.82357
0.53887
0.28252
0.28252
-0.058905
-0.028361
0.074176
0.39052
1.4017
1.4017
0.02618
0.14617
-0.040361
-0.069813
-0.025089
-0.025089
-0.15381
-0.038179
0.17235
0.071995
0.035997
0.035997
0.033816
0.06545
0.03927
0.083994
0.26943
0.26943
0.18435
0.016362
0.017453
-0.19526
-0.10472
-0.15053
-0.12654
-0.15817
-0.081812
-0.081812
-0.07854
-0.017453
0.0032725
0.0087266
0.021817
0.017453
0.050178
0.050178
0.053451
0.10799
0.035997
-0.028361
-0.028361
-0.020726
-0.031634
-0.02618
-0.038179
-0.03927
-0.03927
-0.0076358
0.0032725
0.0010908
0.021817
0.037088
0.010908
0.010908
-0.016362
-0.059995
0.025089
0.0098174
0.0098174
0.038179
0.038179
0.021817
-0.015272
-0.015272
-0.0087266
0.014181
0.014181
0.043633
0.047996
0.047996
0.0098174
0.0098174
-0.0032725
-0.023998
-0.034906
-0.034906
-0.01309
-0.01309
0
-0.0098174
-0.90975
-0.19089
-0.79412
-0.79412
-1.1825
-0.69486
0.37961
0.63268
0.56505
0.56505
0.25853
-0.022907
0.0054541
0.040361
0.16471
0.44178
1.081
1.081
0.088357
0.12545
0.12545
-0.07854
-0.099265
-0.019635
-0.019635
-0.069813
0.12981
0.095993
0.015272
0.023998
0.033816
-0.0010908
0.11126
0.26071
0.26071
0.11236
0.19308
0.042542
-0.19199
0.068722
0.068722
-0.15599
-0.32179
-0.1789
-0.071995
0
0
-0.06545
-0.031634
-0.010908
0.023998
0.037088
0.017453
0.042542
0.042542
-0.022907
0.089448
-0.014181
-0.023998
-0.023998
-0.014181
-0.022907
-0.03927
-0.020726
0
0.0032725
-0.023998
0.021817
0.043633
0.043633
0.006545
-0.055632
-0.028361
0.014181
0.033816
0.033816
0.07854
0.01309
0.028361
-0.014181
-0.0076358
-0.0010908
-0.0010908
0.01309
0.030543
0.062177
0.034906
-0.010908
-0.0098174
-0.0010908
-0.022907
-0.023998
-0.023998
-0.042542
-0.045815
0.014181
-0.021817
-0.64577
-0.64577
-0.66104
-0.43742
-1.0428
-0.97411
0.14399
0.14399
0.73849
0.3327
0.54323
-0.14399
0.081812
0.081812
0.018544
0.10581
0.23344
1.4312
0.20726
0.14399
0.14399
0.041451
-0.088357
-0.12217
-0.056723
-0.056723
-0.083994
0.13963
0.11672
0.059995
0.020726
0.046906
0.046906
0.03927
0.011999
0.26398
0.33925
-0.033816
0.10799
-0.095993
-0.063268
-0.062177
-0.062177
-0.32288
-0.1778
-0.12763
-0.074176
-0.086175
-0.086175
-0.029452
0.0010908
0.014181
0.031634
0.016362
0.016362
0.10254
-0.019635
0.074176
-0.011999
-0.0076358
-0.0076358
-0.0076358
-0.032725
-0.040361
-0.030543
-0.0010908
-0.0010908
0.0032725
0.067631
0.030543
0.030543
-0.019635
-0.067631
0.019635
0.0043633
0.043633
0.019635
0.019635
0.0054541
-0.0043633
0.0054541
0.0054541
-0.0076358
0.0098174
0.032725
0.040361
0.017453
0.0076358
0.0076358
-0.020726
-0.015272
-0.038179
-0.038179
0.020726
0.014181
-0.0043633
-0.48869
-0.18871
-0.18871
-0.5945
-1.4301
-1.4639
0.25634
0.76031
0.76031
0.77885
0.7854
0.13526
-0.062177
-0.087266
0.13963
0.13963
0.85521
0.58796
-0.11236
-0.11236
0.074176
0.01309
-0.15381
-0.0054541
-0.07963
-0.07963
0.047996
0.083994
0.053451
0.019635
0.031634
0.031634
0.033816
0.01309
0.040361
0.26834
0.015272
-0.070904
0.077449
0.01309
-0.19417
-0.055632
-0.055632
-0.09272
-0.17453
-0.23453
-0.045815
-0.0043633
0.0032725
0.0032725
0.019635
0.032725
0.067631
0.067631
0.038179
0.035997
0.0032725
-0.031634
-0.0021817
-0.0021817
-0.016362
-0.014181
-0.025089
-0.045815
-0.022907
-0.014181
-0.014181
0.03927
0.054541
-0.0087266
-0.0087266
-0.021817
0.0032725
-0.028361
0.006545
0.03927
0.0032725
0.0032725
-0.02618
-0.011999
0
0
0.0043633
0.077449
0.014181
0
-0.015272
-0.015272
0.014181
0.0098174
-0.02618
-0.02618
-0.19089
-0.16035
-0.076358
-0.30216
-0.43851
-0.43851
-1.3068
-1.1825
-0.086175
0.83012
0.90757
0.90757
0.92829
0.28689
-0.47124
-0.70467
-0.054541
-0.054541
0.6305
1.1388
0.22253
0.74503
-0.13963
-0.13963
-0.15053
-0.2618
0.035997
0.69049
0.39161
0.39161
0.24762
0.046906
0.0054541
-0.032725
-0.061086
-0.061086
0.033816
0.046906
0.3327
0.35561
0.06654
0.14508
0.27598
-0.028361
-0.24107
-0.23344
-0.23344
-0.44506
-0.13308
-0.39597
-0.22798
-0.095993
-0.010908
-0.010908
-0.0021817
-0.011999
-0.0087266
-0.0087266
0.011999
0.058905
0.050178
0.091629
0.18326
0.18326
0.12326
0.025089
0.0043633
-0.006545
-0.040361
-0.040361
-0.043633
0.089448
0.057814
-0.063268
-0.020726
-0.020726
-0.033816
-0.051269
-0.0054541
0.016362
0.049087
0.049087
0.0087266
-0.006545
0.0010908
0.0010908
0.0098174
0.0098174
0.021817
0.027271
0.014181
-0.016362
-0.020726
-0.020726
-0.0021817
0.014181
0.0076358
-0.0098174
-0.046906
-0.046906
-0.057814
-0.35452
-1.2566
-0.8923
-0.96102
-0.96102
-1.1181
-0.44288
0.58141
1.1475
0.81267
0.81267
0.8203
-0.15162
-0.55087
-0.006545
1.2195
1.2195
0.83012
0.72322
0.31634
-0.034906
-0.2738
-0.2738
0.15162
0.15162
0.52142
0.38397
0.27598
0.27598
0.018544
0.018544
-0.091629
0.10908
0.19089
0.19089
0.56941
0.30979
0.25307
0.23235
-0.0076358
-0.0076358
-0.13744
-0.46469
-0.63377
-0.57487
-0.57487
-0.32398
-0.12545
-0.062177
-0.0076358
-0.0054541
-0.0054541
0.0032725
0.032725
0.070904
0.077449
0.077449
0.093811
0.10581
0.10363
0.16362
0.06545
0.06545
0.0010908
-0.0021817
-0.027271
-0.037088
-0.022907
-0.022907
0.03927
0.0098174
-0.029452
-0.038179
-0.055632
-0.055632
-0.050178
0.0054541
0.038179
0.063268
-0.015272
-0.015272
-0.0098174
-0.016362
0.0043633
-0.028361
-0.028361
0.021817
-0.0054541
-0.017453
0.0098174
0.032725
0.032725
0.0021817
-0.0032725
-0.037088
-0.095993
-0.66977
-0.66977
-0.70904
-1.0843
-0.79849
-0.12763
0.60214
0.60214
0.54105
0.87157
1.0199
0.44942
-0.041451
-0.041451
-0.2138
-0.083994
0.23235
0.79085
0.56505
0.56505
0.23344
-0.28471
0.20071
-0.23889
-0.23889
0.032725
0.18108
0.34579
0.15708
0.055632
0.055632
0.093811
-0.0021817
-0.011999
0.17017
0.34906
0.34906
0.051269
0.11999
-0.01309
-0.1669
-0.28034
-0.28034
-0.10036
-0.28143
-0.22253
-0.10908
-0.057814
-0.057814
-0.02618
-0.0098174
0.0032725
0.014181
0.011999
0.011999
0.038179
0.045815
0.049087
0.074176
0.12326
0.12326
0.097084
0.041451
0.043633
0.047996
0.049087
0.049087
-0.006545
-0.089448
-0.099265
-0.025089
0.017453
0.017453
0.033816
-0.0054541
-0.034906
-0.035997
-0.0087266
-0.0087266
-0.019635
0.035997
-0.0032725
-0.016362
-0.016362
-0.0010908
-0.016362
-0.0043633
-0.0098174
-0.0098174
0.0076358
-0.011999
0.051269
-0.0010908
-0.0010908
0.019635
-0.006545
-0.14181
-1.0723
-0.31307
-0.31307
-0.45924
-0.57377
-0.0076358
0.32288
0.080721
0.080721
1.0232
1.2828
0.83557
0.41342
-0.037088
-0.037088
-0.15272
-0.38506
0.17344
0.39161
0.2978
0.2978
-0.062177
-0.24762
0.088357
-0.0076358
-0.0076358
0.0032725
0.015272
-0.0076358
-0.018544
-0.0032725
-0.0032725
0.0087266
-0.0021817
0.05236
0.14508
0.14508
0.034906
-0.011999
0.006545
0.034906
-0.087266
-0.087266
-0.21817
-0.13199
-0.13308
-0.06654
-0.033816
-0.033816
-0.022907
-0.006545
-0.0021817
0.0087266
0.025089
0.025089
0.029452
0.034906
0.057814
0.097084
0.10145
0.10145
0.037088
0.050178
0.023998
0.05236
0.0043633
0.0043633
-0.054541
-0.093811
-0.040361
0.040361
0.033816
0.033816
0.0054541
-0.014181
-0.014181
0.010908
0.022907
0.022907
0.030543
0.021817
0.0098174
0
0.017453
0.017453
0.011999
0.0021817
-0.0032725
-0.014181
-0.037088
-0.037088
-0.020726
-0.0010908
0.050178
0.02618
0.014181
0.014181
-0.055632
-0.1189
-0.40688
-0.90648
-0.32725
-0.32725
-0.57705
-0.3447
-0.29889
0.92175
0.92175
1.5762
1.249
0.85194
0.09272
-0.06654
-0.06654
-0.22471
0.34579
0.06654
-0.015272
0.093811
0.093811
-0.52142
-0.050178
-0.0010908
0.021817
-0.0076358
-0.0076358
0.014181
0.01309
-0.028361
0.0054541
-0.021817
-0.021817
-0.022907
-0.0032725
0.019635
0.0098174
0.0098174
0.045815
-0.020726
-0.041451
-0.030543
-0.054541
-0.050178
-0.050178
-0.033816
-0.034906
-0.011999
-0.018544
-0.018544
-0.0010908
0.032725
0.017453
0.023998
0.043633
0.043633
0.050178
0.091629
0.088357
0.059995
0.023998
0.023998
-0.0076358
-0.006545
-0.006545
-0.0043633
0.022907
0.022907
-0.0098174
-0.054541
-0.042542
-0.055632
-0.043633
-0.043633
-0.049087
-0.02618
-0.0098174
0.0076358
0.027271
0.027271
0.05236
0.081812
0.0076358
-0.010908
-0.027271
-0.027271
0.027271
0.031634
0.017453
-0.010908
0.006545
0.006545
-0.055632
-0.019635
0.053451
-0.0032725
-0.05236
-0.073085
-0.029452
-0.53232
-0.39924
-0.43197
-0.43197
-0.95447
-0.52142
-0.27489
-0.59232
-0.25307
-0.25307
0.89884
1.5424
1.0079
0.81812
0.36434
0.36979
0.6065
0.2138
0.60323
-0.17671
-0.17671
-0.21598
0.016362
0.01309
-0.025089
0.028361
0.028361
0.025089
0.0098174
-0.021817
0.031634
-0.023998
-0.023998
-0.028361
-0.019635
0.025089
0.031634
0.076358
0.070904
0.070904
-0.07963
-0.06545
-0.045815
-0.087266
-0.070904
-0.040361
-0.028361
-0.01309
-0.016362
-0.0054541
-0.0054541
0.025089
0.037088
0.017453
0.061086
0.029452
0.029452
0.06545
0.086175
0.075267
0.014181
0.017453
0.0054541
0.0054541
0.006545
-0.0054541
-0.025089
-0.050178
-0.062177
-0.059995
-0.0021817
-0.040361
-0.040361
-0.040361
0.015272
0.015272
0.016362
0.03927
0.037088
0.037088
-0.020726
0.0010908
0.056723
0.0098174
0.020726
0.0021817
-0.03927
-0.011999
-0.011999
-0.050178
0.023998
0.021817
-0.033816
-0.085084
-0.1069
-0.22471
-0.22471
-0.85303
-0.22798
-0.56505
-0.4756
-0.42979
-0.42979
0.20617
-0.091629
0.88575
1.4235
1.0559
0.76576
0.33925
0.37197
0.41888
0.17126
0.17126
-0.20726
-0.11781
-0.23235
-0.11563
0.033816
0.033816
0
0.0010908
0.0021817
0.017453
-0.07963
-0.07963
0.080721
-0.014181
-0.020726
-0.049087
-0.014181
-0.014181
0.02618
0.02618
0.0076358
-0.010908
-0.023998
-0.023998
-0.046906
-0.042542
-0.040361
0.0010908
-0.023998
-0.023998
-0.021817
-0.0087266
0.022907
0.038179
0.01309
0.01309
0.055632
0.021817
0.021817
0.073085
0.090539
0.090539
0.081812
0.0098174
0.0098174
0.006545
0.0054541
0.0054541
0
-0.022907
-0.047996
-0.068722
-0.044724
-0.044724
-0.032725
-0.020726
-0.028361
-0.047996
-0.018544
-0.018544
0.011999
0.025089
0.059995
0.049087
0.0087266
-0.0032725
-0.034906
0.015272
0.0098174
0.0032725
0.0032725
0.01309
0.011999
-0.043633
-0.0043633
0.0087266
0.0087266
-0.022907
-0.05236
-0.13526
-0.28143
-0.66759
-0.66759
-0.11236
-0.84103
-0.09272
0.18326
-0.25853
-0.25853
0.28907
0.8923
0.92611
0.79412
0.41451
0.24435
0.089448
0.48324
0.12981
0.12981
-0.025089
-0.1778
0.050178
-0.1309
0.028361
0.0043633
0.0043633
-0.042542
0.035997
0.010908
-0.055632
0.029452
0.029452
0.0032725
-0.0032725
-0.040361
0.017453
0.006545
0.006545
0.040361
-0.0032725
-0.028361
-0.03927
-0.02618
-0.050178
-0.044724
-0.033816
-0.053451
-0.02618
-0.02618
-0.0098174
0.014181
0.0076358
0.011999
0.015272
0.015272
0.01309
0.031634
0.047996
0.07854
0.028361
0.028361
0.017453
-0.0010908
0.03927
0.03927
0.019635
-0.011999
-0.057814
-0.067631
-0.035997
0.030543
0.030543
-0.027271
-0.033816
-0.018544
-0.041451
-0.0054541
-0.0054541
0.018544
0.061086
0.068722
0.010908
-0.011999
-0.011999
-0.016362
-0.023998
0.0032725
0.020726
0.014181
0.014181
-0.010908
0.016362
-0.027271
-0.055632
-0.055632
-0.064359
-0.05236
0.1189
0.69377
0.093811
0.093811
-0.84103
-0.18544
-0.35561
-0.47887
0.68504
0.68504
0.97738
0.88466
0.62941
0.45487
0.14726
0.14726
-0.32943
-0.84103
-1.2621
-0.38506
0.10363
0.12872
-0.016362
-0.042542
0.011999
0.032725
0.032725
-0.018544
-0.050178
-0.049087
-0.031634
0.033816
0.033816
-0.0032725
-0.029452
0.0010908
0.071995
0.071995
0.35125
0.33597
0.26289
0.19962
-0.006545
-0.075267
0.041451
-0.1669
-0.19635
-0.21707
-0.28361
-0.22471
-0.074176
-0.042542
-0.0021817
0.0098174
0.021817
0.022907
-0.011999
-0.0032725
-0.0032725
0.0032725
0.0043633
0.0043633
0.015272
0.016362
0.016362
0.0032725
0
-0.0010908
-0.0087266
-0.0054541
-0.0054541
-0.0043633
0.0076358
-0.0010908
0.0043633
0.0043633
0.0087266
0.0054541
0.0054541
0.0076358
0.0043633
0.0043633
0
0.0021817
0.0032725
0.0054541
-0.0010908
-0.0021817
-0.0032725
-0.0021817
-0.0010908
-0.0010908
-0.0087266
-0.006545
-0.0043633
-0.0076358
-0.0054541
-0.0010908
0
0
-0.0054541
-0.0043633
-0.0010908
-0.0010908
0.0054541
0.0021817
-0.0032725
0.0010908
0.0032725
0.0021817
-0.0043633
0.0010908
0.0032725
0.0043633
0.0054541
0.0032725
0.0054541
0.0043633
-0.0021817
0.0010908
0.0010908
0.0021817
0.0010908
-0.0021817
0.0021817
0.0021817
0.0032725
-0.0021817
-0.0032725
-0.0032725
-0.0010908
0
0
-0.0032725
-0.0010908
-0.0043633
0.0021817
-0.0010908
0
-0.0043633
0.0021817
0.0010908
0.0043633
-0.0021817
-0.0032725
0.0010908
0.0021817
0.0021817
0.0010908
-0.0021817
0.0021817
0.0010908
0.0010908
-0.0032725
-0.0032725
0.0010908
0
0.0010908
0
0
0.0021817
0.0032725
0.0032725
0
0
0.0010908
0.0010908
0
-0.0010908
0.0021817
0.0021817
0.0021817
0
0
0
-0.0010908
-0.0021817
0.0010908
0
-0.0010908
-0.0021817
0
-0.0021817
0
-0.0032725
0
0.0010908
0
0.0010908
0.0010908
0.0010908
0.0021817
0.0010908
0.0032725
0
0.0021817
0
0
0.0010908
0.0010908
0
0.0010908
0.0010908
-0.0010908
0
0
0.0010908
0.0021817
0.0010908
0.0021817
0.0076358
-0.0010908
0
0
0
-0.0010908
0.0021817
-0.0010908
0
-0.0032725
0
0.0032725
0.0010908
-0.0010908
0.0021817
0
0.0032725
-0.0010908
0.0010908
-0.0010908
0
0
0
0
-0.0021817
0
0.0021817
0.0021817
0
-0.0010908
-0.0010908
-0.0021817
0
-0.0010908
-0.0032725
0.0021817
-0.0010908
-0.0010908
-0.0010908
0
0
0
0.0021817
-0.0010908
0
0.0021817
0.0010908
0.0010908
0
0
0
0.0010908
-0.0010908
0.0021817
0.0010908
0.0010908
0
-0.0010908
-0.0021817
-0.0010908
0
-0.0010908
0.0021817
0.0010908
-0.0021817
0.0021817
0
0
0
-0.0021817
0.0010908
0.0010908
0.0010908
0.0010908
-0.0010908
0.0010908
0.0010908
0.0010908
-0.0010908
-0.0010908
0.0010908
0.0010908
0.0021817
-0.0021817
0.0010908
0
0.0021817
0.0021817
0
-0.0021817
-0.0010908
-0.0032725
0.0021817
0.0021817
0
-0.0021817
0
0
0
0
-0.0010908
0
0
-0.0010908
-0.0010908
-0.0010908
0.0010908
0.0010908
0.0010908
-0.0021817
-0.0010908
0
0
0
0
0
-0.0010908
-0.0010908
0.0010908
0
-0.0021817
0
0
0.0010908
0
0
0.0010908
0.0010908
-0.0010908
0.0021817
0.0010908
-0.0010908
-0.0010908
0.0010908
-0.0021817
-0.0010908
0.0010908
0.0010908
-0.0021817
0
-0.0021817
0.0010908
0.0010908
-0.0032725
-0.0010908
0.0021817
0.0032725
0.0032725
0.0021817
-0.0021817
0.0032725
0
0
-0.0010908
0
-0.0032725
0
0
0
-0.0010908
-0.0021817
-0.0010908
-0.0010908
0
-0.0021817
-0.0021817
0.0010908
0.0010908
0
0
0.0010908
0.0021817
0.0021817
0.0010908
0
0.0010908
0
0
0.0010908
0
-0.0021817
-0.0021817
0
-0.0032725
-0.0043633
-0.0032725
-0.0032725
-0.0076358
-0.011999
-0.006545
-0.0010908
-0.0043633
-0.006545
-0.0010908
-0.0043633
-0.0054541
-0.0032725
0.01309
0.006545
-0.0021817
-0.010908
-0.01309
0.0032725
0.006545
0.0021817
0.0054541
-0.0021817
-0.0076358
0.0032725
0.010908
0.0098174
0.0032725
0.011999
0.0032725
0.006545
0.040361
0.038179
0.067631
0.18435
0.60759
1.2992
-0.28798
-0.98174
-0.71449
-1.345
0.33161
2.7772
0.92284
0.84757
1.009
0.054541
0.093811
-0.77121
-2.4118
-2.4282
-0.4156
0.23453
0.91411
-0.082903
-0.014181
0.011999
0.023998
0.042542
-0.074176
0.083994
-0.019635
-0.063268
-0.019635
0.031634
0.021817
0.075267
0.05236
0.14944
0.12654
0.23889
0.27925
0.21598
0.21598
-0.0021817
-0.1549
-0.44833
-0.3807
-0.24107
-0.11563
-0.02618
-0.006545
-0.0076358
-0.0098174
-0.0043633
0.010908
0.040361
0.019635
0.015272
-0.021817
-0.0021817
-0.029452
-0.040361
-0.030543
-0.046906
-0.034906
-0.006545
0.034906
0.10908
0.097084
0.027271
0.027271
-0.014181
-0.0021817
0.018544
-0.0021817
-0.029452
0.019635
0.031634
-0.0043633
-0.0076358
-0.0076358
0.016362
0.021817
0.0010908
-0.10363
-0.040361
-0.040361
-0.022907
-0.016362
-0.49524
-0.44178
0.0087266
0.21489
0.21489
0.40142
0.17453
-0.12981
-0.44288
-1.2566
-0.48978
-0.87812
-1.3384
-0.52469
-0.52469
0.50505
0.64032
0.54432
0.53341
0.14944
0.14944
0.19417
0.19417
0.68286
1.9024
0.26834
-0.0032725
-0.0032725
0.056723
0
-0.0043633
0.0076358
0.031634
0.031634
0.12217
0.1778
0.30543
0.39379
0.34252
0.32725
0.32943
0.43742
0.43742
0.26507
-0.46033
-0.046906
-0.47124
-0.62395
-0.62395
-0.45378
-0.35452
-0.30216
-0.19089
-0.077449
-0.077449
-0.018544
0.032725
0.033816
0.02618
0.051269
0.051269
0.091629
0.037088
-0.01309
-0.062177
-0.05236
-0.05236
-0.016362
-0.0076358
-0.017453
-0.035997
-0.029452
-0.023998
0.0054541
0.057814
0.027271
0.033816
0.033816
0.010908
-0.023998
-0.0054541
-0.006545
0.010908
0.010908
0.021817
0.0054541
-0.01309
0.0032725
0.0021817
0.0021817
0.027271
0.025089
0.0010908
-0.022907
-0.011999
-0.011999
0.056723
0.018544
-0.02618
-0.057814
0.0021817
0.0021817
0.01309
0
-0.25962
-0.033816
-0.87921
-0.87921
-1.0112
-0.34797
0.33816
0.97302
0.88248
0.88248
0.44942
-0.0054541
-0.45487
0.12545
-0.01309
0.38288
0.38288
0.50942
-0.35452
0.27816
-0.22144
-0.041451
-0.07854
-0.24107
0.021817
-0.041451
-0.041451
0.028361
0.20071
0.1898
0.26616
0.068722
0.068722
0.11563
0.18108
0.26834
0.029452
-0.2018
-0.2018
-0.12981
-0.14508
-0.16253
-0.076358
-0.13526
-0.13526
-0.24762
-0.22144
-0.18544
-0.03927
0.021817
0.021817
0.029452
0.029452
0.018544
0.069813
0.03927
0.03927
-0.028361
-0.022907
-0.0043633
-0.018544
-0.018544
-0.0032725
-0.019635
-0.025089
-0.059995
-0.016362
0.0021817
0.0021817
0.059995
0.094902
0.037088
-0.058905
-0.058905
-0.073085
0.046906
-0.0043633
0.015272
0.044724
0.044724
-0.017453
-0.047996
0.015272
0.015272
0.027271
0.06545
0.017453
-0.025089
-0.0098174
0.099265
0.099265
-0.21707
-0.2378
-0.15162
0.16471
0.32725
0.32725
0.0054541
-0.032725
-0.099265
-1.2185
-0.92175
-0.31852
-1.4563
-1.3679
0.52032
0.99592
0.88793
0.75485
0.13635
0.16253
0.088357
0.088357
0.30107
1.0156
0.81048
-0.070904
-0.021817
-0.021817
0
0.040361
0.038179
0.020726
0.020726
-0.0032725
0.058905
0.088357
0.1549
0.23126
0.23126
0.20944
0.30434
0.057814
0.02618
0.10036
0.10036
-0.040361
-0.32616
-0.32507
-0.23235
-0.19744
-0.19744
-0.19635
-0.093811
-0.099265
-0.041451
0.0087266
0.018544
0.035997
0.016362
0.02618
-0.035997
-0.035997
-0.0076358
-0.019635
-0.021817
-0.011999
-0.011999
-0.035997
-0.028361
-0.071995
-0.023998
-0.0010908
0.037088
0.042542
0.035997
0.042542
-0.033816
-0.033816
0.011999
0.034906
-0.017453
0.0032725
0.010908
-0.025089
0.0076358
0.0087266
0.0076358
0.054541
0.054541
0.040361
0.030543
0.020726
-0.014181
0.0010908
-0.06654
-0.016362
0.068722
-0.038179
-0.017453
-0.017453
-0.0076358
-0.16799
-0.25525
-0.25525
-0.75485
-1.1759
-0.76031
0.77449
0.77449
0.60432
0.24653
-0.21271
0.16908
0.41015
1.0036
0.8923
0.03927
-0.063268
-0.11126
-0.11126
-0.023998
0.059995
0.0032725
0.0032725
0.037088
0.037088
0.068722
0.11999
0.23016
0.23016
0.082903
0.34252
-0.017453
-0.080721
-0.06545
-0.23235
-0.3687
-0.19962
-0.19853
-0.14181
-0.046906
-0.074176
-0.015272
0.01309
0.01309
0.044724
0.058905
0.0098174
-0.020726
-0.020726
0.0054541
-0.022907
-0.01309
-0.01309
-0.030543
-0.018544
-0.054541
-0.010908
0.015272
0.015272
0.076358
0.041451
-0.042542
-0.015272
-0.015272
0.076358
0.02618
-0.0087266
-0.019635
-0.019635
0.016362
0.010908
0.045815
0.027271
0.027271
0.0087266
0.01309
-0.0010908
-0.10036
-0.10036
-0.16581
0.1789
-0.022907
-0.022907
-0.05236
-0.076358
-0.88684
-0.54432
-1.5795
-1.5795
-0.88575
0.1789
0.73413
0.73413
0.38833
0.12435
0.31961
0.37524
0.61414
0.61414
1.237
-0.13308
-0.01309
-0.01309
-0.058905
0.05236
0.017453
0.045815
0.045815
0.018544
0.069813
0.10254
0.29016
0.15053
0.44724
0.44724
0.22144
0.080721
-0.13744
-0.28798
-0.28798
-0.33379
-0.18326
-0.18326
-0.19635
-0.046906
-0.076358
0.0032725
0.0032725
0.043633
0.014181
0.014181
-0.0076358
0.020726
0.020726
-0.017453
-0.017453
-0.025089
-0.025089
-0.025089
-0.0032725
0.014181
0.064359
0.040361
0.040361
0.014181
-0.034906
0.063268
0.063268
0.021817
0.020726
-0.018544
-0.0087266
-0.0087266
0
0.0076358
0.041451
0.059995
0.059995
0.0043633
0.0010908
0.0076358
-0.16908
-0.16908
0.17671
0.01309
-0.021817
-0.047996
-0.047996
-0.53341
-0.79085
-0.65231
-1.2512
-1.2512
0.13199
1.4257
0.86503
-0.085084
-0.085084
-0.38833
0.13526
0.21271
0.73849
0.06654
0.0098174
0.0098174
-0.032725
0.022907
0.022907
-0.01309
-0.14072
0.09272
0.095993
0.095993
0.13635
0.25962
0.077449
0.1429
0.27271
0.2018
-0.11672
0.11017
-0.21053
-0.26725
-0.23016
-0.24107
-0.13417
-0.1429
-0.071995
-0.087266
-0.031634
0.019635
0.018544
0.018544
0.0021817
-0.021817
0.021817
0.019635
0.019635
-0.0087266
0.0076358
-0.015272
-0.017453
-0.029452
-0.053451
-0.053451
0.073085
0.099265
0.099265
0.080721
0
-0.029452
-0.0098174
-0.058905
0.014181
0.050178
0.0021817
-0.017453
-0.0043633
-0.0032725
-0.0087266
0.030543
0.041451
0.049087
0.067631
0.035997
-0.028361
-0.083994
0.029452
0.010908
-0.01309
-0.070904
-0.041451
-0.36215
-0.54432
-0.54432
-1.369
-0.87921
0.099265
0.79412
0.91629
0.82248
0.22362
-0.69049
-0.21053
0.25634
0.22144
0.94902
0.27162
0.11454
-0.0098174
-0.049087
0.019635
-0.016362
-0.13963
0.059995
0.1429
0.062177
0.055632
0.20071
0.23562
0.27707
0.19199
0.023998
-0.02618
-0.02618
-0.10036
-0.20289
-0.15599
-0.23344
-0.23344
-0.14399
-0.051269
-0.10254
-0.040361
-0.0021817
0.011999
0.010908
0.010908
0.040361
-0.011999
0.010908
0.031634
-0.006545
0.019635
-0.0021817
-0.043633
-0.03927
-0.042542
-0.023998
-0.0010908
-0.0010908
0.038179
0.087266
0.046906
0.0098174
-0.030543
0.03927
-0.061086
0.025089
0.017453
0.021817
-0.0054541
-0.022907
-0.0043633
0.0087266
0.041451
0.030543
0.061086
0.040361
0
-0.062177
-0.12654
-0.0021817
0.1069
-0.0021817
-0.033816
-0.042542
-0.13526
-1.0657
-0.37306
-0.58686
-1.2534
-1.333
1.3188
1.0112
0.53451
0.50833
-0.42215
0.11672
0.070904
0.37197
0.84866
0.61414
-0.1069
-0.010908
-0.017453
-0.017453
-0.017453
0.0010908
-0.038179
0.033816
0.056723
0.071995
0.10036
0.090539
0.17671
0.32943
0.081812
0.40579
-0.044724
-0.056723
-0.14726
-0.098174
-0.35125
-0.27925
-0.19308
-0.13308
-0.13308
-0.059995
-0.070904
-0.015272
-0.0021817
0.011999
0.020726
0.034906
0.027271
0.0032725
0.01309
0.068722
0.014181
-0.020726
-0.0021817
-0.035997
-0.035997
-0.029452
-0.055632
-0.029452
-0.0087266
0.038179
0.038179
0.081812
0.030543
-0.0076358
-0.021817
0.027271
0.027271
-0.037088
0.0087266
0.019635
0.044724
0.021817
-0.042542
-0.0043633
0.0010908
0.010908
0.010908
0.051269
0.06545
0.047996
0.015272
-0.042542
-0.087266
-0.087266
-0.037088
0.057814
-0.035997
-0.021817
-0.047996
-0.047996
-0.19199
-0.43415
-0.27052
-0.8803
-1.3995
-1.3995
-0.76467
0.39706
0.99047
0.87593
0.58359
0.58359
-0.39052
-0.081812
0.22471
0.23889
0.68831
0.68831
0.41888
0.19308
0.017453
-0.038179
-0.062177
-0.062177
0.023998
-0.019635
0.0054541
0.074176
0.041451
0.041451
0.033816
0.11999
0.06545
0.25744
0.062177
0.062177
0.48105
-0.017453
0.1778
-0.30107
-0.41451
0.017453
-0.34361
-0.09272
-0.11781
-0.11781
-0.050178
-0.081812
-0.046906
-0.0043633
0.006545
0.020726
0.020726
0.021817
0.0054541
0.020726
0.076358
0.046906
0.046906
0.018544
-0.025089
-0.0098174
-0.025089
-0.021817
-0.037088
-0.056723
-0.014181
0.016362
0.031634
0.031634
0.017453
-0.016362
-0.074176
-0.015272
-0.015272
0.042542
0.025089
0.018544
0.03927
0.028361
-0.034906
-0.034906
0.010908
0.010908
0.034906
0.034906
0.054541
0.054541
-0.0021817
0.019635
-0.058905
-0.011999
-0.017453
-0.040361
-0.018544
-0.016362
-0.032725
-0.032725
-1.0483
0.0054541
-0.56723
-1.6657
-0.81485
0.30652
0.30652
0.50069
0.76031
0.4156
-0.011999
0.043633
0.27489
0.35343
0.63704
0.63704
1.1846
-0.13308
0.017453
-0.071995
-0.021817
-0.0098174
-0.028361
-0.028361
-0.031634
0.068722
0.027271
0.056723
0.13744
0.13744
0.063268
0.12545
0.31416
0.15926
0.17235
0.17235
-0.28471
-0.03927
-0.10145
-0.37415
-0.26071
-0.26071
-0.24762
0.035997
-0.055632
-0.042542
-0.0021817
0.0032725
0.018544
0.018544
0.038179
0.038179
0.006545
0.011999
0.057814
0.025089
-0.040361
-0.019635
-0.033816
-0.02618
-0.045815
-0.027271
-0.027271
0.0021817
0.0032725
0.010908
0.014181
-0.027271
-0.027271
-0.046906
0.0087266
0.050178
-0.0010908
0.027271
0.035997
0.021817
-0.025089
-0.025089
0.0098174
0.0043633
0.022907
0.030543
0.055632
0.045815
-0.0032725
-0.0054541
-0.0054541
-0.061086
-0.0087266
-0.01309
-0.049087
-0.0021817
0.0076358
-0.038179
-0.86939
-0.23453
-0.36979
-0.36979
-1.2894
-0.9392
-0.016362
0.71667
0.96102
0.56941
-0.22907
-0.21162
0.19744
0.13199
0.50723
0.91848
0.091629
0.2018
0.0076358
-0.076358
0.042542
0.042542
-0.083994
0.095993
0.030543
0.030543
0.037088
0.083994
0.082903
0.098174
0.25089
0.17235
0.11126
0.22144
-0.12763
-0.18326
-0.11999
-0.20944
-0.19089
-0.17671
-0.15162
-0.064359
-0.064359
-0.011999
0.0021817
0.019635
0.027271
0.027271
0.070904
0.041451
0.044724
0.044724
0.030543
-0.0043633
-0.025089
-0.01309
-0.01309
-0.02618
-0.0054541
0.0043633
0.021817
-0.016362
-0.016362
-0.017453
-0.027271
0.05236
-0.006545
-0.006545
0.041451
0.011999
-0.01309
0
0
0.032725
0.03927
0.06545
0.021817
0.021817
-0.0087266
-0.034906
-0.025089
-0.032725
-0.032725
0.0010908
-0.057814
-0.041451
-0.041451
-0.45815
-0.39161
-1.369
-1.1814
-0.20835
-0.20835
1.1432
0.8443
0.15708
0.15708
-0.77776
0
0.42106
0.69267
0.44506
0.44506
0.18871
-0.028361
-0.10799
-0.10799
0.0010908
0.0043633
0.13853
0.0021817
0.049087
0.049087
0.12763
0.11999
0.20289
0.20289
0.37524
-0.017453
0.073085
-0.21817
-0.21817
-0.09272
-0.27816
-0.27816
-0.088357
-0.088357
-0.043633
-0.023998
0.01309
0.040361
0.02618
0.02618
0.054541
0.054541
0.0054541
0.0054541
-0.042542
-0.011999
-0.033816
-0.014181
-0.014181
-0.035997
-0.022907
0.0021817
0.022907
-0.031634
-0.031634
-0.0098174
-0.0098174
0.006545
0.006545
0.018544
0.053451
-0.0010908
-0.01309
-0.01309
0.016362
0.05236
0.051269
0.022907
0.022907
-0.0021817
-0.089448
-0.089448
-0.15053
-0.071995
0.13199
-0.038179
-0.06654
-0.06654
-0.86284
-0.70576
-0.57377
-1.3614
-1.3614
-1.0308
0.76576
0.8683
0.8683
0.48433
-0.50505
0.027271
0.24435
0.24435
0.66977
0.71231
0.13744
-0.042542
-0.042542
-0.0087266
-0.045815
-0.019635
0.083994
0.083994
0.063268
0.051269
0.12435
0.097084
0.097084
0.3447
0.25853
0.053451
-0.25416
-0.25416
-0.12326
-0.086175
-0.20398
-0.15053
-0.15053
-0.14399
-0.05236
-0.098174
0.023998
0.023998
0.042542
0.037088
0.068722
0.053451
0.053451
-0.01309
-0.020726
-0.033816
-0.027271
-0.027271
-0.0043633
-0.016362
-0.0076358
-0.01309
-0.0087266
0.021817
0.021817
-0.011999
0.0032725
0.05236
0.05236
0.019635
0.014181
0.019635
0.031634
-0.0032725
-0.019635
-0.0021817
0.03927
0.057814
0.045815
0.045815
0.022907
0.0087266
-0.0010908
-0.021817
-0.12545
-0.12545
-0.056723
0.045815
0.025089
-0.033816
-0.033816
-0.75703
-0.75703
-0.62286
-0.46033
-1.3799
-1.3799
0.13963
0.13963
0.68831
-0.34906
-0.34906
0.018544
0.23344
0.45924
0.60759
0.45815
0.45815
0.10799
0.029452
-0.040361
-0.037088
0.011999
0.011999
-0.0087266
-0.0098174
0.034906
0.037088
0.058905
0.057814
0.095993
-0.10472
0.39706
0.39706
-0.028361
-0.042542
-0.0076358
-0.22907
-0.11672
-0.11672
-0.23453
-0.13963
0.029452
-0.07854
-0.07854
-0.057814
-0.0021817
0.014181
0.022907
0.010908
-0.011999
0.011999
0.011999
-0.019635
-0.006545
-0.006545
0.02618
0.015272
0.014181
0.025089
-0.015272
-0.015272
-0.049087
-0.094902
-0.017453
0.07963
0.14617
0.14617
0.0021817
-0.051269
-0.027271
-0.061086
-0.037088
-0.037088
-0.019635
0.030543
0.038179
-0.0054541
-0.0021817
-0.0021817
0.0087266
0.015272
0.023998
0.025089
0.02618
0.02618
0.018544
0.019635
0.022907
0.023998
0.0010908
0.0010908
-0.022907
-0.022907
-0.040361
0
0
-0.0054541
-0.0054541
-0.023998
0.0054541
0.0054541
-0.0054541
-0.011999
0.014181
0.022907
0.025089
0.025089
0.020726
0.0098174
0
0
0.006545
0.006545
-0.0076358
-0.0076358
0.0010908
-0.0087266
-0.0087266
-0.015272
-0.01309
-0.0054541
0.0054541
0.0021817
-0.011999
-0.016362
-0.0054541
0.006545
0.006545
-0.0032725
-0.0087266
-0.0098174
-0.006545
-0.006545
0.0010908
0.0043633
0.0054541
0.0076358
0.0032725
0.0021817
0
0.0021817
0.0054541
0.0054541
-0.0010908
-0.0054541
-0.0054541
-0.0021817
-0.0021817
-0.006545
-0.0010908
0.0032725
-0.0010908
0.0021817
0
0.0010908
0.0054541
-0.0032725
0
0.0043633
0.0021817
0.0021817
0.0032725
0.0021817
0.0032725
0.0076358
0.0054541
0.0010908
0
-0.0010908
-0.0010908
-0.0054541
0.0032725
0
-0.0010908
0
0.0021817
0
-0.0021817
-0.0021817
0.0010908
-0.0010908
-0.0021817
-0.0010908
-0.0010908
-0.0021817
-0.0043633
0
0.0010908
0
0.0010908
0.0032725
-0.0010908
-0.0032725
-0.0043633
-0.0032725
-0.0021817
0.0021817
0.0032725
0.0010908
-0.0021817
0
-0.0021817
-0.0010908
0.0010908
0
0.0010908
0.0021817
-0.0010908
0
0.0010908
0.0010908
0.0010908
0
0.0021817
-0.0021817
-0.0010908
0.0021817
0
0
-0.0010908
-0.0021817
-0.0010908
-0.0010908
0.0010908
0.0010908
0.0032725
0.0010908
0
0.0010908
0
0.0010908
0
-0.0021817
0
0.0010908
-0.0010908
-0.0021817
0
0.0021817
0.0032725
0
0.0010908
0.0010908
-0.0010908
0.0010908
0
0
0.0010908
0
0.0032725
0.0010908
0
0
-0.0010908
-0.0010908
0
0.0010908
-0.0010908
0.0010908
0.0010908
-0.0021817
-0.0010908
-0.0010908
0.0021817
-0.0010908
-0.0021817
0.0010908
0
0
0.0032725
0
0
0.0021817
0.0032725
0.0010908
-0.0021817
-0.0010908
-0.0010908
-0.0010908
-0.0010908
-0.0010908
0.0010908
0
-0.0032725
0.0010908
-0.0010908
0.0010908
-0.0021817
-0.0010908
-0.0010908
0.0010908
-0.0021817
0.0021817
0.0010908
-0.0010908
0.0021817
0.0010908
-0.0010908
0
0
0.0010908
-0.0010908
-0.0010908
0.0010908
0.0032725
0
0.0021817
0
0.0010908
-0.0010908
-0.0021817
-0.0021817
-0.0021817
-0.0010908
-0.0076358
-0.0032725
-0.0054541
-0.0054541
0
0.0021817
0.0032725
-0.0032725
0.0010908
0.0021817
-0.0010908
-0.0010908
-0.0021817
0
0.0010908
0.0010908
0.0010908
-0.0021817
-0.0043633
0
0.023998
0.017453
-0.0021817
-0.0054541
-0.01309
-0.0032725
0.0010908
0.011999
0
0
0.011999
0.006545
0.032725
0.0054541
0.056723
0.13526
0.13526
0.13744
0.50505
-0.073085
-0.46906
-0.21162
0.58905
0.58905
2.2711
2.2198
1.1094
1.2959
1.2959
0.57377
0.13199
-0.23235
-0.25089
-0.62395
-1.3559
-1.3559
-2.2111
-4.1462
0.034906
0.44069
0.44069
0.099265
-0.09272
0.022907
0.056723
-0.14508
-0.057814
-0.057814
0.16362
-0.064359
-0.064359
-0.006545
0.050178
0.050178
0.040361
-0.006545
-0.006545
0.21271
0.46033
0.60105
0.60105
0.22253
-0.41233
-0.51378
-0.58577
-0.10581
-0.10581
0.020726
0.028361
-0.0043633
-0.042542
-0.028361
-0.028361
-0.044724
-0.054541
0.056723
0.034906
0
0.019635
-0.021817
-0.021817
-0.043633
-0.035997
-0.042542
-0.006545
0.010908
-0.0087266
0.02618
-0.025089
-0.025089
0.054541
0.033816
0.017453
0.028361
0.070904
0.03927
0.03927
0.027271
0.0076358
0.011999
-0.021817
0.022907
0.076358
0.076358
0.035997
0.0076358
0.0054541
-0.017453
-0.02618
-0.021817
-0.055632
-0.073085
-0.073085
-0.086175
-0.031634
-0.064359
0.27162
0.88902
0.098174
0.098174
-1.6286
-1.3668
-0.92502
-0.25853
0.16253
0.16253
0.31416
0.27707
-0.098174
-0.22035
-0.7854
-0.65341
0.14617
0.63159
1.5217
0.24216
0.24216
0.29016
0.037088
-0.0076358
0.025089
-0.1189
-0.1189
-0.040361
0.069813
0.0076358
-0.032725
0.034906
0.034906
0.19089
0.23562
0.35997
0.29125
0.2138
0.2138
0.10036
0.32288
-0.14072
-0.14072
-0.19962
-0.60868
-0.42542
-0.33052
-0.22907
0.22907
0.22907
0.095993
-0.0054541
0.011999
0.03927
0.0098174
0.0098174
0.021817
0.0076358
-0.01309
-0.020726
-0.03927
-0.025089
-0.011999
-0.0098174
0.0032725
0.016362
0.016362
-0.019635
0.011999
0.01309
-0.0087266
0.016362
0.016362
0.0010908
0.017453
0.01309
0.042542
0.011999
0.011999
-0.090539
0.0076358
0.056723
0.046906
0.011999
0.011999
0.018544
0
-0.017453
0.01309
-0.016362
-0.016362
-0.006545
-0.064359
-0.011999
-0.011999
0.049087
0.12217
0.59668
0.33707
-1.1203
-1.1803
-1.1803
-1.1759
-0.49633
0.20944
0.57923
0.87484
0.87484
0.3927
0.2378
-0.12217
-0.46687
-1.333
-1.333
-0.87921
0.59559
-0.19744
0.79194
-0.020726
-0.020726
-0.0054541
-0.028361
0.09272
0.027271
-0.016362
-0.016362
0.006545
-0.02618
-0.023998
0.016362
0.044724
0.044724
0.029452
0.11017
0.21489
0.19308
0.2738
0.2738
-0.06654
-0.15926
-0.32507
-0.17999
-0.19308
-0.19308
-0.050178
-0.006545
-0.031634
-0.0076358
-0.02618
-0.02618
-0.023998
-0.010908
0.046906
0.021817
0.044724
0.044724
-0.0087266
-0.027271
-0.0098174
-0.010908
-0.029452
-0.029452
-0.043633
-0.03927
-0.030543
-0.028361
-0.0021817
-0.0076358
-0.0076358
0.044724
0.1429
0.02618
0.02618
0.02618
0.0032725
0.044724
0.058905
-0.067631
-0.067631
-0.041451
0.028361
0.010908
0.057814
0.0043633
0.0043633
-0.0043633
-0.0043633
0.006545
-0.014181
-0.031634
-0.031634
-0.049087
-0.019635
0.0010908
0.031634
0.35452
0.35452
0.70031
0.0087266
-1.0919
-0.81703
-1.6439
-1.6439
-1.0843
0.55959
0.79194
0.80721
0.51051
0.51051
0.28907
-0.045815
-0.15926
-1.237
-1.8511
-1.8511
0.59232
0.30434
0.59014
0.053451
0.0087266
0.0087266
0.011999
0.067631
0.070904
0.016362
-0.027271
-0.027271
-0.049087
-0.029452
0.042542
0.14508
0.17126
0.17126
0.2138
-0.042542
0.39597
0.2858
-0.20944
-0.20944
0
-0.42106
-0.14399
-0.15162
-0.15162
-0.11672
-0.070904
-0.037088
-0.020726
-0.02618
-0.02618
0.006545
0.018544
0.028361
0.053451
0.053451
0.030543
-0.034906
0.0076358
-0.017453
-0.022907
-0.043633
-0.043633
-0.032725
-0.045815
-0.035997
-0.014181
-0.0032725
0.0032725
0.0032725
0.055632
0.14835
0.14835
-0.0087266
0.02618
0.041451
0.067631
-0.031634
-0.031634
-0.051269
0.0043633
0.0098174
0.038179
-0.0054541
-0.010908
-0.010908
0.022907
-0.014181
-0.01309
0
-0.030543
-0.030543
-0.037088
0.083994
0.06654
0.12872
0.12872
0.7374
0.30325
-0.80285
-1.0821
-1.6908
-1.6908
-0.96647
0.56614
0.62504
0.80939
0.4396
0.4396
0.25853
0.083994
0.0021817
-0.82139
-0.95556
-0.95556
-0.36215
-0.54759
0.38179
0.32398
-0.03927
-0.03927
0.035997
-0.011999
0.083994
0.019635
-0.021817
-0.021817
-0.051269
-0.021817
0.0076358
0.1778
0.25416
0.25416
0.37415
0.2258
0.13417
0.017453
0.10472
0.10472
-0.22362
-0.16908
-0.28689
-0.20071
-0.20071
-0.18217
-0.099265
-0.028361
-0.006545
-0.0098174
0
0.0076358
0.0076358
0.054541
0.057814
0.057814
-0.023998
-0.016362
-0.006545
-0.030543
-0.034906
-0.034906
-0.041451
-0.049087
-0.031634
-0.02618
0.0032725
0.0032725
0.044724
0.044724
0.050178
0
0.0098174
0.0098174
0.032725
0.032725
0.010908
-0.061086
0.010908
-0.0010908
-0.0010908
0.061086
-0.023998
0.010908
0.010908
-0.015272
-0.014181
-0.011999
-0.0021817
-0.061086
-0.061086
0.058905
0.11454
0.034906
0.39597
0.35016
0.35016
-0.41015
-0.86066
-1.4944
-1.1061
-0.26398
-0.26398
0.0087266
0.78867
0.39815
0.35561
0.22798
0.22798
0.038179
-0.55196
-0.75594
-0.46142
-0.4756
-0.4756
0.36434
0.77558
-0.10036
0.030543
0.019635
0.019635
0.10036
0.027271
-0.03927
-0.064359
-0.037088
-0.037088
0.032725
0.18871
0.3327
0.39815
0.48651
0.48651
0.32288
-0.13308
0.3087
0.080721
-0.3687
-0.3687
-0.21926
-0.31634
-0.61414
-0.33816
-0.10581
-0.10581
-0.10363
-0.042542
-0.034906
-0.019635
0.020726
0.020726
0.045815
0.073085
0.057814
0.0054541
-0.006545
-0.014181
-0.014181
-0.029452
-0.035997
-0.043633
-0.043633
-0.030543
-0.018544
-0.0021817
0.020726
0.035997
0.035997
0.054541
0.080721
-0.0010908
0.016362
0.011999
0.011999
0.038179
0.056723
-0.09272
-0.015272
0.031634
0.031634
0.0087266
0.037088
0.0054541
0.011999
-0.010908
-0.010908
-0.022907
-0.0087266
-0.027271
0.0032725
0.018544
0.018544
0.059995
0.12326
0.44833
0.093811
-0.65668
-0.65668
-0.6894
-1.0701
-1.3374
-1.2697
-0.40033
-0.40033
0.033816
0.60323
0.63159
0.43633
0.1309
0.1309
-0.42324
-0.91739
-0.45597
-0.13417
1.8337
1.8337
0.81048
0.034906
-0.054541
0.019635
0.01309
0.01309
-0.022907
-0.040361
-0.068722
-0.044724
-0.044724
-0.028361
-0.014181
0.076358
0.25525
0.2498
0.2498
0.44833
0.80285
0.55959
-0.054541
0.11454
0.11454
0.054541
-0.48542
-0.4636
-0.76794
-0.65777
-0.65777
-0.16035
-0.041451
-0.0032725
-0.023998
-0.023998
-0.023998
0.0010908
0.069813
0.090539
0.080721
0.020726
0.020726
0.041451
-0.02618
-0.056723
-0.034906
-0.034906
-0.050178
-0.033816
-0.010908
0.0043633
0.027271
0.027271
0.029452
0.077449
-0.015272
0.031634
0.027271
0.027271
0.047996
0.025089
0.022907
-0.023998
-0.006545
-0.006545
0.022907
0.011999
0.023998
0.032725
-0.006545
-0.006545
0.0032725
0.0032725
-0.0043633
-0.0010908
-0.055632
-0.055632
-0.047996
-0.031634
-0.027271
-0.0076358
-0.38288
-0.38288
-0.41888
-1.0286
-0.6654
-0.56941
-1.2937
-1.2937
-1.9199
-0.86393
-0.51814
0.018544
0.23671
0.23671
0.47233
0.11563
-0.50178
0.24653
1.633
1.633
2.4205
0.84866
0.20944
-0.042542
0.043633
0.043633
-0.14508
-0.033816
0.057814
-0.034906
-0.057814
-0.057814
-0.064359
-0.038179
0.0010908
0.071995
0.045815
0.045815
0.22907
0.50833
0.61632
0.71558
0.59123
0.59123
0.2618
-0.040361
-0.36979
-0.87593
-0.87593
-0.7494
-0.73958
-0.045815
0
-0.0043633
-0.006545
-0.006545
-0.0076358
-0.014181
0.031634
0.068722
0.068722
0.025089
0.006545
-0.014181
-0.034906
-0.056723
-0.06654
-0.06654
-0.038179
0.0087266
0.010908
-0.006545
0.029452
0.038179
0.038179
0.044724
0.0043633
-0.0087266
-0.011999
-0.011999
0.014181
0.019635
0.017453
-0.011999
-0.011999
-0.1669
-0.1309
-0.06545
-0.02618
0.19199
0.19199
0.13635
0.064359
0.094902
0.059995
-0.015272
-0.015272
-0.015272
-0.011999
-0.045815
-0.064359
-0.062177
-0.062177
-0.046906
-0.41888
-0.6425
-0.96102
-0.96102
-1.7737
-1.8195
-1.1857
-0.83557
0.10472
0.63377
0.63377
0.39161
0.31852
-0.0076358
0.099265
0.47015
0.47015
1.9133
2.2798
0.11563
-0.037088
-0.099265
-0.099265
0.027271
-0.015272
-0.0021817
-0.006545
-0.041451
-0.041451
-0.070904
-0.076358
0.0087266
0.095993
0.095993
0.095993
0.19526
0.37415
0.62723
0.72758
0.4756
0.4756
0.15817
0.13417
-0.11999
-0.7854
-1.1399
-1.1399
-0.68286
-0.13963
-0.029452
-0.011999
-0.030543
-0.030543
-0.023998
0.02618
0.035997
0.049087
0.020726
-0.015272
-0.015272
-0.015272
-0.028361
-0.038179
-0.038179
-0.025089
-0.020726
0.0054541
0.014181
0.062177
0.062177
0.061086
0.086175
0.0032725
0.025089
0.023998
0.023998
0.022907
0.051269
0.023998
0.0010908
0.016362
-0.046906
-0.030543
-0.030543
-0.022907
0.035997
0.069813
0.069813
0.069813
0.030543
-0.0098174
-0.011999
-0.006545
-0.043633
-0.073085
-0.073085
-0.030543
-0.02618
-0.017453
0.02618
0.35779
0.35779
-0.16581
-1.597
-1.7104
-1.7104
-1.7573
-0.57159
-0.57159
0.39597
0.2138
0.2138
-0.17344
0.24216
0.24216
0.55305
0.73085
2.714
0.67413
0.062177
-0.076358
-0.076358
0.006545
-0.010908
-0.027271
-0.041451
-0.07854
-0.07854
-0.029452
-0.035997
-0.0087266
0.10908
0.1069
0.1069
0.24871
0.29016
0.65886
0.67958
-0.055632
-0.055632
-0.20835
0.34034
-0.037088
-0.63922
-0.72213
-0.72213
-0.47669
-0.054541
-0.040361
-0.020726
-0.049087
-0.049087
-0.030543
0.010908
0.015272
0.042542
0.014181
0.014181
-0.01309
-0.021817
-0.034906
-0.022907
-0.018544
-0.0098174
-0.0098174
-0.0043633
-0.0076358
0.0043633
0.057814
0.059995
0.063268
0.043633
0.035997
0.021817
0.021817
0.020726
0.0032725
0.006545
0.045815
0.0043633
0.0043633
0.0098174
0.0087266
-0.0032725
0.015272
0.042542
0.019635
0.019635
-0.018544
-0.018544
-0.042542
-0.042542
-0.020726
-0.025089
-0.014181
-0.031634
-0.047996
-0.047996
0.22907
0.031634
-0.89557
-1.7268
-1.9515
-1.9515
-1.6439
-0.64359
1.1508
0.86393
0.58468
0.58468
0.11345
-0.58468
-0.77885
-0.094902
1.4268
1.4268
2.4958
0.5465
0.076358
0
-0.076358
-0.076358
-0.07963
-0.071995
0.16908
-0.018544
-0.025089
-0.025089
0
0.017453
0.056723
0.056723
0.022907
0.022907
0.073085
0.42433
0.42433
0.58032
0.42869
0.42869
0.28361
0.25089
0.17999
-0.10472
-0.10472
-0.30107
-0.30543
-0.29561
-0.25634
-0.24544
-0.24544
-0.24216
-0.27271
-0.27816
-0.19199
-0.12326
-0.12326
-0.070904
-0.075267
-0.043633
0.0043633
-0.027271
-0.027271
-0.055632
-0.035997
-0.032725
-0.022907
-0.0021817
-0.0043633
-0.0043633
-0.0021817
0.0043633
0.0076358
0.0076358
-0.0043633
0.0010908
0.0032725
0.0054541
0.0054541
-0.0054541
0.0021817
0.0032725
-0.0098174
-0.006545
0.0054541
0.0043633
0.0043633
-0.0043633
-0.0043633
-0.0043633
-0.0021817
-0.0054541
-0.0043633
-0.0043633
-0.0032725
-0.0021817
-0.0032725
-0.0032725
0
-0.0010908
0.0032725
0.0021817
0.0076358
0.0032725
0.0021817
0.0043633
0.006545
0.0087266
0.01309
0.0098174
0.014181
0.0098174
0.0076358
0.0076358
-0.0021817
-0.0043633
-0.0054541
-0.0010908
0
-0.0076358
-0.0043633
-0.0021817
-0.0043633
0.0010908
-0.0032725
-0.0043633
-0.006545
-0.0076358
-0.0010908
-0.0054541
-0.0054541
-0.0021817
-0.0010908
0.0021817
0.0032725
0.0010908
-0.0021817
-0.0021817
0.0021817
0.0010908
0
0.0010908
0
0
0
0.0021817
0.0021817
-0.0010908
-0.0010908
0.0010908
0.0043633
0
0.0043633
0.0043633
0.0032725
0.0032725
0.0010908
-0.0021817
0
-0.0010908
0.0021817
0.0010908
-0.0021817
-0.0010908
0
-0.0010908
-0.0032725
-0.0010908
-0.0021817
0.0021817
0.0021817
0.0021817
-0.0010908
0
0.0021817
0.0032725
0.0032725
0.0043633
0.006545
0.0032725
0.0021817
0.0043633
0.0010908
0.0021817
0
-0.0010908
0
0
0.0010908
-0.0010908
-0.0054541
-0.0010908
-0.0021817
0.0021817
-0.0021817
0
-0.0021817
0
-0.0010908
-0.0010908
0.0010908
0
0.0010908
0.0021817
0.0010908
0.0010908
0
0.0021817
0
0
-0.0032725
0
0.0010908
-0.0021817
-0.0043633
-0.0021817
-0.0010908
-0.0010908
0.0010908
-0.0021817
-0.0021817
-0.0010908
0
-0.0010908
0.0010908
0
0.0010908
-0.0021817
-0.0010908
0
0
0
0
-0.0010908
-0.0021817
0.0010908
-0.0021817
0
0.0010908
0.0010908
0.0010908
0.0032725
0.0010908
0.0043633
0.0043633
0.0032725
0.0043633
0.0032725
0.0032725
0.0021817
0.0021817
0.0043633
0.0010908
0.0021817
0.0032725
0.0010908
0
0
0
0.0021817
0.0021817
-0.0043633
0.0010908
0.0010908
0.0010908
0.0021817
0.0021817
0.0043633
0.0043633
0.0032725
0.0032725
0.0032725
0.0010908
-0.0021817
0.0010908
0.0032725
0.0032725
0.0032725
0.0021817
0.0010908
0.0032725
0.0010908
0.0032725
0.0021817
0
0
0
0.0021817
0.0010908
0
0.0021817
0.0010908
0
-0.0010908
-0.0010908
0.0010908
0
0
0.0021817
0.0021817
0.0043633
0.0010908
0.0010908
0.0021817
0.0010908
0.0010908
0.0032725
0.0032725
0.0010908
0
0.0010908
0.0032725
0.0021817
0
0.0032725
0.0010908
0.0021817
0.0021817
0
0.0021817
0.0010908
0.0021817
0.0010908
0.0032725
0
-0.0021817
0
0
-0.0010908
0.0010908
0.0021817
0
0
0.0010908
0.0021817
0.0010908
-0.0010908
0.0010908
0.0010908
0.0010908
0.0010908
-0.0010908
0
0
-0.0010908
-0.0010908
-0.0021817
-0.0021817
-0.0010908
0
-0.0021817
0
-0.0032725
-0.0021817
-0.0010908
0
0
-0.0021817
-0.0010908
-0.0010908
-0.0010908
-0.0010908
0
-0.0021817
0
0.0032725
0.0010908
0
-0.0010908
0
-0.0010908
-0.0010908
0
0
0
-0.0021817
-0.0021817
0
-0.0021817
-0.0010908
-0.0010908
-0.0021817
-0.0010908
-0.0010908
-0.0021817
-0.0032725
-0.0021817
0.0010908
-0.0021817
-0.0010908
-0.0010908
0.0021817
0
0
0
-0.0010908
-0.0010908
-0.0010908
-0.0010908
0.0021817
0.0021817
0.0021817
0.0021817
0.0021817
0.0010908
0.0010908
-0.0010908
-0.0010908
0.0010908
-0.0010908
0.0010908
0.0010908
0.0010908
0.0010908
0.0010908
0
-0.0010908
0.0010908
0.0010908
0.0021817
0.0021817
0
0.0032725
0.0032725
0.0043633
0.0021817
0.0032725
0.0010908
0.0010908
0.0010908
0.0021817
0
0
0
0.0010908
0
0
0.0010908
0.0010908
0.0021817
0.0021817
-0.0010908
-0.0010908
-0.0010908
0.0010908
-0.0010908
-0.0010908
0
0
-0.0010908
-0.0032725
0
0.0021817
0.0021817
0.0010908
0
-0.0010908
0
0
0
0
0.0021817
0
0
-0.0010908
0.0010908
0.0021817
0.0010908
0.0010908
0.0021817
0
-0.0010908
0
0
0.0010908
-0.0021817
-0.0010908
0.0010908
0.0010908
0.0010908
-0.0010908
0
0
0
0.0010908
0.0010908
0.0010908
0.0010908
0.0010908
0.0010908
0.0021817
0.0010908
0.0021817
0.0021817
0
0.0021817
0
0.0021817
0
0.0010908
0.0010908
-0.0021817
0.0010908
-0.0010908
0
0.0010908
-0.0010908
0.0032725
0.0021817
0.0021817
0.0010908
0.0010908
-0.0010908
0.0021817
0
-0.0021817
-0.0010908
-0.0032725
-0.0021817
-0.0054541
0.0076358
0.010908
-0.0032725
0.006545
0.0098174
0.01309
0.0098174
0.0098174
0.0054541
0.01309
0.014181
-0.01309
0.006545
0.0054541
-0.0032725
-0.030543
-0.033816
0.017453
0.0032725
-0.016362
-0.068722
-0.0054541
-0.0032725
0.0021817
0
-0.006545
0.0043633
-0.028361
0.0032725
-0.0010908
-0.041451
-0.037088
-0.016362
-0.016362
-0.06545
-0.043633
-0.075267
-0.17344
-0.07854
-0.25634
-0.25634
-0.45378
-0.40688
-0.2498
0.15708
0.18435
0.18435
0.54978
0.53996
0.17671
0.0043633
-0.025089
-0.025089
-0.038179
-0.010908
0.019635
0.051269
0.057814
0.057814
-0.15381
0.63159
2.5907
0.92066
-0.2258
-0.2258
-0.36979
-0.40906
-0.48215
-1.0734
-1.0505
-0.15817
-0.15817
-0.063268
-0.042542
0.019635
0.045815
0.062177
0.062177
0.03927
0.018544
0.038179
-0.0087266
-0.011999
0.0010908
-0.0076358
-0.0076358
-0.12435
-0.26398
-0.44942
-1.3559
-1.765
-1.477
-1.7355
-1.681
-1.681
-0.81376
-0.28361
-0.11236
-0.19853
1.2795
1.2795
0.63922
1.3504
0.51269
0.12763
-0.50287
-0.16035
0.73958
0.73958
1.2108
1.177
0.65559
0.49742
0.41233
0.30652
0.80394
0.79739
0.79739
0.36106
-0.023998
-0.27598
-0.27271
0.16581
0.16581
1.1432
0.74831
1.333
0.75049
0.95229
0.8683
0.8683
0.41015
0.25744
-1.057
-1.2545
-1.5686
-1.6886
-0.22362
-0.22362
-0.029452
0.076358
0.089448
0.098174
-0.070904
-0.075267
-0.021817
-0.021817
-0.055632
-0.017453
-0.027271
0.021817
0.082903
0.082903
0.07854
-0.035997
0.18217
0.98283
1.0821
1.0821
-0.94466
-0.94466
-1.0363
0.011999
-0.028361
-0.028361
-0.0032725
-0.0032725
0.080721
0.059995
0.091629
0.091629
0.091629
-0.0087266
-0.2738
-0.4516
-0.30761
-0.30761
-0.31089
-0.62613
-0.32179
-0.40797
-0.20617
-0.20617
-0.37197
-0.27598
0.40142
-0.37306
-0.4516
-0.4516
0.049087
-1.6133
-2.1838
-1.8664
-2.3442
-2.3442
-1.1585
0.59014
0.88139
2.6038
1.2741
1.2741
1.4312
1.0396
0.057814
-0.025089
-0.046906
-0.046906
0.7014
1.1072
0.99483
1.5261
0.87048
0.87048
0.31416
0.23998
0.03927
0.0087266
0.0054541
0.0054541
0.24216
0.66868
1.3221
1.3134
0.62941
0.62941
0.72322
0.70358
-0.12763
0.37743
0.37852
0.37852
0.45269
0.52905
-1.2152
-1.4072
-1.8282
-1.8282
-2.3235
-1.0679
-0.022907
0.02618
0.057814
0.057814
0.02618
-0.021817
-0.077449
-0.018544
-0.019635
-0.019635
-0.0043633
0.049087
0.21598
0.0087266
0.17453
0.17453
1.5195
1.8413
1.1835
0.89011
-0.87812
-0.87812
-1.6777
-1.6242
-1.237
-0.43306
0.017453
0.017453
-0.0054541
-0.0076358
0.035997
0.050178
0.093811
0.093811
0.12763
0.093811
-0.06654
-0.087266
-0.063268
-0.063268
-0.41124
-0.75049
-0.48542
-0.36979
-0.58468
-0.58468
-0.56178
-0.55523
-0.46251
-0.67086
-0.38724
-0.38724
-0.10145
-0.64686
-2.2078
-1.9297
-1.9013
-1.9013
-0.47124
0.41342
1.3908
2.2296
0.57487
0.57487
0.34688
-0.29452
0.11781
1.1192
1.2861
1.2861
1.5741
1.1116
0.49742
0.39597
0.64359
0.64359
1.177
0.45051
-0.017453
0.015272
0.1549
0.1549
0.55087
1.2828
0.97302
0.89993
0.55196
0.55196
0.65559
0.67413
0.47015
0.11345
0.44615
0.44615
1.4508
-0.37306
0.19962
-0.18653
-2.054
-2.054
-1.9569
-1.597
-1.081
-0.37088
-0.16144
-0.16144
-0.045815
-0.26071
-0.46687
-0.5236
-0.23344
-0.23344
0.15708
0.97193
1.6079
2.1773
2.4435
2.4435
1.7595
0.97193
0.07854
-0.65995
-0.63922
-0.63922
-0.51923
-2.402
-2.9027
-1.8239
-1.153
-1.153
-0.010908
0.16799
0.13526
0.055632
0.076358
0.076358
0.081812
0.042542
-0.035997
-0.24216
-0.52796
-0.52796
-0.93048
-0.50069
-0.15162
-0.2738
0.055632
0.055632
0.028361
-0.14835
0.2738
-0.056723
-0.06654
-0.06654
-0.39052
-0.63159
-0.73522
-1.2588
-1.9111
-1.9111
-0.68504
0.21162
0.20071
-0.44069
-0.8683
-0.8683
-0.54214
-0.23562
0.46906
0.73849
0.72649
0.72649
0.59341
0.27707
0.40142
0.35452
0.47015
0.47015
1.2403
2.1915
1.753
0.64686
-0.030543
-0.030543
0.0010908
0.23453
0.48651
0.93157
0.90975
0.90975
0.90757
1.0483
0.64468
0.38288
0.54323
0.54323
-0.37524
-0.81812
-0.45815
-0.62504
-0.83339
-0.83339
-1.1039
-1.2108
-0.80939
-0.1789
0.029452
0.029452
0.10036
-0.069813
-0.28034
-0.12217
-0.0010908
-0.0010908
0.27052
1.3494
2.2002
2.4118
2.4958
2.4958
2.0388
1.0319
-0.35343
-0.5705
-0.8563
-0.8563
-0.38288
-2.1053
-2.7511
-2.1675
-1.6177
-1.6177
-0.68504
0.044724
0.049087
0.034906
0.037088
0.037088
0.061086
0.098174
0.082903
-0.40906
-0.89666
-0.89666
-0.55305
-0.38179
-0.38943
-0.091629
-0.057814
-0.057814
-0.19744
-0.31089
-0.10581
-0.52142
-0.96538
-0.96538
-0.5116
-0.41233
-1.5282
-1.189
0.56941
0.56941
0.50833
0.33925
0.35888
-0.65013
-0.57705
-0.57705
-0.29343
0.2858
0.80612
0.37961
-0.081812
-0.081812
0.15053
0.097084
0.32398
0.53996
0.94357
0.94357
1.5653
1.8151
1.0548
-0.031634
-0.037088
-0.037088
0.10036
0.01309
0.15272
0.83448
1.4999
1.4999
1.7311
1.7453
1.2643
0.20398
-0.52578
-0.52578
-0.7734
-0.46796
0.44724
0.81594
0.76249
0.76249
0.30216
0.23453
0.16362
0.34252
0.38943
0.38943
0.36215
0.25634
-0.061086
-0.28143
-0.37415
-0.37415
-0.3687
-0.35016
-0.38506
-0.48105
-0.61632
-0.61632
-0.73958
-0.99811
-1.4857
-1.6079
-0.77449
-0.77449
-0.47996
-0.47778
-0.040361
-0.0098174
0.031634
0.031634
0.07854
0.090539
0.067631
0.037088
0.029452
0.029452
0.0043633
-0.014181
-0.071995
-0.10908
-0.062177
-0.062177
-0.070904
0.070904
0.13526
0.11999
0.006545
0.006545
-0.010908
-0.01309
-0.023998
-0.03927
-0.058905
-0.058905
-0.051269
-0.051269
-0.023998
-0.018544
-0.0054541
-0.0054541
-0.0032725
0
0.089448
0.13963
0.10799
0.10799
0.042542
-0.1189
-0.093811
-0.032725
-0.032725
-0.032725
-0.029452
-0.01309
-0.0021817
-0.0021817
-0.0043633
-0.0087266
-0.0043633
-0.0021817
0
-0.0010908
0.0032725
-0.0010908
0.0010908
0.0021817
0.0021817
0
0.0021817
0.0032725
0
0
0.0010908
0.0010908
-0.0010908
-0.0043633
-0.0054541
-0.0054541
-0.0043633
-0.0032725
-0.0043633
-0.0032725
-0.0010908
0
-0.0010908
-0.0010908
0
0.0010908
0.0021817
0.0021817
0.0021817
0
0.0021817
0.0043633
0.0054541
0.0010908
0.0021817
0.0043633
0.0010908
0.0010908
0.0054541
0.0010908
0.0021817
0.0010908
0.0010908
-0.0010908
0
0
0.0010908
0.0010908
-0.0010908
0.0021817
-0.0010908
-0.0021817
0
0.0010908
-0.0010908
-0.0021817
-0.0021817
-0.0032725
-0.0010908
0
-0.0021817
0.0010908
-0.0021817
0
0.0032725
0.0021817
0
0.0010908
0
0.0010908
0.0032725
0.0010908
0.0021817
0
-0.0010908
0.0021817
0.0010908
0.0021817
0
0.0010908
0.0032725
-0.0010908
0.0010908
0
0.0010908
0.0010908
-0.0010908
-0.0021817
0
0
0
-0.0010908
0.0010908
-0.0010908
-0.0010908
-0.0010908
0
-0.0010908
0.0021817
0
0.0010908
0.0021817
0.0010908
0.0021817
0
0
-0.0010908
-0.0010908
0
-0.0010908
0
0.0021817
-0.0010908
0
0
0
0
-0.0043633
0.0010908
0.0021817
0.0010908
-0.0010908
-0.0010908
0
0.0021817
0.0021817
0.0010908
0.0021817
0
0
0.0010908
0
0
0.0010908
0
0
0.0010908
-0.0010908
-0.0010908
0
0
0
0
0
0.0010908
0.0010908
0.0010908
0
0.0010908
0.0032725
0.0032725
0
0.0010908
0.0032725
0
0
0
-0.0010908
0.0021817
0
0
0.0010908
0.0010908
-0.0010908
0
0
-0.0021817
0.0010908
-0.0010908
0.0010908
0.0010908
0
-0.0010908
-0.0010908
-0.0010908
-0.0010908
0
-0.0010908
0.0021817
-0.0010908
-0.0010908
0
0.0010908
-0.0010908
0
0
0
-0.0010908
0
0.0032725
0.0032725
0.0010908
0
-0.0010908
0
0
0
0.0010908
0.0010908
0.0010908
0.0010908
-0.0010908
0.0021817
0.0021817
0
0
0.0021817
-0.0010908
0
0.0010908
0.0010908
0
0
0.0010908
0.0010908
0.0010908
0.0010908
-0.0010908
0.0010908
0.0010908
0
0.0010908
0.0021817
0
0.0010908
0.0010908
0.0010908
0
0
0
0
0
0.0032725
0
0
0.0021817
0
0
0.0010908
0.0010908
0
0
0.0010908
0
0
0.0032725
0
-0.0021817
-0.0021817
-0.0010908
0
-0.0021817
-0.0021817
0
0
0.0010908
0
-0.0010908
0
-0.0010908
-0.0010908
-0.0021817
0
-0.0032725
-0.0021817
0.0010908
0
-0.0021817
0
0
0
0
0.0032725
0
-0.0010908
-0.0010908
0
0.0010908
0.0021817
-0.0010908
-0.0010908
0.0021817
-0.0021817
-0.0010908
0
0.0010908
-0.0032725
0.0010908
-0.0010908
-0.0010908
-0.0010908
-0.0043633
-0.0021817
0.0010908
-0.0010908
0.0010908
0
0
-0.0010908
-0.0021817
-0.0010908
-0.0010908
-0.0010908
-0.0010908
0
0.0021817
0
-0.0010908
-0.0010908
0
-0.0021817
0.0010908
-0.0021817
-0.0021817
0
-0.0010908
-0.0010908
-0.0032725
-0.0010908
0
0
0
-0.0021817
-0.0032725
0
0
0
-0.0010908
0.0021817
-0.0010908
-0.0021817
0
0
-0.0010908
0
0
0
0
0
0
0.0021817
0
-0.0021817
0
-0.0010908
-0.0010908
0.0010908
-0.0010908
-0.0010908
0.0010908
0
0
-0.0010908
0.0010908
-0.0010908
-0.0010908
0
-0.0010908
-0.0010908
0.0010908
0.0010908
-0.0010908
-0.0010908
0
0.0010908
-0.0043633
-0.0010908
-0.0032725
-0.0021817
0
-0.0032725
0
0.0021817
-0.0010908
0
-0.0043633
0.0010908
-0.0021817
0
0
0
-0.0010908
0
0
-0.0010908
-0.0021817
0.0021817
-0.0010908
-0.0010908
0.0010908
0
-0.0032725
-0.0010908
0.0010908
0.0010908
0
0
-0.0021817
-0.0010908
0
0
0
-0.0032725
-0.0010908
0
-0.0010908
0.0010908
-0.0010908
0.0010908
0
-0.0010908
-0.0010908
-0.0010908
-0.0010908
0
-0.0021817
-0.0021817
0.0010908
-0.0010908
0.0010908
0
-0.0010908
-0.0021817
-0.0021817
0
0
0.0010908
0
0
0
-0.0010908
-0.0010908
0
0
-0.0021817
-0.0010908
0
0
-0.0021817
0.0010908
0
0
-0.0021817
0
-0.0021817
-0.0010908
-0.0010908
-0.0021817
-0.0010908
-0.0021817
-0.0021817
-0.0010908
0
0.0021817
0
0
0
0.0021817
-0.0021817
-0.0010908
-0.0010908
-0.0010908
0.0021817
0.0010908
0.0021817
0
0.0010908
-0.0010908
-0.0010908
0.0021817
0.0010908
0.0010908
0.0032725
0.0010908
-0.0021817
0.0010908
0.0010908
0
0
0.0021817
0.0021817
0.0032725
0.0010908
0.0010908
0.0010908
0.0010908
0.0021817
-0.0021817
0
0.0032725
0
0
0
-0.0010908
-0.0010908
0
0
0.0021817
0.0021817
0.0010908
0.0010908
0.0010908
0.0021817
0.0021817
-0.0010908
0
0
0.0010908
-0.0010908
-0.0010908
0
-0.0010908
0
0
0.0010908
-0.0010908
0.0010908
-0.0021817
0
-0.0010908
0
0.0010908
0.0010908
0
-0.0010908
0.0021817
0
0
-0.0010908
0
-0.0021817
-0.0010908
-0.0032725
-0.0010908
-0.0010908
-0.0010908
0.0032725
-0.0021817
0.0032725
0
0.0010908
-0.0010908
0.0010908
-0.0010908
-0.0021817
-0.0010908
-0.0010908
-0.0021817
0
0
-0.0032725
-0.0021817
-0.0021817
0
0
-0.0010908
0
0
-0.0021817
0
-0.0010908
0
0.0010908
-0.0010908
0.0010908
0.0010908
0
0
0
0.0010908
0
0.0021817
0
0.0010908
0
0.0021817
0.0010908
0
0
0
0.0010908
0.0010908
0.0021817
-0.0021817
0.0021817
0
0.0010908
0.0043633
0
0.0010908
0
0
0.0010908
0
0.0010908
0
0
0
-0.0010908
-0.0032725
0.0021817
-0.0010908
0.0021817
-0.0010908
-0.0010908
0.0010908
0.0010908
0
0.0010908
0
0
-0.0010908
0
-0.0010908
0
0.0010908
0.0010908
0.0010908
0.0010908
-0.0010908
0
