0
0.0098014
0.020638
0.030088
0.040015
0.048314
0.059749
0.069922
0.080189
0.090213
0.099824
0.11022
0.12057
0.12998
0.14028
0.14938
0.15994
0.1702
0.18042
0.19081
0.19985
0.21037
0.22075
0.23095
0.24057
0.24985
0.26028
0.27171
0.28127
0.29204
0.30123
0.31107
0.32087
0.33099
0.34095
0.35011
0.3609
0.37096
0.38116
0.39137
0.40057
0.41219
0.42164
0.43245
0.44193
0.4519
0.46133
0.47159
0.48187
0.49191
0.50116
0.51177
0.52141
0.53165
0.54228
0.55143
0.56184
0.57229
0.58195
0.59213
0.60147
0.61177
0.62208
0.63246
0.64286
0.6519
0.66219
0.67251
0.68336
0.6932
0.7027
0.71255
0.72231
0.73288
0.74252
0.75178
0.76227
0.77326
0.7828
0.79336
0.80297
0.81262
0.823
0.83332
0.84359
0.85275
0.86299
0.87307
0.88315
0.89339
0.90289
0.91316
0.92372
0.93308
0.94374
0.95303
0.96364
0.97331
0.98368
0.9936
1.003
1.0135
1.0239
1.0336
1.044
1.0534
1.064
1.0736
1.084
1.0945
1.1039
1.1144
1.1238
1.1343
1.1441
1.1536
1.1642
1.174
1.1845
1.1942
1.2047
1.214
1.2245
1.2343
1.2448
1.2541
1.2644
1.2744
1.2848
1.2948
1.3045
1.315
1.3245
1.3349
1.3452
1.3545
1.365
1.3748
1.3853
1.3948
1.4054
1.4148
1.4253
1.435
1.4455
1.4549
1.4655
1.475
1.4856
1.4953
1.5056
1.5152
1.5257
1.5354
1.5458
1.5555
1.566
1.5763
1.5861
1.5962
1.6065
1.6159
1.6262
1.6357
1.646
1.6564
1.6658
1.676
1.6858
1.6962
1.7064
1.7159
1.726
1.7363
1.7466
1.7561
1.7663
1.7767
1.7862
1.7965
1.8068
1.8175
1.8277
1.837
1.8469
1.8571
1.8666
1.8771
1.8866
1.8971
1.9068
1.9172
1.9268
1.937
1.9474
1.9568
1.9671
1.9768
1.9873
1.9969
2.0074
2.017
2.0277
2.0372
2.0479
2.0572
2.0676
2.0773
2.0877
2.0975
2.1078
2.1174
2.1279
2.1377
2.1482
2.1578
2.1684
2.1776
2.1883
2.1978
2.2083
2.2179
2.2283
2.238
2.2486
2.2579
2.2684
2.278
2.2885
2.298
2.3085
2.319
2.3283
2.3389
2.3484
2.3584
2.3687
2.3784
2.389
2.3982
2.4088
2.4187
2.4292
2.4388
2.449
2.4597
2.4696
2.4795
2.4891
2.4994
2.5088
2.5189
2.5291
2.5393
2.5495
2.559
2.5694
2.5796
2.5892
2.5996
2.6092
2.6198
2.6294
2.6406
2.6502
2.6604
2.6696
2.6801
2.6895
2.6999
2.7101
2.7196
2.7298
2.7407
2.7501
2.7602
2.7701
2.7802
2.79
2.8003
2.8101
2.8207
2.8303
2.8403
2.8509
2.8601
2.8707
2.8808
2.8903
2.8999
2.9104
2.9207
2.9311
2.9405
2.9508
2.9612
2.9707
2.9809
2.9914
3.0005
3.0109
3.0212
3.0315
3.0409
3.0508
3.0612
3.0717
3.081
3.0915
3.1008
3.1113
3.1217
3.1322
3.1418
3.1516
3.1613
3.1715
3.1818
3.1919
3.201
3.2115
3.222
3.2316
3.2421
3.2516
3.2621
3.2718
3.2825
3.2919
3.3016
3.3121
3.322
3.3323
3.3421
3.3519
3.3625
3.373
3.3824
3.3929
3.4013
3.4121
3.4228
3.4324
3.443
3.4526
3.463
3.4725
3.4828
3.4935
3.5027
3.5125
3.5233
3.5327
3.5431
3.5527
3.5631
3.5728
3.5834
3.5942
3.6025
3.613
3.6236
3.6331
3.6433
3.6526
3.663
3.6736
3.6831
3.6934
3.7027
3.7134
3.7241
3.7338
3.7441
3.7536
3.764
3.7735
3.784
3.7943
3.8036
3.814
3.8239
3.8343
3.844
3.8533
3.8638
3.8743
3.8841
3.8946
3.9031
3.9136
3.9241
3.9346
3.9449
3.9541
3.965
3.9747
3.985
3.9946
4.004
4.0139
4.0245
4.0352
4.0447
4.0542
4.0649
4.0748
4.0853
4.0948
4.1041
4.1146
4.1252
4.1349
4.1454
4.1541
4.1647
4.1753
4.1854
4.1967
4.2051
4.2152
4.225
4.2354
4.2456
4.2548
4.2651
4.2753
4.2856
4.296
4.3043
4.3158
4.3256
4.3365
4.3463
4.3548
4.3652
4.3755
4.386
4.3961
4.4051
4.4154
4.4256
4.4354
4.4461
4.4554
4.465
4.4752
4.4856
4.496
4.5052
4.5156
4.526
4.5361
4.5464
4.556
4.5657
4.5754
4.5853
4.5958
4.6049
4.6152
4.6251
4.6351
4.6449
4.6547
4.6628
4.6709
4.6798
4.6879
4.6982
4.7069
4.7175
4.7268
4.7369
4.7474
4.7558
4.764
4.771
4.7802
4.7892
4.7982
4.8066
4.818
4.828
4.8377
4.8471
4.8559
4.8642
4.8707
4.8796
4.8886
4.8986
4.9069
4.9141
4.9205
4.9297
4.9391
4.9483
4.9568
4.9639
4.9709
4.9797
4.9893
4.9996
5.0077
5.0139
5.0213
5.0299
5.0389
5.0492
5.0572
5.0642
5.0713
5.0804
5.0899
5.0999
5.1078
5.1142
5.1216
5.1308
5.1403
5.1495
5.1581
5.1646
5.1722
5.1804
5.1898
5.2
5.2082
5.215
5.222
5.2328
5.2402
5.2498
5.2581
5.2649
5.272
5.281
5.2902
5.3002
5.3081
5.315
5.3221
5.3323
5.3411
5.3517
5.359
5.3659
5.3732
5.3817
5.3912
5.4014
5.4088
5.4157
5.4227
5.432
5.4416
5.4519
5.459
5.4659
5.4731
5.483
5.4922
5.5026
5.5096
5.5166
5.5236
5.533
5.5423
5.5527
5.56
5.5672
5.5737
5.5831
5.5925
5.603
5.6102
5.6173
5.6243
5.6338
5.6442
5.6539
5.661
5.6681
5.6745
5.6841
5.6944
5.7044
5.7115
5.7194
5.7256
5.7355
5.7461
5.7559
5.7631
5.7699
5.779
5.7882
5.7985
5.8079
5.8149
5.8219
5.8324
5.8414
5.8515
5.8598
5.8668
5.874
5.8843
5.8937
5.904
5.9123
5.9227
5.9321
5.9413
5.9504
5.9598
5.9669
5.9741
5.9839
5.9943
6.0048
6.012
6.0191
6.0261
6.0357
6.0463
6.0569
6.0651
6.0743
6.0842
6.0946
6.1053
6.1124
6.1195
6.1258
6.1364
6.1469
6.1577
6.1647
6.1718
6.1801
6.1906
6.2004
6.21
6.2167
6.2232
6.2323
6.2416
6.2499
6.2602
6.267
6.2734
6.2828
6.2921
6.3013
6.3105
6.3175
6.3245
6.3351
6.3464
6.3572
6.3643
6.3712
6.3782
6.3888
6.3994
6.4103
6.4173
6.4245
6.4337
6.4419
6.4512
6.4605
6.4675
6.4748
6.484
6.4933
6.5016
6.5109
6.5191
6.5294
6.5399
6.5503
6.5608
6.5678
6.5747
6.5843
6.5926
6.6018
6.6111
6.6184
6.6254
6.6347
6.6443
6.6534
6.6618
6.6688
6.6759
6.6874
6.6988
6.7105
6.7174
6.7245
6.7328
6.7421
6.7516
6.7619
6.769
6.7759
6.7863
6.7977
6.8094
6.8164
6.8234
6.8297
6.8413
6.8516
6.862
6.8689
6.876
6.8853
6.8938
6.9032
6.9125
6.9192
6.9264
6.9361
6.9455
6.9535
6.9629
6.9699
6.9769
6.9862
6.9945
7.0028
7.0126
7.0194
7.0265
7.0351
7.0436
7.0529
7.0631
7.0703
7.0763
7.0857
7.0939
7.1033
7.1129
7.1209
7.1302
7.1417
7.1523
7.1629
7.1699
7.1769
7.1859
7.1937
7.2031
7.2136
7.2207
7.2269
7.2357
7.244
7.2534
7.2639
7.2714
7.2805
7.2921
7.3028
7.3135
7.321
7.3278
7.3362
7.344
7.3535
7.3639
7.3711
7.3793
7.3921
7.4035
7.4139
7.421
7.428
7.4361
7.4443
7.4539
7.4644
7.4714
7.4785
7.4866
7.495
7.5044
7.5148
7.5218
7.5281
7.5363
7.5446
7.5542
7.5648
7.5719
7.5789
7.587
7.5955
7.6048
7.6147
7.6223
7.6317
7.6434
7.6542
7.6646
7.672
7.6791
7.6864
7.695
7.7047
7.7153
7.7227
7.732
7.744
7.7547
7.7652
7.7724
7.7795
7.7879
7.7962
7.8057
7.8155
7.8227
7.8297
7.8379
7.8461
7.8555
7.8661
7.8734
7.8795
7.8878
7.8961
7.9055
7.916
7.9231
7.9296
7.9378
7.9462
7.9557
7.9662
7.9745
7.984
7.9956
8.0061
8.0163
8.0247
8.0343
8.046
8.0565
8.0662
8.0737
8.0806
8.0878
8.0964
8.1069
8.1165
8.1251
8.1348
8.1463
8.1568
8.1673
8.1737
8.1807
8.1882
8.1968
8.2065
8.217
8.2256
8.2353
8.2464
8.2568
8.2674
8.2748
8.2808
8.2892
8.2975
8.3069
8.3174
8.3247
8.3311
8.3393
8.3476
8.3571
8.3678
8.3749
8.3813
8.3895
8.3978
8.4074
8.4178
8.425
8.4315
8.4388
8.4482
8.4576
8.4682
8.4747
8.4819
8.4891
8.4983
8.5078
8.5182
8.5255
8.5318
8.5401
8.5485
8.5579
8.5685
8.5757
8.5819
8.5895
8.599
8.6082
8.6187
8.626
8.6321
8.6395
8.6488
8.6582
8.6686
8.6756
8.6826
8.6897
8.6992
8.7086
8.7191
8.7263
8.7324
8.7398
8.7492
8.7587
8.7691
8.7763
8.7826
8.79
8.7994
8.8088
8.8195
8.8267
8.8329
8.8401
8.8493
8.859
8.8695
8.8762
8.8832
8.8904
8.8996
8.909
8.9196
8.9266
8.9337
8.9408
8.9501
8.9594
8.9699
8.9768
8.984
8.9911
8.9998
9.0095
9.0201
9.0274
9.0335
9.0408
9.0504
9.06
9.0705
9.0776
9.0839
9.0912
9.1006
9.11
9.1207
9.1289
9.1383
9.1501
9.1606
9.171
9.1791
9.1887
9.1997
9.2102
9.2209
9.2281
9.2343
9.2416
9.2509
9.2606
9.271
9.2793
9.2888
9.3005
9.311
9.3216
9.328
9.3354
9.3424
9.351
9.3608
9.3713
9.3785
9.3849
9.3921
9.4016
9.4112
9.4215
9.429
9.4388
9.4505
9.4611
9.4716
9.4789
9.4858
9.4923
9.5018
9.5113
9.5233
9.5295
9.536
9.543
9.5523
9.5618
9.5723
9.5794
9.5857
9.5929
9.6023
9.6117
9.6222
9.6294
9.6357
9.6431
9.6526
9.6621
9.6726
9.6796
9.6861
9.6934
9.7027
9.7122
9.7225
9.7296
9.7366
9.7437
9.7531
9.7623
9.7726
9.7819
9.7911
9.8025
9.8123
9.8233
9.832
9.8411
9.8521
9.8626
9.8729
9.8798
9.8868
9.8936
9.9029
9.913
9.9243
9.9304
9.9377
9.9448
9.9536
9.9634
9.9736
9.9805
9.9873
9.9943
10.003
10.013
10.024
10.033
10.042
10.053
10.063
10.074
10.083
10.092
10.104
10.114
10.124
10.132
10.142
10.154
10.164
10.174
10.181
10.188
10.195
10.204
10.214
10.225
10.233
10.243
10.254
10.264
10.275
10.283
10.293
10.305
10.314
10.325
10.331
10.338
10.346
10.355
10.365
10.376
10.382
10.389
10.396
10.405
10.415
10.425
10.432
10.439
10.446
10.455
10.466
10.475
10.483
10.489
10.496
10.505
10.516
10.526
10.533
10.539
10.547
10.556
10.565
10.576
10.583
10.591
10.597
10.605
10.616
10.626
10.633
10.64
10.647
10.656
10.666
10.676
10.683
10.69
10.697
10.706
10.716
10.726
10.733
10.74
10.747
10.756
10.766
10.776
10.783
10.79
10.797
10.806
10.816
10.826
10.833
10.84
10.847
10.857
10.867
10.877
10.884
10.89
10.898
10.907
10.916
10.927
10.934
10.94
10.947
10.957
10.967
10.978
10.987
10.996
11.007
11.018
11.028
11.034
11.041
11.048
11.057
11.068
11.078
11.085
11.091
11.098
11.107
11.118
11.129
11.135
11.142
11.149
11.157
11.167
11.178
11.184
11.192
11.2
11.208
11.218
11.228
11.235
11.242
11.249
11.258
11.268
11.278
11.285
11.292
11.3
11.309
11.318
11.329
11.336
11.342
11.35
11.358
11.369
11.378
11.388
11.397
11.408
11.418
11.428
11.435
11.442
11.449
11.46
11.469
11.479
11.488
11.497
11.507
11.518
11.529
11.537
11.547
11.558
11.568
11.579
11.588
11.597
11.608
11.618
11.629
11.635
11.643
11.649
11.66
11.669
11.679
11.688
11.699
11.709
11.719
11.73
11.737
11.744
11.751
11.761
11.77
11.781
11.787
11.794
11.801
11.81
11.82
11.83
11.837
11.845
11.852
11.861
11.871
11.88
11.887
11.894
11.902
11.911
11.92
11.93
11.938
11.947
11.958
11.968
11.979
11.986
11.994
12.001
12.011
12.021
12.031
12.038
12.044
12.052
12.061
12.071
12.081
12.088
12.096
12.102
12.112
12.121
12.132
12.138
12.145
12.152
12.162
12.172
12.182
12.189
12.197
12.203
12.212
12.221
12.231
12.238
12.245
12.253
12.262
12.272
12.282
12.289
12.296
12.303
12.312
12.322
12.332
12.34
12.346
12.353
12.362
12.373
12.382
12.389
12.396
12.403
12.412
12.422
12.432
12.441
12.45
12.461
12.471
12.481
12.488
12.494
12.502
12.512
12.522
12.533
12.54
12.546
12.555
12.563
12.573
12.583
12.59
12.597
12.604
12.614
12.624
12.634
12.641
12.647
12.654
12.664
12.673
12.684
12.69
12.697
12.705
12.714
12.723
12.734
12.74
12.747
12.754
12.764
12.775
12.784
12.792
12.799
12.808
12.816
12.825
12.835
12.842
12.848
12.856
12.865
12.874
12.884
12.891
12.898
12.906
12.916
12.925
12.935
12.942
12.948
12.956
12.965
12.975
12.985
12.992
12.998
13.007
13.016
13.025
13.035
13.043
13.052
13.062
13.072
13.081
13.088
13.096
13.103
13.112
13.122
13.132
13.139
13.147
13.156
13.166
13.175
13.185
13.193
13.203
13.212
13.223
13.232
13.239
13.246
13.254
13.264
13.273
13.283
13.29
13.297
13.304
13.313
13.323
13.333
13.34
13.347
13.354
13.364
13.373
13.383
13.39
13.398
13.408
13.417
13.426
13.437
13.444
13.45
13.458
13.468
13.478
13.488
13.495
13.502
13.512
13.522
13.532
13.539
13.546
13.553
13.563
13.573
13.583
13.591
13.598
13.605
13.614
13.623
13.633
13.64
13.649
13.659
13.669
13.679
13.688
13.697
13.706
13.715
13.725
13.734
13.741
13.748
13.755
13.764
13.775
13.784
13.792
13.799
13.807
13.816
13.825
13.834
13.841
13.848
13.856
13.866
13.876
13.885
13.892
13.899
13.907
13.916
13.925
13.935
13.943
13.952
13.958
13.967
13.976
13.985
13.992
13.999
14.006
14.016
14.026
14.036
14.044
14.052
14.059
14.069
14.078
14.087
14.095
14.105
14.115
14.125
14.136
14.143
14.15
14.157
14.166
14.176
14.186
14.193
14.2
14.207
14.216
14.226
14.236
14.243
14.25
14.257
14.266
14.276
14.286
14.293
14.302
14.313
14.324
14.335
14.343
14.351
14.363
14.373
14.384
14.393
14.4
14.406
14.417
14.426
14.437
14.444
14.453
14.463
14.475
14.486
14.495
14.501
14.508
14.517
14.527
14.537
14.544
14.552
14.564
14.575
14.586
14.594
14.601
14.608
14.617
14.628
14.637
14.645
14.652
14.659
14.668
14.677
14.688
14.695
14.702
14.709
14.718
14.728
14.738
14.746
14.756
14.766
14.777
14.787
14.796
14.802
14.809
14.819
14.829
14.838
14.846
14.853
14.86
14.869
14.878
14.889
14.899
14.903
14.91
14.918
14.928
14.938
14.948
14.958
14.968
14.978
14.988
14.996
15.003
15.01
15.019
15.029
15.039
15.047
15.056
15.068
15.079
15.089
15.097
15.103
15.11
15.119
15.13
15.14
15.148
15.154
15.161
15.17
15.18
15.19
15.197
15.205
15.218
15.229
15.24
15.247
15.254
15.261
15.27
15.28
15.29
15.298
15.306
15.319
15.329
15.34
15.348
15.356
15.368
15.38
15.39
15.398
15.406
15.419
15.43
15.44
15.448
15.455
15.462
15.471
15.48
15.491
15.498
15.505
15.513
15.521
15.53
15.541
15.549
15.556
15.562
15.571
15.581
15.591
15.599
15.605
15.613
15.622
15.631
15.641
15.649
15.656
15.663
15.671
15.682
15.691
15.699
15.706
15.713
15.722
15.731
15.742
15.749
15.756
15.763
15.772
15.781
15.792
15.801
15.811
15.821
15.831
15.842
15.85
15.857
15.863
15.872
15.882
15.892
15.9
15.908
15.921
15.932
15.942
15.95
15.957
15.964
15.972
15.982
15.993
16.001
16.007
16.015
16.023
16.033
16.043
16.051
16.058
16.064
16.073
16.082
16.093
16.101
16.108
16.115
16.123
16.133
16.143
16.151
16.158
16.165
16.173
16.183
16.193
16.202
16.208
16.215
16.223
16.234
16.243
16.251
16.258
16.265
16.273
16.283
16.293
16.302
16.309
16.315
16.324
16.333
16.344
16.352
16.359
16.366
16.374
16.383
16.395
16.403
16.409
16.416
16.424
16.434
16.444
16.452
16.459
16.466
16.475
16.484
16.494
16.502
16.509
16.516
16.524
16.535
16.544
16.552
16.559
16.567
16.575
16.584
16.595
16.603
16.611
16.617
16.625
16.635
16.646
16.655
16.664
16.674
16.684
16.695
16.703
16.71
16.717
16.725
16.735
16.745
16.753
16.763
16.775
16.786
16.796
16.804
16.81
16.817
16.826
16.837
16.846
16.854
16.861
16.868
16.876
16.885
16.896
16.904
16.911
16.918
16.926
16.936
16.945
16.954
16.962
16.968
16.977
16.986
16.996
17.004
17.013
17.025
17.036
17.046
17.055
17.062
17.069
17.077
17.086
17.097
17.106
17.112
17.119
17.127
17.136
17.147
17.155
17.163
17.169
17.177
17.186
17.196
17.206
17.213
17.219
17.227
17.236
17.247
17.256
17.262
17.269
17.278
17.287
17.297
17.307
17.316
17.326
17.337
17.347
17.356
17.363
17.369
17.378
17.387
17.398
17.406
17.413
17.42
17.428
17.438
17.448
17.457
17.464
17.471
17.478
17.487
17.498
17.507
17.513
17.52
17.528
17.538
17.548
17.557
17.563
17.57
17.578
17.588
17.598
17.607
17.614
17.621
17.629
17.638
17.648
17.657
17.664
17.672
17.679
17.689
17.698
17.708
17.715
17.721
17.729
17.738
17.749
17.757
17.764
17.772
17.779
17.789
17.799
17.808
17.815
17.828
17.838
17.849
17.858
17.866
17.878
17.889
17.899
17.908
17.916
17.928
17.939
17.95
17.958
17.966
17.973
17.98
17.99
17.999
18.009
18.015
18.023
18.03
18.039
18.05
18.059
18.066
18.073
18.081
18.09
18.1
18.109
18.116
18.123
18.13
18.14
18.15
18.16
18.169
18.179
18.19
18.2
18.209
18.217
18.224
18.231
18.24
18.251
18.26
18.268
18.28
18.29
18.301
18.31
18.317
18.324
18.331
18.34
18.351
18.36
18.367
18.375
18.382
18.391
18.401
18.41
18.417
18.426
18.432
18.442
18.451
18.46
18.468
18.475
18.482
18.491
18.502
18.511
18.517
18.526
18.532
18.541
18.552
18.561
18.567
18.576
18.583
18.592
18.602
18.611
18.618
18.626
18.633
18.642
18.652
18.661
18.668
18.677
18.683
18.692
18.702
18.712
18.719
18.726
18.733
18.742
18.752
18.761
18.769
18.777
18.784
18.792
18.803
18.812
18.819
18.826
18.834
18.843
18.852
18.863
18.871
18.881
18.892
18.903
18.912
18.919
18.927
18.935
18.943
18.953
18.963
18.97
18.978
18.985
18.993
19.003
19.013
19.02
19.028
19.035
19.044
19.054
19.063
19.07
19.078
19.086
19.095
19.105
19.113
19.12
19.129
19.135
19.144
19.153
19.164
19.17
19.18
19.187
19.195
19.204
19.213
19.221
19.229
19.236
19.244
19.254
19.263
19.27
19.279
19.286
19.295
19.305
19.314
19.321
19.33
19.337
19.345
19.355
19.364
19.371
19.38
19.387
19.395
19.405
19.414
19.421
19.429
19.437
19.445
19.455
19.465
19.472
19.481
19.488
19.496
19.505
19.515
19.522
19.53
19.538
19.545
19.555
19.565
19.572
19.581
19.59
19.596
19.606
19.615
19.623
19.634
19.645
19.655
19.665
19.672
19.681
19.689
19.696
19.706
19.716
19.722
19.732
19.74
19.747
19.756
19.766
19.774
19.784
19.794
19.805
19.816
19.822
19.832
19.84
19.848
19.857
19.867
19.873
19.882
19.89
19.898
19.907
19.916
19.923
19.932
19.941
19.948
19.957
19.967
19.974
19.983
19.994
20.004
20.012
20.019
20.026
20.035
20.046
20.056
20.067
20.074
20.083
20.092
20.1
20.108
20.117
20.125
20.135
20.144
20.153
20.16
20.169
20.176
20.185
20.195
20.205
20.212
20.22
20.228
20.237
20.248
20.257
20.268
20.274
20.284
20.293
20.301
20.309
20.319
20.326
20.336
20.346
20.356
20.364
20.371
20.378
20.386
20.396
20.408
20.417
20.424
20.432
20.441
20.449
20.458
20.469
20.476
20.485
20.495
20.505
20.512
20.52
20.527
20.536
20.546
20.557
20.564
20.571
20.578
20.587
20.597
20.607
20.616
20.626
20.636
20.645
20.655
20.662
20.671
20.678
20.687
20.699
20.707
20.714
20.722
20.729
20.737
20.748
20.757
20.765
20.772
20.779
20.787
20.798
20.807
20.815
20.822
20.829
20.838
20.848
20.857
20.865
20.872
20.88
20.888
20.897
20.908
20.915
20.922
20.929
20.938
20.948
20.957
20.964
20.973
20.98
20.988
20.998
21.008
21.014
21.022
21.03
21.038
21.048
21.057
21.064
21.073
21.08
21.088
21.098
21.108
21.114
21.123
21.13
21.139
21.148
21.158
21.165
21.173
21.181
21.191
21.202
21.211
21.222
21.229
21.238
21.247
21.257
21.264
21.274
21.281
21.289
21.298
21.309
21.315
21.324
21.331
21.339
21.348
21.359
21.365
21.374
21.381
21.39
21.399
21.409
21.416
21.424
21.431
21.44
21.449
21.459
21.467
21.477
21.487
21.495
21.506
21.515
21.524
21.531
21.54
21.549
21.559
21.566
21.575
21.582
21.59
21.599
21.61
21.616
21.625
21.631
21.641
21.65
21.659
21.666
21.676
21.682
21.69
21.7
21.71
21.717
21.728
21.738
21.749
21.759
21.766
21.776
21.784
21.793
21.801
21.811
21.817
21.826
21.833
21.841
21.85
21.86
21.867
21.876
21.885
21.895
21.907
21.916
21.925
21.932
21.941
21.951
21.96
21.967
21.977
21.983
21.991
22
22.011
22.018
22.027
22.034
22.042
22.051
22.061
22.068
22.077
22.084
22.092
22.101
22.111
22.118
22.127
22.137
22.149
22.16
22.168
22.177
22.184
22.193
22.201
22.211
22.218
22.228
22.234
22.242
22.252
22.261
22.269
22.278
22.285
22.293
22.302
22.312
22.319
22.328
22.335
22.343
22.352
22.362
22.37
22.382
22.392
22.402
22.412
22.419
22.428
22.435
22.444
22.453
22.462
22.47
22.479
22.488
22.5
22.511
22.519
22.529
22.536
22.543
22.553
22.562
22.572
22.582
22.592
22.603
22.613
22.62
22.633
22.642
22.653
22.663
22.671
22.683
22.693
22.702
22.713
22.721
22.73
22.737
22.745
22.753
22.763
22.771
22.78
22.787
22.796
22.805
22.814
22.821
22.831
22.84
22.853
22.863
22.871
22.881
22.887
22.895
22.904
22.914
22.921
22.931
22.94
22.952
22.964
22.972
22.984
22.994
23.004
23.014
23.022
23.031
23.038
23.046
23.055
23.065
23.073
23.084
23.094
23.104
23.114
23.123
23.135
23.145
23.154
23.165
23.174
23.184
23.195
23.205
23.215
23.223
23.234
23.245
23.255
23.265
23.274
23.285
23.295
23.305
23.315
23.324
23.335
23.345
23.355
23.366
23.375
23.385
23.395
23.406
23.415
23.425
23.435
23.445
23.456
23.466
23.475
23.486
23.495
23.506
23.516
23.525
23.536
23.546
23.556
23.566
23.575
23.586
23.596
23.606
23.616
23.625
23.636
23.646
23.656
23.667
23.676
23.687
23.696
23.707
23.716
23.725
23.735
23.745
23.756
23.767
23.777
23.787
23.796
23.807
23.818
23.827
23.838
23.848
23.857
23.868
23.877
23.887
23.897
23.907
23.917
23.927
23.937
23.948
23.957
23.967
23.977
23.989
23.998
24.008
24.018
24.028
24.038
24.047
24.058
24.068
24.078
24.088
24.098
24.108
24.118
24.127
24.138
24.148
24.158
24.168
24.178
24.188
24.198
24.208
24.218
24.228
24.238
24.249
24.258
24.269
24.28
24.289
24.299
24.308
24.319
24.329
24.339
24.349
24.36
24.37
24.38
24.389
24.399
24.409
24.419
24.429
24.439
24.449
24.459
24.469
24.479
24.489
24.499
24.509
24.52
24.529
24.54
24.551
24.56
24.57
24.579
24.59
24.599
24.609
24.62
24.63
24.64
24.65
24.66
24.67
24.68
24.69
24.699
24.71
24.72
24.73
24.741
24.75
24.76
24.771
24.78
24.791
24.8
24.811
24.821
24.83
24.841
24.85
24.861
24.871
24.881
24.891
24.9
24.911
24.921
24.931
24.941
24.951
24.962
24.971
24.982
24.991
25.001
25.011
25.021
25.031
25.041
25.051
25.062
25.072
25.082
25.091
25.101
25.112
25.122
25.131
25.141
25.152
25.162
25.172
25.182
25.192
25.201
25.212
25.222
25.232
25.242
25.252
25.262
25.272
25.282
25.292
25.302
25.312
25.323
25.332
25.343
25.352
25.363
25.373
25.382
25.393
25.402
25.413
25.423
25.433
25.443
25.453
25.463
25.473
25.483
25.493
25.502
25.513
25.524
25.533
25.544
25.553
25.563
25.574
25.583
25.593
25.603
25.613
25.624
25.634
25.643
25.653
25.664
25.674
25.684
25.694
25.703
25.714
25.724
25.734
25.744
25.754
25.764
25.775
25.784
25.795
25.803
25.814
25.825
25.834
25.845
25.854
25.865
25.874
25.884
25.895
25.904
25.915
25.925
25.934
25.945
25.954
25.965
25.975
25.985
25.995
26.004
26.015
26.025
26.035
26.045
26.055
26.065
26.075
26.085
26.096
26.104
26.113
26.125
26.134
26.145
26.154
26.165
26.175
26.185
26.196
26.205
26.215
26.226
26.235
26.245
26.254
26.265
26.278
26.287
26.296
26.305
26.316
26.326
26.336
26.345
26.355
26.366
26.377
26.386
26.396
26.405
26.414
26.426
26.436
26.448
26.455
26.465
26.475
26.486
26.496
26.506
26.515
26.526
26.536
26.546
26.556
26.565
26.576
26.586
26.597
26.606
26.615
26.626
26.636
26.646
26.656
26.665
26.676
26.686
26.696
26.705
26.715
26.726
26.735
26.745
26.754
26.763
26.77
26.779
26.788
26.798
26.807
26.816
26.827
26.837
26.846
26.856
26.865
26.877
26.886
26.897
26.907
26.917
26.928
26.938
26.948
26.957
26.968
26.978
26.988
26.999
27.007
27.017
27.027
27.036
27.045
27.054
27.062
27.069
27.079
27.089
27.099
27.107
27.117
27.127
27.135
27.142
27.15
27.158
27.167
27.177
27.185
27.192
27.201
27.209
27.217
27.228
27.237
27.245
27.253
27.261
27.269
27.28
27.289
27.299
27.308
27.317
27.328
27.336
27.342
27.352
27.36
27.368
27.379
27.388
27.394
27.404
27.411
27.419
27.429
27.439
27.449
27.458
27.469
27.478
27.488
27.495
27.503
27.512
27.521
27.531
27.54
27.551
27.559
27.568
27.579
27.586
27.593
27.603
27.61
27.619
27.629
27.637
27.643
27.653
27.66
27.669
27.679
27.687
27.694
27.704
27.711
27.719
27.73
27.738
27.745
27.754
27.761
27.769
27.78
27.788
27.795
27.804
27.812
27.822
27.832
27.841
27.852
27.86
27.869
27.879
27.886
27.894
27.903
27.911
27.919
27.93
27.937
27.944
27.953
27.961
27.97
27.98
27.987
27.995
28.004
28.011
28.021
28.03
28.037
28.044
28.054
28.061
28.071
28.08
28.088
28.095
28.105
28.112
28.121
28.131
28.137
28.145
28.155
28.162
28.171
28.181
28.188
28.196
28.206
28.213
28.221
28.231
28.238
28.247
28.258
28.267
28.276
28.284
28.294
28.304
28.312
28.321
28.331
28.338
28.346
28.356
28.363
28.371
28.381
28.388
28.397
28.407
28.414
28.422
28.432
28.439
28.446
28.457
28.464
28.472
28.481
28.489
28.497
28.507
28.513
28.522
28.532
28.539
28.547
28.557
28.564
28.572
28.582
28.589
28.597
28.607
28.614
28.622
28.632
28.639
28.647
28.658
28.665
28.673
28.682
28.689
28.697
28.708
28.715
28.723
28.732
28.739
28.747
28.758
28.765
28.773
28.783
28.79
28.798
28.808
28.819
28.829
28.838
28.847
28.858
28.865
28.873
28.882
28.889
28.898
28.909
28.916
28.924
28.933
28.94
28.948
28.959
28.966
28.974
28.983
28.992
29.002
29.012
29.023
29.033
29.04
29.051
29.062
29.072
29.083
29.09
29.099
29.11
29.117
29.125
29.134
29.141
29.149
29.16
29.172
29.182
29.19
29.199
29.21
29.217
29.225
29.234
29.241
29.249
29.26
29.267
29.275
29.284
29.291
29.299
29.31
29.317
29.325
29.334
29.341
29.35
29.362
29.371
29.378
29.389
29.398
29.408
29.416
29.425
29.434
29.441
29.45
29.462
29.473
29.484
29.492
29.5
29.513
29.521
29.528
29.538
29.546
29.553
29.564
29.574
29.585
29.592
29.601
29.613
29.621
29.628
29.637
29.645
29.652
29.664
29.674
29.685
29.692
29.701
29.713
29.723
29.731
29.74
29.75
29.758
29.766
29.776
29.786
29.793
29.801
29.814
29.824
29.833
29.842
29.851
29.864
29.874
29.884
29.892
29.901
29.914
29.925
29.934
29.943
29.954
29.965
29.976
29.986
29.994
30.002
30.015
30.024
30.034
30.043
30.052
30.065
30.075
30.086
30.093
30.103
30.115
30.125
30.135
30.144
30.156
30.168
30.177
30.186
30.196
30.207
30.216
30.226
30.237
30.245
30.253
30.266
30.276
30.286
30.294
30.304
30.316
30.326
30.336
30.344
30.354
30.366
30.376
30.386
30.395
30.404
30.417
30.426
30.437
30.445
30.455
30.466
30.477
30.487
30.496
30.504
30.517
30.528
30.538
30.545
30.555
30.568
30.578
30.588
30.596
30.605
30.617
30.627
30.638
30.646
30.655
30.667
30.678
30.688
30.696
30.705
30.718
30.727
30.738
30.746
30.755
30.768
30.778
30.789
30.797
30.806
30.818
30.828
30.838
30.846
30.856
30.868
30.878
30.889
30.897
30.906
30.918
30.929
30.938
30.948
30.959
30.969
30.978
30.989
30.999
31.009
31.019
31.03
31.04
31.048
31.057
31.069
31.079
31.09
31.098
31.107
31.12
31.129
31.14
31.149
31.157
31.17
31.18
31.191
31.198
31.209
31.22
31.231
31.24
31.248
31.258
31.27
31.279
31.289
31.298
31.307
31.32
31.33
31.341
31.349
31.358
31.37
31.38
31.39
31.399
31.409
31.42
31.43
31.44
31.449
31.459
31.471
31.481
31.491
31.499
31.508
31.521
31.53
31.54
31.549
31.558
31.571
31.58
31.59
31.6
31.61
31.621
31.63
31.641
31.651
31.661
31.672
31.681
31.691
31.7
31.709
31.722
31.731
31.741
31.75
31.759
31.772
31.781
31.792
31.8
31.811
31.822
31.832
31.841
31.851
31.86
31.872
31.881
31.891
31.901
31.91
31.922
31.933
31.943
31.952
31.961
31.972
31.983
31.993
32.002
32.011
32.023
32.032
32.042
32.051
32.061
32.073
32.083
32.094
32.102
32.113
32.123
32.133
32.142
32.152
32.161
32.173
32.182
32.192
32.202
32.212
32.223
32.233
32.242
32.253
32.262
32.274
32.283
32.293
32.302
32.313
32.324
32.333
32.343
32.355
32.364
32.375
32.383
32.393
32.403
32.413
32.424
32.433
32.443
32.453
32.463
32.474
32.484
32.493
32.503
32.513
32.524
32.534
32.543
32.554
32.563
32.575
32.584
32.594
32.604
32.614
32.625
32.635
32.644
32.655
32.665
32.676
32.684
32.694
32.705
32.716
32.725
32.735
32.744
32.754
32.765
32.775
32.786
32.796
32.805
32.816
32.826
32.835
32.844
32.855
32.865
32.876
32.885
32.894
32.903
32.91
32.917
32.927
32.935
32.945
32.955
32.965
32.976
32.985
32.995
33.005
33.015
33.027
33.036
33.047
33.056
33.066
33.077
33.085
33.095
33.106
33.116
33.127
33.136
33.146
33.155
33.166
33.176
33.186
33.196
33.207
33.218
33.227
33.236
33.245
33.257
33.267
33.278
33.287
33.296
33.306
33.316
33.327
33.337
33.346
33.356
33.364
33.371
33.379
33.388
33.398
33.407
33.418
33.428
33.437
33.446
33.456
33.466
33.477
33.486
33.496
33.506
33.517
33.527
33.537
33.547
33.555
33.563
33.57
33.58
33.588
33.597
33.607
33.616
33.627
33.637
33.648
33.658
33.668
33.679
33.688
33.697
33.707
33.714
33.722
33.73
33.739
33.748
33.755
33.762
33.77
33.78
33.788
33.797
33.807
33.815
33.822
33.831
33.839
33.848
33.857
33.867
33.877
33.887
33.897
33.903
33.912
33.92
33.93
33.938
33.948
33.956
33.963
33.971
33.98
33.989
33.998
34.007
34.014
34.022
34.031
34.04
34.049
34.057
34.064
34.072
34.081
34.089
34.099
34.107
34.114
34.122
34.131
34.14
34.149
34.157
34.164
34.172
34.181
34.189
34.2
34.208
34.215
34.223
34.231
34.24
34.249
34.257
34.264
34.272
34.281
34.29
34.3
34.308
34.315
34.324
34.333
34.34
34.35
34.359
34.369
34.379
34.389
34.399
34.406
34.414
34.423
34.432
34.44
34.449
34.458
34.465
34.474
34.483
34.49
34.501
34.509
34.516
34.524
34.534
34.541
34.552
34.562
34.572
34.582
34.59
34.6
34.608
34.615
34.624
34.633
34.642
34.65
34.658
34.665
34.675
34.683
34.691
34.701
34.708
34.716
34.725
34.735
34.742
34.751
34.758
34.765
34.775
34.784
34.793
34.803
34.812
34.821
34.832
34.842
34.851
34.858
34.865
34.875
34.885
34.892
34.901
34.908
34.916
34.926
34.936
34.943
34.951
34.961
34.971
34.98
34.99
34.999
35.007
35.015
35.025
35.036
35.043
35.052
35.059
35.066
35.076
35.086
35.093
35.103
35.109
35.117
35.127
35.138
35.144
35.153
35.162
35.171
35.181
35.191
35.2
35.208
35.218
35.229
35.24
35.248
35.255
35.264
35.273
35.282
35.292
35.302
35.308
35.317
35.327
35.338
35.347
35.356
35.366
35.377
35.387
35.394
35.403
35.41
35.418
35.428
35.438
35.446
35.454
35.462
35.469
35.48
35.49
35.498
35.505
35.513
35.52
35.531
35.542
35.552
35.559
35.568
35.579
35.589
35.596
35.605
35.612
35.619
35.63
35.641
35.65
35.657
35.667
35.678
35.687
35.695
35.704
35.71
35.719
35.731
35.742
35.751
35.758
35.768
35.779
35.791
35.798
35.806
35.815
35.822
35.833
35.844
35.853
35.86
35.872
35.883
35.893
35.905
35.911
35.92
35.931
35.943
35.952
35.959
35.969
35.979
35.99
35.998
36.006
36.014
36.024
36.034
36.045
36.054
36.061
36.072
36.084
36.094
36.105
36.112
36.12
36.132
36.144
36.155
36.162
36.171
36.182
36.194
36.204
36.211
36.22
36.232
36.244
36.254
36.261
36.271
36.283
36.294
36.305
36.312
36.321
36.333
36.345
36.355
36.362
36.371
36.383
36.395
36.405
36.413
36.422
36.433
36.445
36.455
36.462
36.472
36.484
36.495
36.505
36.513
36.522
36.535
36.546
36.556
36.563
36.572
36.584
36.596
36.606
36.613
36.622
36.635
36.65
36.656
36.664
36.673
36.685
36.696
36.706
36.713
36.723
36.735
36.747
36.757
36.763
36.773
36.785
36.796
36.807
36.814
36.823
36.836
36.847
36.857
36.864
36.873
36.886
36.897
36.907
36.914
36.924
36.936
36.947
36.957
36.964
36.974
36.986
36.997
37.008
37.015
37.025
37.037
37.048
37.058
37.065
37.074
37.087
37.098
37.107
37.115
37.124
37.137
37.148
37.159
37.166
37.176
37.187
37.198
37.208
37.215
37.225
37.237
37.249
37.259
37.265
37.275
37.288
37.298
37.309
37.316
37.325
37.338
37.349
37.359
37.366
37.376
37.389
37.399
37.409
37.417
37.428
37.439
37.449
37.459
37.466
37.476
37.488
37.499
37.509
37.516
37.526
37.538
37.549
37.56
37.566
37.576
37.589
37.599
37.61
37.619
37.63
37.64
37.65
37.66
37.667
37.677
37.69
37.7
37.71
37.719
37.73
37.741
37.75
37.76
37.768
37.78
37.79
37.801
37.81
37.817
37.827
37.84
37.851
37.86
37.867
37.878
37.89
37.901
37.91
37.918
37.928
37.94
37.951
37.961
37.968
37.977
37.987
37.994
38.002
38.011
38.018
38.028
38.042
38.053
38.061
38.068
38.077
38.088
38.101
38.112
38.118
38.128
38.135
38.143
38.152
38.161
38.168
38.176
38.184
38.193
38.202
38.211
38.218
38.229
38.241
38.252
38.261
38.268
38.278
38.286
38.293
38.303
38.312
38.319
38.332
38.342
38.353
38.363
38.369
38.378
38.386
38.393
38.403
38.412
38.419
38.428
38.437
38.444
38.453
38.463
38.47
38.479
38.49
38.502
38.512
38.52
38.532
38.543
38.553
38.562
38.57
38.578
38.585
38.594
38.604
38.613
38.621
38.633
38.644
38.654
38.663
38.67
38.679
38.686
38.694
38.704
38.714
38.723
38.732
38.744
38.754
38.763
38.77
38.777
38.784
38.794
38.805
38.813
38.82
38.829
38.835
38.844
38.854
38.864
38.871
38.878
38.885
38.895
38.904
38.914
38.921
38.929
38.936
38.945
38.955
38.964
38.971
38.979
38.986
38.995
39.005
39.015
39.022
39.028
39.035
39.045
39.055
39.065
39.074
39.083
39.095
39.106
39.116
39.125
39.134
39.145
39.155
39.164
39.171
39.178
39.186
39.196
39.205
39.215
39.222
39.228
39.237
39.245
39.256
39.266
39.276
39.286
39.296
39.306
39.315
39.323
39.335
39.346
39.357
39.366
39.376
39.387
39.396
39.406
39.416
39.427
39.436
39.447
39.457
39.466
39.476
39.485
39.496
39.507
39.517
39.528
39.537
39.547
39.557
39.566
39.577
39.59
39.597
39.607
39.617
39.627
39.638
39.649
39.658
39.667
39.677
39.687
39.697
39.708
39.717
39.728
39.738
39.748
39.758
39.767
39.778
39.788
39.797
39.808
39.817
39.827
39.838
39.848
39.858
39.867
39.878
39.888
39.898
39.908
39.917
39.928
39.938
39.949
39.958
39.967
39.978
39.989
39.999
40.009
40.019
40.029
40.038
40.049
40.058
40.068
40.078
40.089
40.1
40.109
40.119
40.13
40.139
40.149
40.159
40.168
40.179
40.19
40.199
40.209
40.218
40.229
40.239
40.249
40.259
40.27
40.28
40.289
40.3
40.309
40.319
40.329
40.341
40.35
40.36
40.369
40.38
40.39
40.4
40.41
40.419
40.43
40.44
40.45
40.46
40.469
40.48
40.49
40.5
40.51
40.519
40.53
40.54
40.55
40.561
40.569
40.58
40.59
40.601
40.611
40.619
40.63
40.64
40.651
40.661
40.67
40.68
40.69
40.701
40.711
40.72
40.731
40.742
40.752
40.761
40.77
40.781
40.791
40.801
40.811
40.82
40.831
40.841
40.851
40.862
40.871
40.881
40.892
40.901
40.912
40.92
40.931
40.941
40.951
40.961
40.97
40.981
40.991
41.001
41.012
41.021
41.031
41.041
41.051
41.061
41.07
41.08
41.09
41.1
41.11
41.12
41.128
41.136
41.145
41.154
41.164
41.171
41.182
41.192
41.202
41.212
41.221
41.23
41.241
41.251
41.261
41.271
41.278
41.285
41.295
41.304
41.314
41.322
41.332
41.342
41.352
41.362
41.371
41.379
41.388
41.396
41.405
41.414
41.423
41.433
41.443
41.453
41.462
41.471
41.48
41.489
41.498
41.507
41.518
41.526
41.535
41.544
41.554
41.564
41.573
41.58
41.587
41.596
41.606
41.616
41.624
41.63
41.637
41.646
41.656
41.665
41.673
41.681
41.688
41.697
41.706
41.716
41.723
41.73
41.738
41.748
41.756
41.766
41.774
41.781
41.788
41.797
41.807
41.817
41.824
41.831
41.839
41.848
41.857
41.866
41.874
41.882
41.888
41.897
41.908
41.917
41.925
41.932
41.939
41.949
41.958
41.968
41.975
41.982
41.989
41.999
42.009
42.019
42.026
42.033
42.04
42.05
42.06
42.07
42.077
42.084
42.091
42.101
42.111
42.121
42.129
42.138
42.148
42.157
42.167
42.175
42.183
42.19
42.201
42.21
42.221
42.228
42.235
42.242
42.253
42.263
42.273
42.28
42.287
42.296
42.306
42.315
42.324
42.332
42.339
42.35
42.36
42.369
42.376
42.383
42.39
42.4
42.411
42.421
42.429
42.436
42.443
42.453
42.464
42.475
42.481
42.488
42.497
42.507
42.515
42.525
42.532
42.539
42.55
42.56
42.571
42.578
42.585
42.592
42.602
42.614
42.624
42.631
42.638
42.647
42.656
42.666
42.675
42.682
42.689
42.698
42.706
42.716
42.725
42.732
42.739
42.749
42.757
42.766
42.776
42.783
42.79
42.8
42.812
42.822
42.83
42.837
42.844
42.855
42.865
42.876
42.883
42.889
42.899
42.909
42.918
42.926
42.933
42.94
42.95
42.961
42.972
42.979
42.986
42.993
43.004
43.015
43.026
43.033
43.04
43.047
43.057
43.066
43.076
43.084
43.09
43.099
43.108
43.117
43.127
43.134
43.141
43.15
43.159
43.169
43.178
43.184
43.191
43.201
43.21
43.219
43.227
43.235
43.242
43.252
43.263
43.276
43.283
43.289
43.297
43.307
43.317
43.327
43.334
43.341
43.35
43.358
43.368
43.378
43.385
43.391
43.4
43.409
43.418
43.428
43.435
43.442
43.451
43.459
43.468
43.478
43.485
43.492
43.5
43.509
43.518
43.528
43.535
43.542
43.551
43.559
43.568
43.579
43.585
43.592
43.6
43.61
43.619
43.629
43.636
43.643
43.651
43.659
43.668
43.68
43.687
43.692
43.702
43.71
43.719
43.729
43.736
43.743
43.753
43.761
43.769
43.779
43.786
43.793
43.8
43.809
43.819
43.83
43.836
43.843
43.85
43.86
43.869
43.879
43.887
43.896
43.908
43.919
43.93
43.937
43.944
43.951
43.96
43.971
43.98
43.987
43.994
44.002
44.011
44.02
44.029
44.037
44.044
44.052
44.06
44.07
44.08
44.087
44.094
44.101
44.111
44.12
44.13
44.137
44.144
44.152
44.161
44.17
44.18
44.187
44.194
44.202
44.21
44.22
44.23
44.237
44.244
44.252
44.261
44.27
44.28
44.287
44.294
44.302
44.311
44.32
44.331
44.337
44.344
44.353
44.361
44.371
44.381
44.388
44.395
44.403
44.411
44.421
44.431
44.438
44.445
44.453
44.462
44.472
44.482
44.491
44.499
44.51
44.521
44.532
44.538
44.545
44.553
44.561
44.572
44.582
44.589
44.596
44.604
44.612
44.622
44.632
44.639
44.646
44.654
44.663
44.672
44.683
44.69
44.697
44.703
44.712
44.722
44.733
44.74
44.75
44.761
44.772
44.782
44.789
44.796
44.803
44.812
44.823
44.833
44.84
44.847
44.854
44.863
44.873
44.883
44.89
44.896
44.904
44.913
44.923
44.933
44.94
44.947
44.954
44.963
44.974
44.984
44.991
44.997
45.005
45.013
45.023
45.033
45.04
45.047
45.054
45.063
45.073
45.083
45.09
45.097
45.104
45.114
45.124
45.135
45.141
45.148
45.155
45.164
45.173
45.184
45.191
45.197
45.204
45.214
45.224
45.235
45.241
45.249
45.256
45.265
45.274
45.285
45.292
45.298
45.306
45.314
45.324
45.334
45.343
45.353
45.364
45.375
45.385
45.392
45.398
45.405
45.415
45.425
45.435
45.444
45.452
45.464
45.474
45.485
45.492
45.499
45.506
45.515
45.525
45.535
45.542
45.549
45.556
45.566
45.575
45.585
45.592
45.599
45.606
45.617
45.627
45.636
45.643
45.65
45.657
45.666
45.676
45.686
45.694
45.703
45.715
45.725
45.736
45.743
45.75
45.757
45.766
45.776
45.786
45.793
45.8
45.807
45.817
45.826
45.836
45.843
45.85
45.857
45.866
45.876
45.887
45.894
45.9
45.907
45.917
45.926
45.937
45.944
45.95
45.957
45.966
45.978
45.988
45.994
46.001
46.008
46.017
46.027
46.037
46.044
46.05
46.057
46.067
46.077
46.087
46.095
46.101
46.108
46.118
46.128
46.138
46.144
46.151
46.158
46.167
46.178
46.189
46.195
46.201
46.208
46.218
46.227
46.237
46.244
46.251
46.258
46.268
46.278
46.288
46.295
46.302
46.309
46.318
46.327
46.338
46.347
46.357
46.368
46.379
46.389
46.396
46.402
46.409
46.418
46.428
46.438
46.445
46.452
46.459
46.468
46.478
46.489
46.496
46.502
46.509
46.519
46.528
46.538
46.545
46.552
46.559
46.568
46.578
46.589
46.596
46.603
46.61
46.619
46.629
46.639
46.646
46.653
46.66
46.669
46.679
46.689
46.696
46.703
46.71
46.719
46.729
46.739
46.746
46.753
46.76
46.769
46.78
46.79
46.797
46.803
46.81
46.82
46.829
46.84
46.847
46.853
46.86
46.87
46.881
46.89
46.897
46.904
46.911
46.92
46.93
46.94
46.947
46.954
46.962
46.97
46.98
46.991
46.998
47.004
47.011
47.021
47.03
47.041
47.048
47.055
47.062
47.071
47.08
47.091
47.098
47.105
47.112
47.121
47.131
47.141
47.148
47.155
47.162
47.171
47.181
47.191
47.198
47.205
47.212
47.222
47.231
47.241
47.249
47.255
47.262
47.271
47.281
47.292
47.298
47.305
47.312
47.322
47.331
47.342
47.348
47.356
47.364
47.372
47.381
47.392
47.399
47.406
47.413
47.422
47.432
47.442
47.449
47.455
47.463
47.472
47.482
47.492
47.499
47.506
47.513
47.522
47.532
47.542
47.549
47.556
47.563
47.573
47.582
47.593
47.6
47.606
47.613
47.623
47.632
47.643
47.65
47.657
47.664
47.673
47.683
47.693
47.7
47.707
47.714
47.723
47.733
47.743
47.75
47.757
47.764
47.774
47.783
47.793
47.801
47.807
47.814
47.824
47.833
47.844
47.85
47.857
47.864
47.874
47.883
47.894
47.9
47.907
47.915
47.924
47.933
47.944
47.951
47.957
47.965
47.974
47.984
47.994
48.001
48.007
48.015
48.024
48.034
48.045
48.051
48.059
48.066
48.074
48.084
48.095
48.102
48.11
48.118
48.127
48.135
48.145
48.152
48.159
48.166
48.175
48.184
48.195
48.202
48.209
48.216
48.225
48.235
48.245
48.252
48.258
48.266
48.275
48.285
48.296
48.302
48.309
48.316
48.326
48.335
48.345
48.352
48.359
48.366
48.375
48.386
48.395
48.402
48.409
48.416
48.425
48.435
48.445
48.452
48.459
48.467
48.476
48.485
48.496
48.503
48.51
48.517
48.526
48.536
48.546
48.553
48.56
48.567
48.576
48.586
48.596
48.604
48.61
48.617
48.626
48.637
48.646
48.653
48.661
48.668
48.677
48.687
48.697
48.704
48.711
48.718
48.727
48.737
48.747
48.754
48.762
48.769
48.778
48.787
48.797
48.804
48.811
48.818
48.828
48.838
48.847
48.854
48.861
48.869
48.878
48.888
48.898
48.905
48.911
48.918
48.927
48.937
48.947
48.954
48.961
48.968
48.977
48.988
48.997
49.004
49.011
49.018
49.028
49.038
49.048
49.056
49.062
49.07
49.079
49.088
49.099
49.105
49.112
49.12
49.129
49.139
49.149
49.156
49.163
49.171
49.18
49.189
49.199
49.206
49.214
49.221
49.23
49.24
49.249
49.256
49.263
49.271
49.28
49.29
49.3
49.307
49.314
49.321
49.331
49.34
49.35
49.357
49.364
49.372
49.382
49.391
49.401
49.407
49.415
49.422
49.432
49.441
49.451
49.458
49.465
49.474
49.484
49.494
49.503
49.509
49.516
49.525
49.536
49.545
49.553
49.56
49.567
49.577
49.586
49.596
49.603
49.611
49.618
49.627
49.636
49.646
49.653
49.661
49.668
49.677
49.687
49.696
49.704
49.711
49.718
49.727
49.737
49.747
49.754
49.762
49.773
49.783
49.792
49.802
49.809
49.816
49.824
49.835
49.845
49.853
49.86
49.867
49.878
49.887
49.898
49.905
49.911
49.918
49.928
49.938
49.948
49.955
49.964
49.974
49.985
49.995
50.004
50.011
50.018
50.027
50.038
50.048
50.056
50.062
50.069
50.078
50.088
50.099
50.106
50.113
50.12
50.129
50.138
50.149
50.156
50.162
50.17
50.179
50.188
50.199
50.206
50.213
50.22
50.229
50.239
50.249
50.256
50.263
50.271
50.279
50.289
50.3
50.307
50.313
50.32
50.33
50.339
50.349
50.356
50.364
50.371
50.38
50.389
50.399
50.407
50.417
50.425
50.436
50.448
50.456
50.463
50.471
50.48
50.49
50.5
50.507
50.514
50.521
50.531
50.54
50.55
50.557
50.564
50.572
50.58
50.59
50.6
50.608
50.616
50.622
50.631
50.64
50.651
50.658
50.666
50.678
50.689
50.7
50.708
50.716
50.728
50.74
50.75
50.758
50.766
50.778
50.79
50.801
50.809
50.821
50.831
50.841
50.851
50.86
50.871
50.881
50.891
50.902
50.909
50.917
50.927
50.938
50.951
50.96
50.971
50.981
50.991
51.002
51.01
51.02
51.031
51.042
51.052
51.06
51.071
51.082
51.092
51.102
51.11
51.121
51.132
51.142
51.152
51.161
51.172
51.182
51.192
51.202
51.21
51.222
51.232
51.242
51.253
51.261
51.272
51.283
51.292
51.303
51.311
51.322
51.332
51.343
51.353
51.362
51.373
51.383
51.393
51.404
51.412
51.423
51.433
51.443
51.453
51.463
51.473
51.483
51.494
51.504
51.512
51.523
51.533
51.544
51.553
51.563
51.573
51.584
51.593
51.604
51.612
51.623
51.633
51.644
51.654
51.664
51.674
51.685
51.694
51.704
51.713
51.723
51.734
51.744
51.754
51.763
51.774
51.784
51.794
51.805
51.814
51.824
51.835
51.844
51.855
51.864
51.875
51.885
51.894
51.905
51.914
51.925
51.935
51.945
51.955
51.964
51.975
51.985
51.995
52.006
52.015
52.025
52.036
52.045
52.055
52.065
52.075
52.085
52.095
52.106
52.115
52.125
52.135
52.146
52.156
52.165
52.176
52.186
52.196
52.206
52.215
52.227
52.236
52.246
52.256
52.266
52.276
52.286
52.296
52.306
52.315
52.326
52.336
52.347
52.356
52.367
52.376
52.386
52.397
52.407
52.416
52.427
52.437
52.447
52.457
52.467
52.477
52.487
52.497
52.507
52.516
52.527
52.537
52.547
52.558
52.567
52.577
52.587
52.597
52.608
52.617
52.627
52.637
52.648
52.658
52.667
52.678
52.688
52.697
52.708
52.717
52.728
52.738
52.749
52.758
52.768
52.778
52.788
52.798
52.808
52.818
52.829
52.838
52.848
52.858
52.869
52.878
52.889
52.898
52.909
52.918
52.928
52.939
52.948
52.96
52.969
52.979
52.989
52.999
53.009
53.019
53.029
53.039
53.049
53.06
53.069
53.079
53.09
53.099
53.109
53.12
53.129
53.139
53.15
53.16
53.169
53.179
53.19
53.199
53.21
53.22
53.229
53.24
53.25
53.26
53.27
53.28
53.29
53.3
53.31
53.32
53.33
53.34
53.35
53.36
53.37
53.38
53.39
53.4
53.41
53.421
53.43
53.44
53.45
53.461
53.47
53.48
53.491
53.5
53.511
53.521
53.53
53.541
53.551
53.561
53.571
53.581
53.591
53.601
53.611
53.621
53.631
53.641
53.651
53.661
53.671
53.681
53.691
53.701
53.712
53.721
53.732
53.741
53.752
53.762
53.772
53.781
53.792
53.801
53.812
53.822
53.832
53.842
53.852
53.862
53.872
53.882
53.892
53.902
53.912
53.923
53.932
53.943
53.953
53.963
53.973
53.982
53.992
54.003
54.013
54.023
54.032
54.042
54.053
54.063
54.073
54.083
54.094
54.103
54.113
54.123
54.132
54.143
54.153
54.163
54.173
54.183
54.193
54.203
54.213
54.224
54.233
54.243
54.254
54.263
54.274
54.283
54.293
54.304
54.314
54.324
54.334
54.343
54.354
54.364
54.374
54.384
54.394
54.404
54.414
54.424
54.434
54.444
54.454
54.464
54.474
54.484
54.494
54.505
54.514
54.524
54.534
54.545
54.555
54.566
54.575
54.584
54.594
54.604
54.615
54.625
54.634
54.645
54.655
54.665
54.675
54.684
54.694
54.705
54.715
54.725
54.734
54.745
54.755
54.766
54.775
54.784
54.795
54.805
54.816
54.825
54.835
54.845
54.856
54.865
54.876
54.885
54.896
54.906
54.916
54.926
54.936
54.946
54.956
54.966
54.976
54.986
54.996
55.006
55.016
55.026
55.035
55.046
55.056
55.067
55.077
55.086
55.096
55.106
55.117
55.126
55.136
55.146
55.156
55.167
55.177
55.185
55.196
55.206
55.217
55.227
55.233
55.242
55.249
55.257
55.268
55.277
55.286
55.297
55.307
55.317
55.327
55.336
55.345
55.356
55.367
55.378
55.386
55.396
55.406
55.417
55.427
55.435
55.445
55.456
55.467
55.478
55.484
55.493
55.5
55.509
55.518
55.528
55.535
55.544
55.552
55.559
55.569
55.578
55.585
55.595
55.603
55.61
55.618
55.629
55.635
55.644
55.653
55.66
55.669
55.679
55.686
55.695
55.704
55.711
55.719
55.729
55.736
55.745
55.754
55.761
55.77
55.779
55.786
55.795
55.804
55.812
55.82
55.829
55.836
55.846
55.855
55.863
55.871
55.88
55.887
55.897
55.907
55.918
55.927
55.934
55.942
55.951
55.96
55.97
55.979
55.987
55.996
56.005
56.014
56.021
56.03
56.037
56.047
56.058
56.068
56.076
56.083
56.09
56.098
56.109
56.12
56.13
56.137
56.145
56.151
56.161
56.17
56.181
56.188
56.197
56.207
56.216
56.223
56.232
56.239
56.248
56.258
56.269
56.276
56.283
56.29
56.299
56.309
56.32
56.329
56.335
56.343
56.35
56.36
56.371
56.381
56.387
56.396
56.404
56.412
56.422
56.432
56.439
56.449
56.459
56.469
56.475
56.483
56.49
56.5
56.509
56.519
56.527
56.534
56.541
56.55
56.559
56.57
56.577
56.584
56.591
56.6
56.61
56.621
56.629
56.635
56.642
56.651
56.66
56.67
56.677
56.685
56.692
56.7
56.711
56.72
56.728
56.735
56.742
56.751
56.761
56.77
56.778
56.786
56.792
56.801
56.811
56.821
56.828
56.835
56.843
56.851
56.86
56.871
56.877
56.885
56.893
56.901
56.911
56.921
56.928
56.935
56.943
56.951
56.961
56.97
56.978
56.986
56.993
57.002
57.011
57.021
57.028
57.036
57.043
57.052
57.061
57.071
57.078
57.086
57.093
57.102
57.111
57.122
57.128
57.136
57.143
57.153
57.162
57.172
57.178
57.187
57.194
57.202
57.212
57.221
57.228
57.236
57.244
57.253
57.262
57.271
57.278
57.286
57.294
57.302
57.312
57.322
57.329
57.337
57.345
57.353
57.362
57.372
57.379
57.387
57.394
57.403
57.412
57.422
57.429
57.437
57.445
57.453
57.462
57.473
57.479
57.487
57.495
57.503
57.512
57.523
57.529
57.538
57.545
57.553
57.563
57.573
57.579
57.588
57.595
57.603
57.613
57.623
57.629
57.638
57.645
57.654
57.663
57.673
57.68
57.689
57.696
57.705
57.714
57.723
57.731
57.739
57.746
57.754
57.763
57.774
57.78
57.79
57.796
57.804
57.814
57.823
57.83
57.839
57.846
57.855
57.864
57.873
57.88
57.89
57.896
57.904
57.914
57.924
57.931
57.94
57.946
57.955
57.964
57.974
57.981
57.99
57.997
58.005
58.014
58.024
58.031
58.04
58.047
58.055
58.065
58.074
58.081
58.09
58.097
58.105
58.115
58.124
58.132
58.141
58.147
58.155
58.165
58.175
58.182
58.19
58.198
58.206
58.215
58.225
58.232
58.241
58.248
58.256
58.265
58.275
58.282
58.291
58.298
58.306
58.315
58.325
58.332
58.341
58.349
58.357
58.366
58.375
58.382
58.392
58.398
58.406
58.416
58.425
58.433
58.442
58.449
58.457
58.466
58.476
58.483
58.492
58.499
58.507
58.516
58.526
58.533
58.542
58.549
58.557
58.566
58.576
58.583
58.593
58.599
58.607
58.616
58.627
58.634
58.642
58.649
58.657
58.667
58.677
58.685
58.693
58.7
58.708
58.717
58.727
58.734
58.743
58.75
58.758
58.767
58.777
58.784
58.793
58.8
58.808
58.817
58.827
58.834
58.844
58.851
58.858
58.867
58.877
58.884
58.894
58.901
58.908
58.918
58.927
58.935
58.944
58.951
58.959
58.967
58.978
58.985
58.994
59.001
59.009
59.018
59.028
59.035
59.044
59.052
59.059
59.068
59.078
59.085
59.095
59.101
59.109
59.118
59.128
59.136
59.145
59.152
59.16
59.168
59.178
59.186
59.195
59.202
59.21
59.219
59.228
59.237
59.245
59.252
59.26
59.269
59.279
59.286
59.296
59.303
59.31
59.319
59.329
59.337
59.346
59.353
59.36
59.37
59.379
59.387
59.396
59.403
59.41
59.419
59.43
59.437
59.446
59.453
59.461
59.47
59.479
59.487
59.496
59.503
59.511
59.52
59.53
59.537
59.546
59.554
59.561
59.57
59.58
59.588
59.596
59.605
59.611
59.62
59.63
59.638
59.647
59.654
59.661
59.671
59.68
59.688
59.697
59.704
59.712
59.721
59.73
59.739
59.747
59.754
59.762
59.771
59.781
59.789
59.798
59.805
59.812
59.821
59.831
59.839
59.848
59.856
59.863
59.871
59.882
59.889
59.898
59.906
59.912
59.922
59.931
59.939
59.948
59.956
59.963
59.972
59.982
59.989
59.999
60.007
60.014
60.022
60.031
60.04
60.049
60.057
60.064
60.072
60.082
60.09
60.099
60.107
60.114
60.123
60.132
60.14
60.149
60.157
60.164
60.172
60.182
60.19
60.2
60.208
60.214
60.222
60.233
60.24
60.249
60.258
60.265
60.273
60.283
60.29
60.3
60.308
60.315
60.323
60.333
60.343
60.352
60.362
60.372
60.382
60.393
60.403
60.412
60.422
60.433
60.441
60.451
60.458
60.465
60.474
60.483
60.493
60.503
60.514
60.523
60.534
60.542
60.553
60.563
60.574
60.583
60.592
60.601
60.61
60.623
60.633
60.643
60.653
60.664
60.674
60.684
60.694
60.704
60.714
60.724
60.734
60.742
60.751
60.76
60.768
60.775
60.785
60.794
60.804
60.815
60.825
60.836
60.844
60.854
60.864
60.874
60.885
60.894
60.904
60.915
60.925
60.935
60.945
60.955
60.965
60.976
60.986
60.995
61.005
61.015
61.025
61.035
61.044
61.055
61.065
61.075
61.086
61.095
61.105
61.116
61.125
61.136
61.145
61.156
61.165
61.175
61.186
61.195
61.206
61.216
61.226
61.237
61.246
61.256
61.266
61.276
61.286
61.297
61.306
61.316
61.326
61.337
61.346
61.356
61.366
61.377
61.386
61.397
61.406
61.417
61.427
61.437
61.446
61.457
61.466
61.476
61.487
61.497
61.507
61.517
61.527
61.537
61.547
61.557
61.567
61.577
61.587
61.597
61.607
61.617
61.627
61.638
61.647
61.658
61.667
61.677
61.688
61.698
61.707
61.717
61.728
61.738
61.748
61.758
61.767
61.778
61.788
61.798
61.808
61.818
61.828
61.839
61.848
61.858
61.868
61.878
61.888
61.898
61.909
61.918
61.928
61.939
61.948
61.959
61.968
61.978
61.989
61.999
62.009
62.018
62.029
62.039
62.049
62.059
62.068
62.079
62.09
62.099
62.109
62.119
62.129
62.141
62.15
62.159
62.169
62.179
62.189
62.2
62.21
62.219
62.23
62.24
62.25
62.26
62.27
62.28
62.29
62.3
62.31
62.319
62.33
62.34
62.35
62.36
62.369
62.38
62.39
62.4
62.41
62.42
62.43
62.441
62.45
62.461
62.469
62.481
62.491
62.5
62.511
62.52
62.53
62.541
62.55
62.561
62.57
62.581
62.591
62.601
62.611
62.62
62.631
62.641
62.651
62.662
62.671
62.681
62.691
62.701
62.712
62.721
62.731
62.742
62.751
62.762
62.771
62.781
62.792
62.802
62.812
62.821
62.832
62.842
62.852
62.862
62.871
62.882
62.892
62.902
62.912
62.922
62.932
62.943
62.952
62.963
62.971
62.983
62.993
63.002
63.013
63.022
63.033
63.043
63.053
63.063
63.072
63.082
63.093
63.103
63.113
63.122
63.133
63.143
63.153
63.163
63.172
63.183
63.193
63.204
63.214
63.223
63.234
63.244
63.254
63.264
63.272
63.283
63.294
63.304
63.314
63.323
63.333
63.344
63.354
63.364
63.373
63.384
63.394
63.404
63.414
63.423
63.434
63.444
63.454
63.464
63.473
63.484
63.494
63.505
63.515
63.523
63.534
63.544
63.555
63.564
63.574
63.584
63.595
63.605
63.615
63.624
63.634
63.645
63.655
63.665
63.674
63.684
63.695
63.706
63.715
63.724
63.735
63.746
63.755
63.766
63.774
63.785
63.795
63.805
63.815
63.825
63.834
63.845
63.856
63.866
63.875
63.885
63.896
63.905
63.916
63.924
63.935
63.946
63.956
63.966
63.975
63.985
63.996
64.006
64.017
64.025
64.035
64.046
64.056
64.066
64.076
64.085
64.096
64.106
64.117
64.125
64.135
64.146
64.156
64.166
64.176
64.185
64.196
64.206
64.216
64.225
64.235
64.246
64.255
64.265
64.275
64.285
64.295
64.304
64.313
64.321
64.329
64.338
64.348
64.357
64.368
64.376
64.387
64.396
64.407
64.416
64.426
64.436
64.446
64.455
64.464
64.474
64.482
64.49
64.499
64.508
64.519
64.527
64.536
64.547
64.556
64.566
64.575
64.585
64.595
64.602
64.61
64.619
64.628
64.638
64.647
64.658
64.667
64.677
64.686
64.697
64.704
64.713
64.722
64.73
64.739
64.75
64.76
64.769
64.777
64.787
64.798
64.805
64.814
64.823
64.832
64.841
64.85
64.86
64.87
64.879
64.888
64.898
64.906
64.917
64.926
64.935
64.944
64.952
64.961
64.971
64.978
64.988
64.998
65.006
65.015
65.024
65.033
65.043
65.051
65.061
65.071
65.079
65.089
65.098
65.105
65.115
65.125
65.134
65.144
65.152
65.162
65.172
65.179
65.189
65.198
65.207
65.216
65.225
65.235
65.245
65.253
65.263
65.272
65.28
65.289
65.299
65.307
65.316
65.326
65.336
65.346
65.354
65.363
65.373
65.381
65.39
65.399
65.407
65.418
65.428
65.438
65.448
65.455
65.465
65.475
65.483
65.494
65.503
65.513
65.523
65.53
65.54
65.549
65.556
65.567
65.577
65.587
65.597
65.605
65.615
65.626
65.634
65.645
65.654
65.664
65.674
65.682
65.691
65.7
65.707
65.718
65.729
65.74
65.749
65.757
65.767
65.778
65.789
65.798
65.806
65.817
65.828
65.839
65.849
65.856
65.868
65.879
65.888
65.899
65.906
65.917
65.928
65.938
65.95
65.957
65.968
65.979
65.99
66
66.007
66.019
66.03
66.041
66.051
66.058
66.069
66.08
66.09
66.101
66.109
66.12
66.131
66.141
66.151
66.159
66.169
66.181
66.191
66.202
66.209
66.221
66.231
66.241
66.252
66.259
66.27
66.281
66.291
66.302
66.31
66.321
66.331
66.342
66.352
66.359
66.371
66.382
66.392
66.402
66.41
66.422
66.432
66.442
66.452
66.46
66.472
66.482
66.492
66.502
66.511
66.523
66.532
66.543
66.553
66.561
66.572
66.582
66.593
66.603
66.611
