-0.23958
-0.22211
-0.23883
-0.23805
-0.2387
-0.23564
-0.24249
-0.23355
-0.24015
-0.238
-0.22161
-0.23948
-0.24206
-0.24325
-0.24081
-0.2376
-0.21666
-0.2362
-0.22495
-0.23233
-0.23832
-0.24546
-0.24201
-0.23404
-0.23001
-0.23863
-0.23924
-0.23005
-0.24208
-0.23769
-0.24037
-0.24198
-0.23925
-0.22848
-0.23352
-0.24119
-0.22189
-0.24016
-0.2397
-0.23895
-0.23862
-0.23547
-0.23214
-0.24075
-0.24076
-0.21854
-0.24097
-0.23534
-0.22509
-0.23874
-0.24064
-0.23418
-0.23641
-0.2353
-0.23466
-0.23774
-0.23827
-0.22715
-0.22573
-0.23363
-0.22122
-0.23885
-0.23888
-0.23701
-0.23614
-0.22728
-0.21904
-0.23915
-0.23711
-0.22024
-0.23878
-0.23885
-0.23311
-0.23874
-0.23863
-0.22804
-0.23259
-0.23573
-0.22059
-0.23653
-0.23782
-0.23492
-0.237
-0.2354
-0.22491
-0.23749
-0.23897
-0.23268
-0.24132
-0.22721
-0.23684
-0.23624
-0.24005
-0.22452
-0.23898
-0.24669
-0.24312
-0.23789
-0.23284
-0.23563
-0.23538
-0.21862
-0.23867
-0.23704
-0.25042
-0.23613
-0.23817
-0.24247
-0.24198
-0.23248
-0.24519
-0.23629
-0.24315
-0.23195
-0.22322
-0.23748
-0.23011
-0.23241
-0.23784
-0.24772
-0.24317
-0.23563
-0.23853
-0.238
-0.2333
-0.23074
-0.24027
-0.23703
-0.22562
-0.23949
-0.24183
-0.22582
-0.23848
-0.22188
-0.24613
-0.24011
-0.24455
-0.23856
-0.23698
-0.24002
-0.22501
-0.23794
-0.23938
-0.2362
-0.23985
-0.2288
-0.23676
-0.23783
-0.23184
-0.23272
-0.23813
-0.23877
-0.22557
-0.23683
-0.23894
-0.2324
-0.24104
-0.23914
-0.2306
-0.2397
-0.22826
-0.24773
-0.23847
-0.23144
-0.24022
-0.23879
-0.23515
-0.22942
-0.23707
-0.22293
-0.21862
-0.2369
-0.21487
-0.2354
-0.23624
-0.24336
-0.23555
-0.23834
-0.24055
-0.23587
-0.23755
-0.2253
-0.22656
-0.23671
-0.21793
-0.24496
-0.23878
-0.24716
-0.23335
-0.23874
-0.23033
-0.21985
-0.23611
-0.22496
-0.23677
-0.23527
-0.22237
-0.23656
-0.23839
-0.23734
-0.2362
-0.23631
-0.22819
-0.23556
-0.23796
-0.22513
-0.23637
-0.23952
-0.24697
-0.23414
-0.23188
-0.22876
-0.23585
-0.2337
-0.22095
-0.23682
-0.23491
-0.2298
-0.23601
-0.23368
-0.23945
-0.23614
-0.22555
-0.23677
-0.23914
-0.23839
-0.23843
-0.23463
-0.22242
-0.23782
-0.23954
-0.23612
-0.23055
-0.23742
-0.23219
-0.23834
-0.23668
-0.22486
-0.23712
-0.23118
-0.22061
-0.23539
-0.23677
-0.24363
-0.23662
-0.23727
-0.23868
-0.23565
-0.23994
-0.21675
-0.23956
-0.23159
-0.23823
-0.2359
-0.22696
-0.25043
-0.23737
-0.23728
-0.2405
-0.23531
-0.23314
-0.2379
-0.23465
-0.23854
-0.21999
-0.23595
-0.23697
-0.24213
-0.23601
-0.23833
-0.24293
-0.23142
-0.21717
-0.2344
-0.23295
-0.23231
-0.235
-0.23896
-0.23586
-0.21783
-0.2338
-0.23707
-0.21917
-0.23651
-0.22087
-0.23924
-0.23727
-0.245
-0.22586
-0.23667
-0.24076
-0.23491
-0.2344
-0.21567
-0.23536
-0.23588
-0.21919
-0.23747
-0.21415
-0.23571
-0.23656
-0.23808
-0.24673
-0.23799
-0.23833
-0.23588
-0.23967
-0.23948
-0.22226
-0.23661
-0.24458
-0.22881
-0.22866
-0.23656
-0.22726
-0.23728
-0.22488
-0.23837
-0.2347
-0.23983
-0.24035
-0.23576
-0.22884
-0.23944
-0.23408
-0.22425
-0.2358
-0.21453
-0.23661
-0.23894
-0.2172
-0.24645
-0.23631
-0.23023
-0.2434
-0.23824
-0.2379
-0.2388
-0.23651
-0.22852
-0.23712
-0.2442
-0.22335
-0.23793
-0.22253
-0.23462
-0.23626
-0.23716
-0.23788
-0.21361
-0.23525
-0.23504
-0.23149
-0.23835
-0.23374
-0.22485
-0.23772
-0.23662
-0.22812
-0.23631
-0.23853
-0.23891
-0.23556
-0.23747
-0.22359
-0.23656
-0.23495
-0.2348
-0.23581
-0.23666
-0.23633
-0.23646
-0.2313
-0.23652
-0.23617
-0.21851
-0.23682
-0.23653
-0.21612
-0.23932
-0.23867
-0.23047
-0.23843
-0.22499
-0.23176
-0.23294
-0.21543
-0.24012
-0.23469
-0.24351
-0.23879
-0.22607
-0.23604
-0.24008
-0.23807
-0.23089
-0.2366
-0.22942
-0.23656
-0.23645
-0.22689
-0.23191
-0.24382
-0.22096
-0.23828
-0.23678
-0.23556
-0.23843
-0.23837
-0.23364
-0.23965
-0.22391
-0.23899
-0.23834
-0.23706
-0.24341
-0.2363
-0.23813
-0.22902
-0.23564
-0.24055
-0.22809
-0.23588
-0.23944
-0.22122
-0.23708
-0.22625
-0.22395
-0.21623
-0.19291
-0.19164
-0.19058
-0.17961
-0.11664
-0.10726
-0.069675
-0.0766
-0.08059
-0.072347
-0.05862
-0.059194
-0.072807
-0.061638
-0.083484
-0.056575
-0.11337
-0.102
-0.12863
-0.13354
-0.14483
-0.15071
-0.22673
-0.24947
-0.25878
-0.31345
-0.33455
-0.3448
-0.37973
-0.49941
-0.79516
-1.0176
-1.2132
-1.4303
-1.4817
-1.5108
-1.5277
-1.5084
-1.4013
-1.3219
-1.1226
-1.0648
-1.0635
-0.9448
-0.75499
-0.51868
-0.41696
-0.086095
0.12262
0.33998
0.29831
0.21582
0.074274
0
0
0
0
0
-0.024548
-0.034659
-0.080589
-0.10555
-0.32308
-0.45244
-0.5875
-0.75723
-0.61426
-0.66458
-0.68656
-0.75131
-0.84223
-0.7524
-0.65611
-0.48478
-0.29432
0
0
0.0010416
0
0
0
-0.0093048
-0.0030383
0
0
-0.18446
-0.73586
-1.0751
-1.7161
-1.7315
-1.4878
-1.5157
-1.314
-1.1063
-1.0493
-0.099945
0
0
0
0
0
0
0
0
0
0
0
-0.10289
-0.41584
-0.73986
-0.96564
-1.2543
-1.3633
-1.2965
-1.0828
-0.68267
-0.35796
-0.44387
-0.58496
0.52568
0.63999
0.6959
0.67945
0.32403
0.052269
0.010269
-0.094306
-0.053683
-0.086935
0.11567
-0.16338
-0.38884
-0.45099
-0.7232
-0.91157
-0.90368
-0.99436
-1.006
-1.0128
-0.74687
-0.5561
-0.53685
-0.32809
-0.31928
-0.1212
-0.0012032
0.00023618
0
-0.037107
-0.01932
0
0
0
0
-0.0016442
-0.0052294
0
0
-0.077873
-0.39886
-1.0987
-0.89214
-1.0635
-1.0453
-0.83724
-0.82239
-0.11653
0
0
0
0
0
0
0
0
-0.023307
-0.064152
-0.16455
-0.25205
-0.58167
-1.0296
-1.4995
-1.7795
-1.7685
-1.7312
-1.5161
-1.2673
-0.85115
-0.77177
-0.80946
-0.86344
-0.91283
-0.62903
-0.1777
-0.012087
0.2754
0.41115
0.44029
0.5405
0.6579
0.50962
0.33248
0.23377
0.20767
0.28016
-0.06799
-0.06296
-0.2817
-0.13709
-0.20673
-0.3927
-0.37392
-0.45419
-0.57895
-0.40978
-0.2591
-0.26809
0.010772
0.049282
0.092801
0.0062574
0
0.0074618
0
0
0
0
0
-0.0050128
-0.0035241
-0.0046183
-0.00068328
0
0
0
-0.28514
-0.52761
-0.77058
-0.9974
-0.99817
-1.0088
-1.0436
-0.99675
-0.91983
-0.84647
-0.80742
-0.58835
-0.11853
-0.13268
-0.11089
-0.11994
-0.15932
-0.22421
-0.3849
-0.58939
-0.98668
-1.3537
-1.7102
-1.8583
-1.5924
-1.4725
-1.1831
-0.94708
-0.84391
-0.81854
0.34207
0.54309
0.629
0.66364
0.73198
0.7722
0.61085
0.2458
0.16841
0.1178
0.13645
0.18344
0.28985
0.30267
0.17493
-0.38648
-0.43761
-0.55688
-0.64983
-0.64883
-0.74159
-0.74192
-0.49792
-0.43185
-0.35372
-0.11995
-0.11616
0.049875
0.0017235
0
0
-0.002866
0
-0.00055233
0
0
0
-0.3438
-0.30295
-0.46077
-0.93373
-0.84144
-1.0194
-1.0251
-0.94894
-0.91142
-0.87128
-0.82578
-0.71692
-0.5345
-0.34195
-0.24193
-0.15814
-0.091162
-0.082752
-0.15932
-0.34521
-0.51102
-0.92815
-1.4825
-1.4562
-1.3813
-1.3278
-1.2595
-0.99003
-0.96138
-0.88531
-0.95848
-0.94796
0.23752
0.35467
0.36382
0.51647
0.61448
0.55659
0.30589
0.16891
0.091562
0.072027
0.13356
0.20851
0.158
0.11065
-0.21079
-0.21119
-0.74401
-0.75913
-0.85841
-0.78735
-0.77829
-0.69894
-0.5806
-0.42814
-0.3997
-0.061899
-0.034532
0
0
-0.014265
-0.00094633
0
0
0
0
0
0
-0.041169
-0.25734
-0.82667
-0.77369
-0.82353
-0.90178
-0.84473
-0.82613
-0.77983
-0.70335
-0.61229
-0.45889
-0.29544
-0.213
-0.071157
-0.04936
-0.042576
-0.065328
-0.21964
-0.50116
-0.77619
-0.9125
-1.0259
-1.0361
-1.101
-1.0055
-0.93948
-0.84792
-0.95739
-0.80681
-0.84863
-0.76845
-0.51743
-0.26361
-0.085674
0.10876
0.48101
0.24308
0.10476
0.049961
0.030221
0.060767
0.15543
0.10203
-0.084424
-0.15216
-0.32421
-0.50339
-0.59608
-0.76782
-0.73531
-0.73694
-0.87318
-0.88592
-0.89136
-0.89785
-0.25791
-0.029124
0
0
-0.010824
-0.00035661
0
0
-0.00061776
-0.0032112
0
-0.0038743
-0.0013106
-0.00022661
0
0
-0.25734
-0.68428
-0.81837
-0.95723
-0.95987
-0.96087
-0.92391
-0.84516
-0.78017
-0.67979
-0.55222
-0.34536
-0.23834
-0.11089
-0.050723
-0.014163
0
-0.022448
-0.031141
-0.056377
-0.095823
-0.14459
-0.29137
-0.53329
-0.8898
-1.102
-1.181
-1.2187
-1.203
-1.0921
-1.0241
-0.93851
-1.0239
-1.1396
-0.94028
-0.72868
-0.51232
-0.39236
-0.0072173
0.12957
0.17773
0.27005
0.34611
0.5186
0.5546
0.20692
0.14025
0.090837
0.084001
0.11541
0.1028
0.09479
0.028374
-0.20217
-0.30582
-0.34665
-0.52465
-0.54314
-0.50095
-0.70911
-0.73832
-0.73935
-0.76961
-0.66747
-0.56397
-0.54708
-0.37881
-0.25371
-0.082264
-0.0062344
0
0
-0.013575
-0.0029693
0
0
0
-0.00038917
0
-0.0031074
-0.00074891
0
0
0
-0.16742
-0.39415
-0.6905
-0.99632
-0.88086
-0.90092
-0.93978
-0.88813
-0.80331
-0.69457
-0.63524
-0.068628
-0.065625
-0.070546
-0.13455
-0.13581
-0.12426
-0.21041
-0.38595
-0.6634
-1.0986
-1.343
-1.3393
-1.2077
-1.1688
-1.1435
-1.1229
-0.99344
-0.8679
-0.22165
0.10602
0.25779
0.296
0.42818
0.57506
0.6852
0.55109
0.25766
0.1846
0.10907
0.099899
0.099257
0.22739
0.1865
0.079401
-0.071449
-0.54809
-0.68302
-0.82872
-0.80181
-0.7986
-0.70514
-0.59429
-0.50518
-0.48799
-0.2305
-0.032992
-0.0042422
0
-0.035629
-0.0099387
0
0
0
0
0
0
0
-0.14638
-0.27308
-0.63946
-0.95331
-0.78292
-0.84976
-0.87006
-0.87936
-0.7899
-0.66557
-0.63478
-0.53863
-0.066182
-0.061619
-0.097254
-0.10046
-0.10492
-0.1944
-0.38611
-0.62837
-1.0628
-1.2204
-1.3043
-1.1736
-1.2264
-1.171
-1.1069
-0.95225
-0.30996
-0.074932
0.14283
0.28976
0.38256
0.43499
0.51623
0.66601
0.54563
0.27704
0.19368
0.081349
0.040918
0.040412
0.075872
0.10119
-0.62218
-0.71631
-0.76415
-0.946
-0.95379
-0.89356
-0.89713
-0.80724
-0.69831
-0.75768
-0.44724
-0.44132
-0.14416
-0.013233
0
0
0
0
0
-0.0068484
-0.0051571
-0.0017784
0
0
0
-0.14616
-0.31713
-0.69507
-0.87365
-0.8131
-0.92527
-0.93121
-0.83882
-0.76412
-0.59871
-0.077671
-0.048796
-0.023925
-0.065255
-0.042766
-0.078958
-0.085785
-0.12901
-0.30016
-0.69908
-0.91664
-1.166
-1.1303
-1.1293
-1.1999
-1.2455
-0.96561
-0.87157
-0.77447
-0.48986
-0.26692
-0.0027734
0.11615
0.23763
0.26004
0.38899
0.46775
0.47649
0.23745
0.11327
0.078782
0.067397
0.059197
0.069153
-0.36411
-0.43684
-0.50455
-0.68176
-0.82938
-0.80351
-0.91517
-0.95554
-0.79619
-0.76842
-0.71377
-0.43693
-0.47025
-0.1883
-0.046257
0
0
0
0
-0.0040463
-0.0070735
-0.0026259
0
0
-0.0014771
0
-0.20924
-0.51006
-0.67415
-0.80899
-0.8879
-0.9803
-0.9401
-0.91294
-0.81444
-0.71853
-0.27087
-0.12737
-0.10799
-0.092765
-0.10627
-0.10353
-0.12261
-0.13214
-0.16646
-0.33142
-0.63756
-1.0329
-1.2975
-1.2922
-1.2182
-1.2208
-0.9494
-0.88155
-0.49904
-0.32641
-0.13356
0.16242
0.27965
0.33494
0.46283
0.61825
0.67646
0.55804
0.26155
0.2236
0.11147
0.14178
0.18865
0.187
-0.45246
-0.68554
-0.68756
-0.7739
-0.97749
-0.96393
-0.8346
-0.83262
-0.82162
-0.77049
-0.66047
-0.33948
-0.38174
2.5029e-05
-0.0064948
0
-0.069353
-0.013064
0
0.00058707
-0.008138
0
0
0
0
0
-0.26028
-0.46946
-0.77175
-0.89998
-0.94541
-1.0309
-1.0139
-0.95791
-0.83362
-0.67966
-0.67876
-0.50371
-0.36949
-0.23898
-0.11459
-0.072628
-0.055037
-0.056036
-0.072451
-0.087969
-0.081095
-0.093058
-0.31441
-0.61569
-1.0518
-1.2715
-1.3264
-1.1397
-0.89177
-0.75735
-0.93315
-0.90322
-0.66125
-0.37342
-0.19129
0.050738
0.15784
0.28153
0.3623
0.3877
0.45537
0.48143
0.15068
0.051194
0.083243
0.10495
0.10555
0.087077
-0.041774
-0.18439
-0.21259
-0.45203
-0.62147
-0.66071
-0.84522
-0.87102
-0.9008
-0.95648
-0.93565
-0.85352
-0.87413
-0.74602
-0.56875
-0.45065
-0.26488
-0.045197
0
0
-0.043119
-0.0092262
0
0.00066757
-3.2303e-05
0
-0.0045113
-0.0061794
-0.0022171
0
0
0
0
-0.075753
-0.38054
-0.54232
-0.78307
-0.92024
-0.91932
-0.94423
-0.93172
-0.86279
-0.74859
-0.71134
-0.64615
-0.44186
-0.30575
-0.21948
-0.13348
-0.10057
-0.098536
-0.12689
-0.19175
-0.17301
-0.20843
-0.46458
-0.79321
-1.1321
-1.1643
-1.0752
-1.1562
-1.2307
-1.1745
-0.97939
-0.83364
-0.76382
-0.80955
-0.71948
-0.53185
-0.351
-0.17858
0.041111
0.24802
0.2718
0.33481
0.5062
0.54743
0.51792
0.20869
0.23202
0.14638
0.14767
0.24797
0.27228
0.34958
0.14353
-0.038338
-0.23614
-0.30294
-0.50914
-0.61939
-0.63053
-0.91273
-0.88002
-0.81115
-0.82471
-0.7044
-0.45956
-0.40845
-0.29914
-0.070407
-0.093448
-0.0029004
0
0
-0.0032112
-0.0042626
0
0
0
-0.0073753
-0.012937
-0.014352
-0.0051932
0
0
-0.4877
-0.86568
-1.2635
-1.5183
-1.6064
-1.4749
-1.2451
-1.1423
-1.0411
-0.97258
-0.99327
-0.74708
-0.64201
-0.51732
-0.31789
-0.25466
-0.23284
-0.20332
-0.18132
-0.15966
-0.16312
-0.13283
-0.12264
-0.17072
-0.37452
-0.68515
-1.1702
-1.3291
-1.2889
-0.96938
-0.87044
-0.63875
-0.2988
-0.010665
0.25277
0.36315
0.58539
0.75891
0.80674
0.79268
0.77601
0.79071
0.78546
0.87172
0.89984
0.62032
0.48651
0.39936
0.28325
0.2978
0.44909
0.57008
0.59219
0.54035
0.20472
0.14902
-0.11232
-0.21637
-0.29418
-0.51515
-0.81313
-0.94205
-0.97304
-0.93806
-0.74025
-0.44584
-0.33091
-0.12354
0.11696
0.049606
0.0050946
0
0
0
0
0
0
-0.0020817
0
-0.0084851
0
-3.2303e-05
0
-0.52083
-0.39288
-0.98147
-1.2843
-1.4974
-1.5288
-1.3015
-1.1793
-1.1009
-1.0845
-0.90054
-0.93548
-0.66302
-0.40299
-0.32102
-0.21858
-0.078958
-0.073285
-0.066555
-0.082111
-0.086665
-0.055866
-0.07528
-0.070933
-0.090933
-0.23233
-0.485
-0.71839
-0.74739
-0.55634
-0.43093
-0.42008
-0.21937
0.046145
0.38383
0.45334
0.4717
0.61869
0.71954
0.77449
0.81365
0.7792
0.77168
0.80016
0.7964
0.80695
0.64001
0.44061
0.33037
0.38322
0.44224
0.50317
0.5732
0.56737
0.30938
-0.082307
-0.15205
-0.27201
-0.42562
-0.40869
-0.60702
-0.64006
-0.8936
-0.95934
-0.79999
-0.55821
-0.23841
0.0035706
0.14336
0.12493
0.013913
0
0.004456
0
0
0
0
0
0
-0.00071608
0
0
-0.0025233
0
0.00060315
-0.64326
-0.34269
-0.69687
-1.072
-1.218
-1.2013
-1.1676
-1.1117
-1.0644
-1.0071
-0.86158
-0.621
-0.32618
-0.23365
-0.12056
-0.082966
-0.047845
-0.043218
-0.062337
-0.078338
-0.07772
-0.093006
-0.043823
-0.10911
-0.10674
-0.12508
0.01439
0.035967
0.002636
-0.018323
0.012808
0.22077
0.39222
0.45944
0.44515
0.60212
0.56945
0.55988
0.55902
0.59743
0.5444
0.45647
0.38324
0.45645
0.48685
0.2991
0.27986
0.33879
0.32648
0.36989
0.41113
0.35758
0.19664
-0.097228
-0.27896
-0.36851
-0.45411
-0.49013
-0.49271
-0.6013
-0.59846
-0.56256
-0.55594
-0.36065
-0.36365
0.074636
0.15847
0.13008
0.055286
-0.0081096
0
0
0
0
0
0
0
-0.0050849
0
0
0
0
-0.0044757
0
-0.000487
-0.065617
-0.47279
-0.81564
-0.89241
-0.99025
-0.85525
-0.76129
-0.57393
-0.45798
-0.50257
-0.24453
-0.1475
-0.1326
-0.075251
-0.01131
-0.0095998
-0.026313
-0.015285
-0.042017
-0.042316
-0.041423
-0.017804
-0.040726
-0.029346
-0.12515
-0.085158
-0.045673
-0.075933
-0.082543
-0.11208
-0.031183
0.19527
0.31218
0.31444
0.40332
0.35748
0.33708
0.38583
0.51762
0.53083
0.47373
0.50199
0.47122
0.52589
0.43023
0.4224
0.35992
0.37401
0.32231
0.29551
0.079255
0.031612
-0.23486
-0.4032
-0.40956
-0.58188
-0.7027
-0.7152
-0.83938
-0.85683
-0.71202
-0.69755
-0.47622
-0.27462
0.10377
0.13351
0.12336
0.072918
0.0081949
0
0
0
0
0
0
0
0.0022526
-0.012852
0
-0.0071488
0
-0.0054469
0
-0.0024892
-0.44746
-0.006699
-0.45299
-0.47329
-0.34704
-0.22632
-0.10612
0.025152
0.058615
-0.09705
0.057862
0.013562
0.02104
0.052833
0.019813
0.023506
0.0057313
0.0020293
0.025362
0.038904
0.048891
0.083419
0.17698
0.16833
0.16394
0.25167
0.16524
0.011717
-0.057827
-0.078766
-0.14217
-0.12185
-0.31199
-0.29848
-0.29342
-0.14601
-0.097699
-0.022519
0.055869
0.13415
0.12888
0.14241
0.16083
0.14917
0.10181
0.23046
0.35366
0.47601
0.46394
0.47572
0.43075
0.32098
0.09177
0.10515
-0.058663
-0.067626
-0.1468
-0.37615
-0.43113
-0.33454
-0.44733
-0.27788
-0.1647
-0.13066
0.19717
0.18996
0.10164
0.020514
-0.031743
-0.040348
-0.026769
0
0
-0.0088348
0
0.00091078
0
0
0
0.00087821
0
0
0
-0.0059218
-0.044561
-0.10739
-0.5899
-0.35873
-0.38922
-0.18459
-0.10913
-0.032278
0.060064
-0.051098
0.03782
0.032658
0.023891
0.031268
0.016206
0.017775
0.0012888
-0.008967
-0.0076116
0.0034524
0.022456
0.048315
0.11616
0.21826
0.25218
0.27549
0.2978
0.25093
0.18594
0.10071
0.063838
0.067792
0.14588
0.025643
0.098845
0.047911
0.10272
0.16979
0.20584
0.21059
0.17976
0.22236
0.34498
0.23315
0.20816
0.22815
0.26429
0.36604
0.41026
0.43949
0.30793
0.2542
0.15372
0.051462
-0.028691
-0.069214
-0.34732
-0.48242
-0.50403
-0.52681
-0.352
-0.38527
-0.23027
-0.010646
0.22784
0.2393
0.15046
0.021548
-0.016182
0
0
0
0
0
0
0
0
-0.0041917
0
0
-0.0076028
0
-0.002421
-0.0058118
-0.31966
0
-0.34024
-0.35262
-0.3924
-0.36136
-0.074133
-0.012339
0.0071632
-0.10929
0.055989
0.049966
0.038049
0.048276
0.020632
0.016554
0.025861
0.01221
0.027807
0.040889
0.054188
0.078563
0.142
0.19216
0.1836
0.26108
0.19182
0.1155
-0.06187
-0.025783
-0.016875
0.10751
0.10131
-0.0097133
-0.015653
-0.016382
0.090573
0.25236
0.29481
0.30745
0.19059
0.12325
0.2286
0.25326
0.2052
0.31089
0.45046
0.4855
0.50382
0.49724
0.47598
0.4809
0.33272
0.26741
0.19303
0.24653
0.11382
0.032904
-0.067978
-0.066297
-0.035768
-0.067917
0.083551
0.23353
0.30813
0.21847
0.17377
0.024342
-0.010299
0
0
0
0
-0.0063643
0
0
0
0
0
0
-0.008138
0
0
0
-0.66324
-0.069377
-0.52365
-0.66349
-0.64339
-0.58088
-0.41693
-0.32368
-0.19117
-0.33905
-0.079303
0.010937
-0.027298
0.038197
0.017745
0.021643
0.005995
0.00025201
0.0046838
0.013133
0.02889
0.071639
0.14997
0.16992
0.16249
0.18119
0.027337
-0.0014123
0.043123
0.15712
0.17238
0.25587
0.23803
0.31957
0.26455
0.36519
0.38874
0.52543
0.54208
0.49595
0.47153
0.50615
0.5533
0.52823
0.46395
0.44535
0.47988
0.4966
0.46453
0.51046
0.54238
0.52012
0.39615
0.2823
0.21506
0.19068
0.1024
0.15403
0.001786
0.026054
-0.056991
0.077296
0.02747
0.10343
0.24564
0.21786
0.062329
0.011364
0
-0.011807
0
0
-0.0012109
0
0
0
0
-0.00032408
0
0
-0.011068
0
-0.0043335
0
-0.41586
-0.15723
-0.54895
-0.56471
-0.63322
-0.7466
-0.79765
-0.60008
-0.41783
-0.2211
-0.21717
-0.10123
0.025826
0.050918
0.07954
0.043897
0.046401
0.038441
0.035528
0.043206
0.049087
0.045995
0.052074
0.053385
0.049087
0.050568
0.055164
0.042126
0.062148
0.093498
0.12126
0.14571
0.12139
0.11927
0.074203
0.058522
0.028868
-0.053496
-0.10566
-0.20079
-0.33449
-0.37864
-0.36802
-0.36635
-0.36764
-0.37027
-0.38023
-0.41094
-0.41942
-0.35954
-0.29474
-0.22203
-0.2142
-0.16792
-0.14799
-0.12923
-0.10558
-0.077418
-0.086368
-0.07912
-0.078385
-0.097434
-0.12249
-0.14895
-0.17639
-0.20527
-0.21879
-0.21799
-0.21639
-0.20843
-0.21052
-0.19313
-0.17855
-0.17518
-0.1543
-0.12711
-0.12201
-0.093952
-0.099278
-0.098445
-0.086433
-0.075298
-0.069799
-0.082654
-0.068823
-0.058082
-0.058783
-0.057186
-0.064546
-0.087863
-0.095254
-0.10382
-0.11086
-0.11675
-0.13112
-0.1381
-0.15277
-0.15512
-0.16242
-0.15698
-0.17033
-0.16696
-0.16256
-0.15757
-0.16489
-0.15564
-0.15538
-0.14418
-0.14631
-0.12781
-0.13177
-0.13104
-0.11369
-0.12816
-0.1284
-0.13648
-0.1419
-0.13005
-0.12723
-0.13232
-0.13461
-0.12883
-0.13095
-0.13447
-0.14876
-0.14001
-0.13835
-0.13454
-0.13763
-0.13935
-0.13372
-0.14737
-0.14896
-0.13241
-0.14823
-0.14353
-0.15602
-0.15717
-0.16471
-0.15704
-0.17461
-0.17839
-0.18221
-0.17881
-0.18998
-0.19889
-0.19526
-0.18944
-0.1866
-0.18225
-0.17857
-0.16189
-0.16481
-0.15572
-0.16411
-0.1589
-0.15258
-0.1508
-0.15112
-0.15681
-0.15582
-0.15936
-0.1527
-0.16709
-0.16014
-0.1679
-0.16615
-0.15799
-0.16892
-0.16302
-0.17182
-0.16759
-0.16221
-0.17416
-0.17384
-0.17789
-0.17324
-0.16606
-0.17302
-0.17823
-0.18302
-0.18149
-0.17548
-0.18707
-0.18584
-0.19417
-0.21166
-0.22491
-0.22241
-0.23276
-0.239
-0.24497
-0.2386
-0.24245
-0.24232
-0.24761
-0.24523
-0.2557
-0.24944
-0.25499
-0.2504
-0.26947
-0.26339
-0.27118
-0.26493
-0.25678
-0.26489
-0.26192
-0.27366
-0.27279
-0.25893
-0.27324
-0.27785
-0.26908
-0.27188
-0.28004
-0.2716
-0.27395
-0.26863
-0.27118
-0.26413
-0.26636
-0.24961
-0.25806
-0.24536
-0.26255
-0.25646
-0.26035
-0.25899
-0.26434
-0.26805
-0.27115
-0.26662
-0.27657
-0.26432
-0.27499
-0.25836
-0.28328
-0.28103
-0.28333
-0.28254
-0.26809
-0.26787
-0.2681
-0.27392
-0.27532
-0.26883
-0.26855
-0.27114
-0.26626
-0.25483
-0.26519
-0.27184
-0.2728
-0.27034
-0.25917
-0.28313
-0.28434
-0.26911
-0.28573
-0.27806
-0.27036
-0.28052
-0.26949
-0.28514
-0.2853
-0.27415
-0.27095
-0.25342
-0.26226
-0.27591
-0.28209
-0.26511
-0.27991
-0.28335
-0.27543
-0.29145
-0.28787
-0.30933
-0.30779
-0.30463
-0.31109
-0.30988
-0.30355
-0.31699
-0.32721
-0.32462
-0.33494
-0.33166
-0.34642
-0.34589
-0.3251
-0.34485
-0.35176
-0.35151
-0.35269
-0.34686
-0.35137
-0.34977
-0.34961
-0.35516
-0.35135
-0.35262
-0.35739
-0.35148
-0.35473
-0.35423
-0.35643
-0.35824
-0.36063
-0.35368
-0.35533
-0.33499
-0.35017
-0.34934
-0.34963
-0.35514
-0.35319
-0.35968
-0.35514
-0.35626
-0.3639
-0.35673
-0.36065
-0.35454
-0.34322
-0.35609
-0.34727
-0.35685
-0.36005
-0.35574
-0.35678
-0.36395
-0.35664
-0.36645
-0.36734
-0.36083
-0.36883
-0.36054
-0.36608
-0.37765
-0.38411
-0.37228
-0.38072
-0.36707
-0.3788
-0.40866
-0.40091
-0.41566
-0.43481
-0.44295
-0.44102
-0.47189
-0.4639
-0.50196
-0.58003
-0.55912
-0.52693
-0.48012
-0.44343
-0.42396
-0.45066
-0.43885
-0.46532
-0.43906
-0.48435
-0.48809
-0.41387
-0.32983
-0.16493
-0.039367
-0.0009501
-0.0013332
0
0
0
0
0
0
0
0
-0.010662
-0.0079079
0
0
-0.0052294
-0.38829
-0.40085
-0.8159
-0.96674
-0.8488
-1.0292
-1.1053
-1.0133
-1.0065
-0.88089
-0.62568
-0.56714
0
0
0
0
-0.022083
-0.025426
-0.11658
-0.36511
-0.66551
-0.9117
-1.0396
-1.0981
-1.189
-1.1228
-0.87132
-0.8671
-0.92573
-0.32823
-0.035372
0.036135
0.14949
0.29647
0.46981
0.59301
0.40445
0.1652
0.11274
0.034966
-0.00098937
-0.031719
-0.12243
-0.15808
-0.41793
-0.48224
-0.58429
-0.69706
-0.88281
-0.91192
-0.86532
-0.86842
-0.49829
-0.42541
-0.37782
-0.25831
-0.15539
-0.03282
-0.0093817
0
0
-0.0068484
0
0
0
0
0
0
-0.080864
-0.37552
-0.60188
-0.68063
-0.76285
-0.57064
-0.49178
-0.53564
-0.46731
-0.31235
-0.093798
-0.061977
0
0
0
0
-0.00037872
-0.050561
-0.19123
-0.40999
-0.72909
-1.1994
-1.4274
-1.4218
-1.3639
-1.2868
-1.2458
-1.0517
-0.98609
-0.94559
-1.0788
-1.0598
-0.98018
-0.72285
-0.36965
-0.30207
0.18983
0.22771
0.24549
0.18851
0.10788
0.23424
0.11124
0.094895
0.13798
0.082267
0.091451
0.13886
0.0016901
0.065513
-0.086895
-0.16331
-0.1363
-0.10089
-0.12254
-0.060074
-0.037208
-0.011973
0.11759
0.056628
-0.024135
0
0
0
0
0
0
0
0
0
-0.0040857
-0.005121
0
-0.0013438
0
0
-0.010419
-0.14387
-0.28262
-0.69412
-0.67646
-0.71087
-0.69238
-0.55683
-0.39075
-0.34488
-0.26131
-0.21255
-0.20438
-0.18009
-0.23495
-0.26308
-0.29104
-0.32723
-0.54171
-0.94992
-1.3218
-1.234
-1.139
-0.81915
-0.72526
-0.65896
-0.6451
-0.47188
-0.1608
0.049476
0.28125
0.40563
0.46918
0.59287
0.65412
0.67469
0.53877
0.30301
0.29651
0.35639
0.19844
0.041972
-0.032338
-0.17461
-0.24877
-0.32873
-0.30785
-0.47024
-0.52885
-0.60967
-0.7359
-0.6298
-0.44905
-0.33899
-0.19101
-0.14764
-0.047758
0.022754
0.0066665
0
0
-0.016938
0
0
-0.0065872
-0.00035661
0
0
0
-0.075423
-0.12513
-0.62292
-0.57779
-0.62756
-0.70704
-0.60183
-0.54574
-0.58203
-0.57095
-0.41002
-0.32324
-0.20417
-0.10115
-0.074278
-0.0253
-0.0086523
-0.037353
-0.074478
-0.10466
-0.094641
-0.14526
-0.45132
-0.75454
-1.1112
-1.1924
-1.1756
-1.1525
-1.238
-1.2014
-1.1379
-0.92161
-0.96033
-1.0411
-0.88422
-0.8188
-0.59307
-0.33168
-0.066585
0.067614
0.14412
0.22076
0.29912
0.50745
0.50056
0.396
0.30723
0.23687
0.23574
0.2817
0.23888
0.2217
0.12671
0.13452
0.11518
-0.051428
-0.16343
-0.16654
-0.3785
-0.42737
-0.48043
-0.40456
-0.3401
-0.35663
-0.30228
-0.20041
-0.21042
-0.025018
0.010267
-0.014899
0
0
0
-0.0050849
0
0
0
0
0
0
0
0
0
-0.000487
-0.52856
-0.21853
-0.54703
-0.64386
-0.67887
-0.74166
-0.70308
-0.65091
-0.65115
-0.59535
-0.51925
-0.42195
-0.26003
-0.15778
-0.055591
-0.062517
-0.020916
-0.059844
-0.068249
-0.087329
-0.10466
-0.12137
-0.29037
-0.68845
-1.1273
-1.3862
-1.3799
-1.2806
-1.2205
-1.2233
-1.0215
-0.94801
-0.99464
-0.90946
-0.94671
-0.83076
-0.57707
-0.35914
-0.063689
-0.017888
0.078942
0.2222
0.19864
0.45404
0.45778
0.3457
0.24897
0.28143
0.28032
0.29427
0.23988
0.25366
0.13875
0.15953
0.18365
0.048108
-0.08198
-0.092641
-0.27779
-0.38614
-0.34811
-0.42831
-0.3284
-0.31211
-0.27115
-0.1458
-0.14766
-0.049198
0.016726
-0.016762
0
0
-0.015942
0
0
0
0
0
-0.0028316
-0.00022661
0
0
0
0
-0.033641
-0.18386
-0.54485
-0.64459
-0.78876
-0.65019
-0.66937
-0.68285
-0.65546
-0.60283
-0.4978
-0.3786
-0.25502
-0.13335
-0.07289
-0.064335
-0.019681
-0.032082
-0.070933
-0.082111
-0.13022
-0.20992
-0.41584
-0.67006
-0.99432
-1.1469
-1.2771
-1.1824
-1.1643
-1.1861
-1.0117
-0.85949
-0.8917
-0.8912
-0.90203
-0.75089
-0.53173
-0.34191
-0.025836
0.11821
0.18164
0.27051
0.2871
0.50608
0.49358
0.37643
0.28969
0.31723
0.2676
0.3357
0.3232
0.24808
0.21233
0.095878
0.18812
0.090911
-0.075329
-0.020978
-0.23958
-0.41654
-0.29132
-0.35927
-0.42743
-0.29652
-0.2344
-0.13833
-0.088899
-0.022889
0.031749
-0.01573
0
0
-0.0018456
-0.0037339
0
0
-0.00022661
0
0
-0.00042176
0
0
0
0
-0.16956
-0.10993
-0.37124
-0.62528
-0.71866
-0.5785
-0.64582
-0.54927
-0.51563
-0.48612
-0.44255
-0.33471
-0.19768
-0.13455
-0.079791
-0.042916
-0.031947
-0.048003
-0.092311
-0.66282
-1.0549
-1.2067
-1.2465
-1.1988
-1.1467
-1.1662
-1.0333
-0.78421
-0.82671
-0.79887
-0.63745
-0.53857
-0.39282
-0.10966
0.1071
0.17035
0.51012
0.26051
0.14017
0.13763
0.16961
0.18898
0.31081
0.25547
0.13046
0.1878
0.028147
-0.10828
-0.056901
-0.18448
-0.28493
-0.32663
-0.37553
-0.46604
-0.47185
-0.44157
-0.29536
-0.14878
-0.096814
-0.025323
0.033324
-0.0012109
0
0
0
0
0
-0.0076028
0
0
0
0
-0.14865
-0.17814
-0.37172
-0.55334
-0.78866
-0.57864
-0.59708
-0.57056
-0.58801
-0.47161
-0.42529
-0.025805
-0.043823
-0.045352
-0.085785
-0.095823
-0.13392
-0.26012
-0.39826
-0.62865
-0.96058
-1.115
-1.1382
-1.1544
-1.14
-1.1583
-1.0413
-0.76104
-0.67663
-0.68245
-0.69227
-0.54389
-0.17663
0.0035142
0.14245
0.26514
0.33305
0.39078
0.56577
0.59617
0.49347
0.26603
0.18675
0.099368
0.10918
0.099211
-0.11565
-0.10767
-0.25286
-0.34405
-0.36564
-0.43108
-0.60507
-0.52679
-0.56609
-0.51852
-0.36183
-0.28069
-0.12949
-0.080521
0.00050227
-0.03367
0
0
0
-6.4627e-05
0
0
-0.0030728
0
-0.0016107
-0.0012109
0
-0.0010784
0
-0.0011446
-0.03867
-0.15548
-0.58071
-0.59589
-0.58678
-0.57037
-0.41604
-0.32627
-0.18151
-0.10774
-0.046435
-0.044737
-0.027079
-0.06055
-0.055526
-0.081051
-0.072103
-0.12368
-0.3455
-0.70675
-1.0471
-1.2051
-1.1813
-1.1261
-1.2123
-1.1791
-1.1053
-0.98675
-1.0103
-0.93855
-0.97037
-0.84273
-0.51655
-0.36861
-0.19633
-0.020226
0.09668
0.14822
0.305
0.45386
0.093945
0.16501
0.20022
0.1449
0.12597
-0.088922
-0.12916
-0.19236
-0.29543
-0.33048
-0.38631
-0.5351
-0.60718
-0.68904
-0.60156
-0.5078
-0.44616
-0.26715
-0.24553
-0.11671
0.0055607
0.0020293
0
0
-0.0019803
-0.0032459
4.7038e-05
0
0
0
0
-0.0087569
0
0
0
0.0018081
-0.46172
-0.1147
-0.28777
-0.63463
-0.59989
-0.53182
-0.45432
-0.35572
-0.29554
-0.18322
-0.11625
-0.1093
-0.046591
-0.096298
-0.090477
-0.089344
-0.14359
-0.20079
-0.43611
-0.81975
-1.0458
-1.1775
-1.1899
-1.1409
-1.2382
-1.2134
-1.0794
-0.82423
-0.87545
-0.92163
-0.79562
-0.6494
-0.42191
-0.28634
-0.087817
0.033635
0.20137
0.3278
0.16007
0.15971
0.14685
0.15119
0.16323
0.17456
0.073641
-0.019755
-0.031486
-0.15232
-0.2299
-0.28131
-0.47814
-0.45661
-0.6707
-0.61485
-0.65122
-0.49111
-0.46832
-0.39647
-0.24758
-0.10869
-0.0062569
-0.037845
0
0
0
-0.0050849
0
0
0
0
0
0
0
0
0
0
-0.021811
-0.16322
-0.42553
-0.67148
-0.78069
-0.69428
-0.52727
-0.33541
-0.2403
-0.10826
-0.035239
-0.0019113
-0.013055
-0.057061
-0.05252
-0.088893
-0.13175
-0.15677
-0.32542
-0.64866
-0.96351
-1.0863
-1.1047
-1.0938
-1.1149
-1.153
-1.0452
-0.8377
-0.81287
-0.90003
-0.8032
-0.55292
-0.32859
-0.24029
-0.0042306
0.22979
0.35084
0.47452
0.53079
0.56261
0.54645
0.34361
0.21246
0.18904
0.15251
0.12216
0.19979
0.14882
0.038734
-0.0019896
-0.1152
-0.28607
-0.37048
-0.39556
-0.4749
-0.62367
-0.67298
-0.63627
-0.58888
-0.52909
-0.45765
-0.36683
-0.24216
-0.096955
-0.031893
-0.0068684
0
0
-0.014877
-0.0019803
9.4176e-05
0
0
0
0
0
0
0
0
0
-0.05126
-0.14026
-0.58815
-0.61837
-0.66957
-0.6423
-0.69992
-0.6161
-0.54428
-0.5075
-0.44602
-0.30424
-0.20583
-0.082752
-0.014947
0
-0.01827
-0.027079
-0.039367
-0.053015
-0.076291
-0.1497
-0.37413
-0.60276
-1.005
-1.1503
-1.1894
-1.0802
-1.1348
-1.1469
-1.0406
-0.86584
-0.83979
-0.87156
-0.84729
-0.64236
-0.42866
-0.20184
-0.021366
0.12222
0.22008
0.31979
0.43719
0.56355
0.51934
0.40142
0.2666
0.1752
0.19981
0.2054
0.27432
0.23274
0.096893
0.11693
-0.10439
-0.17205
-0.25804
-0.28355
-0.36794
-0.51419
-0.51933
-0.54413
-0.50876
-0.42715
-0.40164
-0.19152
-0.16265
-0.032778
0.028491
0.0035106
0
0
-0.0047972
0
0
0
0
0
-0.011231
-0.0016107
0
0
0
0
-0.031478
-0.1622
-0.53999
-0.55646
-0.79949
-0.63317
-0.68314
-0.63342
-0.62056
-0.56614
-0.54211
-0.3555
-0.29979
-0.18703
-0.12485
-0.093704
-0.07731
-0.076901
-0.10314
-0.11249
-0.12543
-0.16956
-0.33301
-0.61462
-1.055
-1.354
-1.4599
-1.391
-1.204
-1.2316
-1.1116
-0.94208
-0.85908
-0.76966
-0.76766
-0.6539
-0.26915
-0.042104
0.19431
0.25555
0.35947
0.46061
0.52113
0.65087
0.63612
0.40757
0.25903
0.15704
0.19371
0.20044
0.26895
0.28823
0.20871
0.088608
-0.0099094
-0.071909
-0.20511
-0.32914
-0.32974
-0.5582
-0.46145
-0.50869
-0.54896
-0.40434
-0.35338
-0.25156
-0.19697
-0.17289
0.03785
-0.024308
0
0
0
-0.0041917
0
0
0
0
0
0
0
0
0
0
-0.13546
-0.20888
-0.45062
-0.64078
-0.65577
-0.65427
-0.63657
-0.60452
-0.65517
-0.54677
-0.5336
-0.38863
-0.29921
-0.20968
-0.11195
-0.04706
-0.066742
-0.073087
-0.10289
-0.10774
-0.14763
-0.26032
-0.37632
-0.66003
-1.0447
-1.2928
-1.4104
-1.2985
-1.2204
-1.1918
-1.0708
-0.9287
-0.87696
-0.9808
-0.9376
-0.80709
-0.4165
-0.16073
0.080918
0.18167
0.24963
0.32125
0.47951
0.55825
0.54048
0.34308
0.21437
0.14677
0.17586
0.17846
0.23501
0.15157
0.14258
0.058275
-0.021935
-0.095691
-0.27472
-0.34448
-0.413
-0.54435
-0.49542
-0.52191
-0.51744
-0.38997
-0.32197
-0.32414
-0.14369
-0.087292
0.0017788
0.0093969
0
0
0
0
0
0
0
0
-0.0038041
0
0
0
0
0
-0.061185
-0.13086
-0.2724
-0.6281
-0.69781
-0.5836
-0.65186
-0.57727
-0.55443
-0.52414
-0.51244
-0.36588
-0.29412
-0.17835
-0.070465
-0.075482
-0.025049
-0.056206
-0.087552
-0.13361
-0.17421
-0.26283
-0.49337
-0.8804
-1.0551
-1.1905
-1.1942
-1.1486
-1.1773
-1.1398
-0.99326
-0.84645
-0.70038
-0.6972
-0.60085
-0.47989
-0.39208
-0.31152
-0.26384
-0.079203
-0.041183
-0.060314
0.056989
0.261
0.1086
0.024624
0.075668
0.076467
0.10791
0.15284
0.20912
0.26245
0.25191
0.23314
0.27234
0.27336
0.18814
0.14082
-0.097676
-0.15437
-0.37116
-0.51706
-0.54604
-0.72765
-0.84257
-0.93472
-0.96407
-0.9974
-0.91563
-0.83811
-0.8502
-0.86872
-0.83663
-0.80392
-0.72574
-0.71271
-0.64475
-0.59753
-0.45834
-0.26244
-0.21307
-0.17308
-0.14743
-0.11948
-0.11085
-0.10895
-0.11077
-0.14942
-0.19984
-0.24843
-0.31845
-0.34771
-0.41765
-0.48909
-0.54005
-0.64087
-0.64968
-0.71254
-0.73477
-0.77347
-0.83456
-0.87258
-0.89462
-0.88085
-0.81143
-0.74562
-0.68414
-0.61434
-0.56664
-0.51478
-0.45783
-0.40486
-0.37623
-0.34989
-0.34041
-0.34636
-0.35311
-0.34444
-0.37226
-0.39175
-0.38233
-0.42888
-0.46496
-0.49009
-0.52057
-0.54022
-0.54262
-0.56442
-0.55714
-0.58529
-0.58637
-0.57
-0.58421
-0.57546
-0.54442
-0.54124
-0.54469
-0.53598
-0.52911
-0.54066
-0.51916
-0.52754
-0.52939
-0.52736
-0.51592
-0.51251
-0.53128
-0.5308
-0.53303
-0.51492
-0.53091
-0.51861
-0.49681
-0.51034
-0.51456
-0.51747
-0.52328
-0.52141
-0.5168
-0.51748
-0.49939
-0.51116
-0.51736
-0.50817
-0.51613
-0.49942
-0.52213
-0.51841
-0.51701
-0.51714
-0.5149
-0.51516
-0.49722
-0.51642
-0.50292
-0.51536
-0.51175
-0.49188
-0.50837
-0.51345
-0.50863
-0.50237
-0.51003
-0.50942
-0.508
-0.48995
-0.50894
-0.50831
-0.50606
-0.50803
-0.50796
-0.4894
-0.50627
-0.50921
-0.48677
-0.50655
-0.50641
-0.50466
-0.50075
-0.50096
-0.48589
-0.50301
-0.50565
-0.50169
-0.49878
-0.48592
-0.4911
-0.50061
-0.49654
-0.48984
-0.477
-0.49474
-0.49192
-0.48205
-0.49616
-0.50213
-0.49759
-0.49059
-0.49864
-0.49815
-0.49903
-0.49639
-0.48623
-0.49986
-0.50154
-0.4969
-0.50284
-0.48658
-0.50602
-0.51702
-0.49691
-0.51117
-0.49773
-0.50741
-0.504
-0.48185
-0.49317
-0.49398
-0.47499
-0.49036
-0.49264
-0.48509
-0.47341
-0.4904
-0.47407
-0.48162
-0.48608
-0.46773
-0.47912
-0.48189
-0.46893
-0.4852
-0.49332
-0.49307
-0.48787
-0.48367
-0.48383
-0.49408
-0.48804
-0.48985
-0.49215
-0.50904
-0.51729
-0.53331
-0.54398
-0.60394
-0.61185
-0.60642
-0.64477
-0.67386
-0.67648
-0.70279
-0.6947
-0.70271
-0.70689
-0.5846
-0.53234
-0.5116
-0.43907
-0.44847
-0.47712
-0.47089
-0.52104
-0.50594
-0.52442
-0.48788
-0.46932
-0.46136
-0.40411
-0.46053
-0.41618
-0.38578
-0.16533
-0.0047912
-0.021114
-0.022815
0
0
0
0
0
0
0
0
0
0
0
0
-0.022921
-0.72655
-0.50294
-0.82722
-0.80571
-0.63231
-0.83029
-0.84853
-1.0091
-0.99797
-0.77013
-0.71131
-0.64023
-0.46319
-0.32121
-0.14888
-0.051294
-0.033442
0
0
0
0
-0.027982
-0.096775
-0.33537
-0.56124
-0.5473
-0.57634
-0.58624
-0.6422
-0.75796
-0.49405
-0.22764
-0.29749
-0.36766
-0.33647
-0.30026
0.42027
0.4324
0.53276
0.61808
0.52764
0.27116
0.10323
0.072195
0.046515
0.067735
0.10424
-0.17166
0.031911
-0.029454
-0.035539
-0.1111
-0.35909
-0.31527
-0.30953
-0.38427
-0.32304
-0.18605
0.011509
-0.010529
-0.028872
0.17891
0.15143
0.14432
0.0050026
0
0
0
-0.00088043
0
0.0004414
0
0
0
0
-0.002421
-0.36487
-0.41479
-0.66931
-0.6384
-0.68509
-0.62203
-0.59263
-0.64404
-0.58889
-0.44074
-0.17703
-0.14238
-0.16117
-0.061083
-0.031274
0
0
0
-0.095349
-0.33449
-0.63477
-1.1
-1.4077
-1.3986
-1.3125
-1.1883
-1.1687
-1.0704
-0.84224
-0.79172
-0.8211
-0.59743
-0.24459
-0.065174
0.039687
0.14701
0.16612
0.15375
0.31549
0.3942
0.38066
0.48659
0.45954
0.38877
0.3449
0.31204
0.23917
0.086499
-0.019411
-0.043141
-0.16667
-0.075248
0.16343
0.21434
0.31162
0.35948
0.19358
0.046514
0.05052
0.016322
0
0
-6.4627e-05
0
0
0
0
0
0
-0.0037339
0
-0.0029693
-0.004369
0
-0.099775
-0.092899
-0.10165
-0.1968
-0.21549
-0.37317
-0.37322
-0.43642
-0.25922
-0.094977
-0.10774
-0.069968
-0.033305
-0.012615
0
0
0
0
0
0
-0.047216
-0.27187
-0.47355
-0.696
-0.87948
-0.98173
-1.2436
-1.2686
-1.1119
-0.96406
-0.89696
-0.93345
-0.98397
-0.95767
-0.78275
-0.6072
-0.37724
-0.24436
-0.1395
-0.17127
-0.1617
-0.067368
0.2667
0.23934
0.23864
0.14714
-0.2387
0.14391
0.11632
0.11201
-0.084809
-0.091138
0.01554
0.072975
0.05267
0.15997
0.29572
0.35227
0.17303
0.080095
0.025898
0.0087906
0
0
0
0
0
0
0
0
0
0
0
0
0.00066757
-0.011068
0
0
-0.0040857
-0.017304
-0.087163
0.12874
-0.01443
-0.13074
-0.14874
-0.35083
-0.34944
-0.43298
-0.24323
-0.039913
-0.05418
0
0
0
-0.0090721
0
-0.057248
-0.20826
-0.40644
-0.68022
-0.86751
-1.1455
-1.099
-1.1617
-1.0419
-0.80388
-0.9082
-0.94837
-0.94375
-0.99644
-0.83722
-0.66699
-0.49359
-0.28113
-0.26377
-0.19124
-0.16969
-0.20339
-0.0022384
0.18277
0.3013
0.26597
0.23916
0.23886
0.1886
0.1844
0.034043
0.041986
0.20273
0.029117
0.12933
0.31386
0.29454
0.3506
0.16978
0.065801
0.017055
0.0053211
0
0
-0.0040857
-0.0045113
0
0
0
0
0
0
0
0
0
-0.0064385
0
0.045727
0.12518
-0.024626
-0.19385
-0.22403
-0.31539
-0.35552
-0.082349
-0.084122
-0.025366
-0.024298
0
0
0
0
0
0
0
0
-0.037099
-0.23332
-0.39317
-0.626
-0.88711
-1.0795
-1.161
-1.1798
-1.0042
-0.86644
-0.82324
-1.035
-1.0252
-0.99346
-0.95789
-0.7271
-0.54121
-0.39601
-0.34509
-0.33913
-0.37545
-0.35703
-0.22793
0.082824
0.20142
0.18881
0.16528
-0.014132
0.029605
0.0099032
-0.21496
-0.17925
0.039548
-0.031066
-0.018051
0.19746
0.35025
0.27006
0.11231
0.031487
0.0085903
0.0041741
0
0
-0.022768
-0.046175
0
0
0
0
0
0.0019951
0.00061924
0.0022699
0
0
0
0
-0.001812
-0.0093442
-0.28418
0.22586
0.13569
0.088512
-0.0050601
-0.17845
-0.17353
-0.14909
0.032957
0.067911
0
0
0
0
0
0
0
0
0
0
0
-0.12223
-0.2827
-0.50962
-0.71441
-0.79742
-1.0041
-1.1205
-1.0957
-0.91028
-0.78854
-0.89971
-1.0211
-0.98872
-0.90052
-0.77667
-0.63519
-0.43047
-0.32397
-0.3506
-0.34881
-0.37736
-0.27299
-0.04752
0.13404
0.054008
0.0072027
-0.059237
-0.077691
-0.13058
-0.44397
-0.092798
-0.090024
-0.19513
-0.25903
-0.36589
-0.20006
-0.23796
-0.28775
-0.13346
-0.050055
0.047527
-0.040333
-0.064697
-0.010153
-0.054269
-0.049445
-0.036009
-0.0025575
0
0
0
0
0
0
0
-0.006811
0
0
0
-0.37823
-0.02159
0.10936
0.18435
0.091729
-0.0073199
-0.083189
0.0028631
0.044309
0.19267
0.17424
0.060744
0
-0.012615
0
0
0
0
0
0
0
0
0
-0.082966
-0.34332
-0.50794
-0.61317
-0.68666
-0.75378
-0.82788
-0.8418
-0.81106
-0.86905
-0.56966
-0.37553
-0.32099
-0.21247
-0.25054
-0.22223
-0.04214
0.074964
0.088465
0.075471
0.021538
0.013488
-0.062843
-0.1764
-0.4024
-0.46809
-0.61324
-0.55184
-0.58955
-0.6575
-0.56115
-0.52685
-0.44012
-0.33095
-0.12002
-0.073971
-0.084237
-0.06233
-0.096685
0.00093507
-0.080257
-0.10236
-0.067683
-0.010824
-0.040212
-0.03261
0
0
0.00063534
0
0
0.002971
0
-0.0024551
0
0
-0.31098
-0.39074
-0.3658
-0.091422
0.032507
-0.10264
-0.061209
0.047626
0.24979
0.098804
0.050754
0.019246
0.01067
0.020731
0
0
0
0
0
0
0
-0.063604
-0.033991
-0.19941
-0.31921
-0.25637
-0.42433
-0.5029
-0.42949
-0.30448
-0.38299
-0.55648
-0.59453
-0.63361
-0.59316
-0.53911
-0.46996
-0.27157
-0.27832
-0.39664
-0.18656
0.030473
0.078886
0.062206
-0.006384
-0.075623
-0.1723
-0.38548
-0.48517
-0.59876
-0.72409
-0.67289
-0.74539
-0.99458
-1.0743
-1.1026
-1.1772
-1.0508
-0.85897
-0.68347
-0.45297
-0.4617
-0.42911
-0.27898
-0.22155
-0.071266
0.0021255
0.0029355
0
0
0
0
0
0
0
0.0019269
0
0.00060315
0
0
0
-0.0061057
-0.58523
0.1465
0.20945
0.11927
0.10997
-0.021397
0.046405
0.17515
0.29763
0.299
0.20727
0.13777
0.030806
-0.036643
0
0
0
0
0
0
0
0
-0.028631
-0.14593
-0.31597
-0.41954
-0.5897
-0.74351
-0.85014
-0.91273
-0.87997
-0.71045
-0.58663
-0.66359
-0.67752
-0.6277
-0.55571
-0.35128
-0.23481
-0.21007
-0.28047
-0.29227
-0.07404
0.1083
0.13414
0.098981
0.038607
-0.036004
-0.078411
-0.177
-0.34641
-0.50333
-0.61731
-1.0462
-1.0458
-1.0316
-1.0989
-0.92283
-0.60034
-0.44192
-0.32775
-0.3545
-0.22846
-0.11565
-0.0088599
0.020008
0
-0.0040857
0
-0.00094633
-0.0057752
0
0
0
0
0
0
1.5667e-05
0
0
0
-0.025769
-0.11258
0.040956
-0.25158
-0.13889
-0.1462
-0.043594
0.048414
0.14657
0.14026
0.069638
0.055935
0.016848
0.023254
0
0
0
0
0
0
0
0
-0.012506
-0.13581
-0.3259
-0.47179
-0.72555
-0.84233
-0.95686
-1.0224
-0.91109
-0.69767
-0.72437
-0.7215
-0.71135
-0.6322
-0.53365
-0.34318
-0.22713
-0.20618
-0.25789
-0.19341
0.039756
0.15205
0.13901
0.05126
-0.026089
-0.072319
-0.09079
-0.22997
-0.46219
-0.4661
-0.61149
-0.68166
-0.62033
-0.74949
-0.81949
-0.79317
-0.9242
-0.82953
-0.7021
-0.529
-0.33549
-0.29699
-0.3651
-0.24038
-0.1939
-0.040147
-0.034371
0
0
0
0
0
0
0
0
0
0
-0.004869
0
0
0
-0.016983
-0.53586
-0.23514
-0.60102
-0.61214
-0.28071
-0.26011
-0.045619
-0.043773
0.070154
0.071894
-0.047687
-0.057793
-0.048164
0.020008
-0.026441
-0.025426
-0.022448
-0.044432
-0.036502
-0.076088
-0.092774
-0.079166
-0.032352
-0.0011414
-0.028371
-0.035239
-0.055696
-0.059844
-0.070546
-0.086004
-0.086444
-0.16192
-0.27182
-0.42915
-0.54212
-0.69769
-0.8264
-0.9086
-1.0474
-1.2287
-1.3285
-1.3633
-1.2622
-1.205
-1.2013
-1.1576
-1.1777
-1.0854
-0.9802
-0.8126
-0.72907
-0.5864
-0.47778
-0.44515
-0.4042
-0.36483
-0.35561
-0.347
-0.32761
-0.33867
-0.32573
-0.31581
-0.3139
-0.3136
-0.31582
-0.32274
-0.32335
-0.3358
-0.33695
-0.34692
-0.38345
-0.4101
-0.42073
-0.44075
-0.45986
-0.481
-0.49422
-0.527
-0.53937
-0.5422
-0.54706
-0.55576
-0.54327
-0.52553
-0.51127
-0.53656
-0.52753
-0.51245
-0.51163
-0.50552
-0.51449
-0.50627
-0.53189
-0.52892
-0.52671
-0.53102
-0.53783
-0.54325
-0.54251
-0.57068
-0.56326
-0.56449
-0.5473
-0.58212
-0.59044
-0.59553
-0.59302
-0.60394
-0.57337
-0.59244
-0.5638
-0.58318
-0.57972
-0.58387
-0.57369
-0.57088
-0.56999
-0.56054
-0.57167
-0.57506
-0.5756
-0.58448
-0.57758
-0.57364
-0.5843
-0.59423
-0.59561
-0.6157
-0.61673
-0.61467
-0.62649
-0.64293
-0.61824
-0.63464
-0.61832
-0.60357
-0.61715
-0.61793
-0.60927
-0.61359
-0.61001
-0.61592
-0.61702
-0.62922
-0.60541
-0.62476
-0.6303
-0.63398
-0.6231
-0.6205
-0.61281
-0.61767
-0.62265
-0.63746
-0.63467
-0.63771
-0.63123
-0.63547
-0.62261
-0.63368
-0.63088
-0.63823
-0.64003
-0.64515
-0.6411
-0.65249
-0.65338
-0.64779
-0.63208
-0.65833
-0.65556
-0.65353
-0.6505
-0.63131
-0.65124
-0.65376
-0.65385
-0.65694
-0.64443
-0.65648
-0.65104
-0.64644
-0.64777
-0.64522
-0.6494
-0.64247
-0.6453
-0.64661
-0.64857
-0.65056
-0.65038
-0.62967
-0.63431
-0.66098
-0.66011
-0.66017
-0.64976
-0.65115
-0.65254
-0.64288
-0.63674
-0.65178
-0.64376
-0.62876
-0.64404
-0.64113
-0.62112
-0.64029
-0.64601
-0.62796
-0.65108
-0.64783
-0.62665
-0.64579
-0.64929
-0.64687
-0.65015
-0.63999
-0.6292
-0.65165
-0.62865
-0.65318
-0.6529
-0.63111
-0.64618
-0.65412
-0.64401
-0.64716
-0.64038
-0.63026
-0.62432
-0.65101
-0.62237
-0.65368
-0.64256
-0.63823
-0.65542
-0.65713
-0.66539
-0.67693
-0.67032
-0.64563
-0.64423
-0.66664
-0.64935
-0.64548
-0.65394
-0.66643
-0.66114
-0.67406
-0.66675
-0.67459
-0.67219
-0.6696
-0.67518
-0.67126
-0.64759
-0.68012
-0.67475
-0.65765
-0.67413
-0.65055
-0.66641
-0.66901
-0.67435
-0.67441
-0.67392
-0.66852
-0.64896
-0.65686
-0.67788
-0.68081
-0.67649
-0.68174
-0.66984
-0.6572
-0.67406
-0.6538
-0.67202
-0.68372
-0.66911
-0.66714
-0.65016
-0.65074
-0.67355
-0.64751
-0.66332
-0.66568
-0.67367
-0.65173
-0.66745
-0.67241
-0.66831
-0.67031
-0.64788
-0.66901
-0.66572
-0.6631
-0.67198
-0.66732
-0.64265
-0.66997
-0.66994
-0.66974
-0.66454
-0.6709
-0.67566
-0.66649
-0.66982
-0.67687
-0.66675
-0.67415
-0.66759
-0.67954
-0.67737
-0.67818
-0.67091
-0.67177
-0.66108
-0.68023
-0.67062
-0.64911
-0.65312
-0.67801
-0.67212
-0.68392
-0.67063
-0.66428
-0.68637
-0.67651
-0.67887
-0.68426
-0.66616
-0.68355
-0.67919
-0.67929
-0.65893
-0.68588
-0.69238
-0.68135
-0.6785
-0.68017
-0.68109
-0.68701
-0.69029
-0.68631
-0.68704
-0.6822
-0.67569
-0.68325
-0.65597
-0.68091
-0.67923
-0.66305
-0.68009
-0.68634
-0.68518
-0.68671
-0.68936
-0.68575
-0.67306
-0.69087
-0.66492
-0.67838
-0.6783
-0.68026
-0.67775
-0.69065
-0.69146
-0.68818
-0.66443
-0.68972
-0.6887
-0.6918
-0.68977
-0.68956
-0.66149
-0.6903
-0.68977
-0.66658
-0.68014
-0.66586
-0.68844
-0.68774
-0.66093
-0.67657
-0.6894
-0.67713
-0.68273
-0.69223
-0.69424
-0.69526
-0.69218
-0.68995
-0.69049
-0.68017
-0.69186
-0.68391
-0.69311
-0.69266
-0.69306
-0.68673
-0.69194
-0.67784
-0.67603
-0.68973
-0.67568
-0.69944
-0.69287
-0.68973
-0.69848
-0.68129
-0.68341
-0.69916
-0.70085
-0.69876
-0.69333
-0.69514
-0.70017
-0.70144
-0.69405
-0.69556
-0.70129
-0.67104
-0.69887
-0.70102
-0.67889
-0.69139
-0.70315
-0.69738
-0.69679
-0.67153
-0.70187
-0.70009
-0.69923
-0.69176
-0.68172
-0.67127
-0.69737
-0.69786
-0.69498
-0.69701
-0.66732
-0.69199
-0.6973
-0.67617
-0.6917
-0.69099
-0.69578
-0.68958
-0.70159
-0.69802
-0.67423
-0.69802
-0.70106
-0.69084
-0.67415
-0.69718
-0.69463
-0.67972
-0.7066
-0.70016
-0.68955
-0.69504
-0.70075
-0.69102
-0.69688
-0.69549
-0.68716
-0.68134
-0.63328
-0.63014
-0.61786
-0.50468
-0.49851
-0.47828
-0.48768
-0.47778
-0.4826
-0.48054
-0.47923
-0.47908
-0.49432
-0.51847
-0.53114
-0.56092
-0.58298
-0.59322
-0.63507
-0.6664
-0.73288
-0.76202
-0.99323
-1.0176
-1.0579
-1.2896
-1.378
-1.6126
-1.6752
-1.6878
-1.6821
-1.6848
-1.5512
-1.2884
-1.2381
-0.87653
-0.74914
-0.62216
-0.59285
-0.52179
-0.24487
-0.012815
0.16447
0.4036
0.57997
0.64733
0.35547
0.19815
0.02472
0
0.0047985
0.0010908
0
0
0.021176
0.044589
0.09712
0.12185
0.12404
0.16315
0.22027
0.21743
-0.048093
-0.19765
-0.44336
-0.43235
-0.40177
-0.34177
-0.36847
-0.33292
-0.16306
-0.16387
-0.052258
-0.10462
0
0
0
-0.00025908
-0.1405
-0.6385
-1.2733
-2.1523
-2.1776
-1.9156
-1.772
-1.3842
-1.1218
-1.3572
-1.4784
-1.4206
-1.4045
-1.3193
-1.2261
-1.2463
-1.1724
-0.88987
-0.65113
-0.21353
-0.078829
0.00026786
-0.015942
0
-0.00074891
0
0
0
0
0
-0.049594
0.0096609
-0.094957
0.0034257
0.21467
-0.064935
-0.38538
-0.12052
0.12559
0.30357
0.31172
0.44023
0.5877
0.71781
0.67294
0.48864
0.3414
0.17228
0.020138
0
0
0
0
0.0035998
0.056674
0.17438
0.3279
0.42467
0.45736
0.32162
0.11166
-0.063442
-0.45668
-0.77421
-0.91462
-1.071
-1.0111
-0.96015
-0.67261
-0.40753
-0.35558
-0.37453
-0.43436
-0.40854
-0.53077
-0.56977
-0.37322
-0.16559
-0.01281
0
-0.0095811
-0.004869
0
0.00091078
0.00010991
-0.30301
-0.86438
-1.4208
-1.7681
-1.8434
-1.3333
-1.2794
-1.1644
-1.1176
-1.3544
-1.423
-1.4493
-0.99391
-0.74215
-0.43501
-0.34571
-0.22478
-0.019751
0
0
-0.0053743
0
0
-0.0026943
0
0
0
0
0
-0.028762
-0.20624
-0.13453
-0.54499
-0.74919
-0.54426
-0.68108
-0.6423
-0.2715
0.12048
0.2915
0.39045
0.5304
0.61467
0.62557
0.41863
0.22379
0.0453
0
0
0
0
0
0
0.058828
0.18582
0.30854
0.40204
0.53524
0.55742
0.59883
0.55138
0.2625
-0.037648
-0.24247
-0.39298
-0.44266
-0.62193
-0.57608
-0.3617
-0.30304
-0.36198
-0.48358
-0.49731
-0.46973
-0.3929
-0.37861
-0.30108
-0.12937
-0.019687
-0.04384
-0.0052942
-0.019751
-0.13395
-0.48995
-1.0724
-1.7822
-1.7811
-1.4984
-0.83647
-0.38592
-0.46279
-0.65577
-1.0025
-1.3182
-1.3204
-1.0096
-1.0114
-0.77566
-0.65246
-0.51823
-0.23529
-0.092774
0
0
0
0
0
0.00041095
0.0033655
0.00039501
0.0033655
0
0.0045506
-0.0046633
-0.093006
-0.20363
-0.77222
-1.0718
-1.2421
-1.4455
-1.3579
-1.1479
-0.77888
-0.35554
-0.085977
0.044469
0.25186
0.12739
0.040892
0.028139
0
0
0
0
0
0
0
0
0
0.17723
0.45435
0.63315
0.67603
0.59203
0.69286
0.80158
0.78335
0.63388
0.40565
0.235
0.10632
0.033522
0.11905
0.10491
0.073477
0.026563
-0.034126
-0.14596
-0.18896
-0.26143
-0.32614
-0.30684
-0.36267
-0.25256
-0.21091
-0.30511
-0.29822
-0.8818
-1.3487
-1.0845
-0.63109
-0.27711
-0.056029
-0.39009
-0.63487
-0.94076
-1.2433
-1.4728
-1.6026
-0.86679
-0.90799
-1.0242
-1.5098
-1.7704
-1.4357
-0.83436
-0.46455
-0.37927
-0.108
0
-0.027208
0
0
0
0
0
0
-0.056036
-0.17758
-0.38878
-0.75241
-1.3882
-1.7683
-1.719
-1.4317
-1.3902
-1.3369
-0.91207
-0.36684
-0.25672
-0.030787
0.26365
0.099685
0.088351
0.0076537
0
0.0023218
0
-0.0065128
-0.010018
0
0
-0.016846
0.070229
0.29985
0.44896
0.51169
0.46696
0.35781
0.44162
0.61837
0.68721
0.67753
0.44652
0.15681
0.096792
0.14311
0.078429
0.0098958
0.025873
-0.038483
-0.0068585
-0.035658
-0.072283
-0.16026
-0.35045
-0.15831
-0.088169
-0.064964
-0.020744
-0.068478
-0.73034
-1.0924
-1.4299
-0.84198
-0.27798
-0.11292
-0.24223
-0.87278
-1.4104
-1.4288
-1.0755
-1.0808
-0.65296
-0.62867
-0.85328
-1.3122
-1.7486
-1.8902
-1.4712
-0.92139
-0.57004
-0.45626
-0.28316
-0.28419
-0.31275
-0.17035
-0.035099
-0.0009501
-0.0025575
-0.0016107
0
0
0
0
0
0
0
-0.00097933
0
0
-0.00094633
-0.001812
-0.0038041
-0.004298
-0.0017448
-0.0015104
-0.0014771
-0.0013438
-0.0026943
-0.00042176
-0.00042176
0
0
0
-0.040243
-0.019918
-0.016696
0.028596
-0.0081029
-0.10034
-0.11219
-0.095526
-0.20979
-0.29671
-0.42644
-0.46747
-0.43669
-0.42071
-0.40171
-0.32518
-0.30421
-0.27422
-0.25815
-0.21653
-0.17718
-0.041969
-0.011124
0.049872
0.10256
0.11445
0.14972
0.1764
0.15682
0.13828
0.094701
0.050058
0.012753
-0.0063246
0.0015889
0
-0.0032759
-0.0040345
-0.033442
-0.063969
-0.094299
-0.1323
-0.19324
-0.29398
-0.35636
-0.39727
-0.46821
-0.49509
-0.57557
-0.62986
-0.68064
-0.74878
-0.76341
-0.79948
-0.80209
-0.79704
-0.75305
-0.7045
-0.62336
-0.61234
-0.54488
-0.4248
-0.37758
-0.32108
-0.30136
-0.26795
-0.24103
-0.21738
-0.18333
-0.18263
-0.19065
-0.18672
-0.17402
-0.19019
-0.22803
-0.22653
-0.24833
-0.26552
-0.29137
-0.30307
-0.30384
-0.29817
-0.29302
-0.29585
-0.28288
-0.30265
-0.30389
-0.29163
-0.28465
-0.27822
-0.28995
-0.29649
-0.30169
-0.34172
-0.36021
-0.37546
-0.41909
-0.42964
-0.42886
-0.44334
-0.44281
-0.42525
-0.43126
-0.42604
-0.40771
-0.38775
-0.34609
-0.33921
-0.32927
-0.30506
-0.31196
-0.30743
-0.3059
-0.31127
-0.31358
-0.31384
-0.32386
-0.3235
-0.31846
-0.34006
-0.3451
-0.34597
-0.33994
-0.35886
-0.35696
-0.364
-0.3672
-0.36071
-0.36589
-0.36902
-0.35526
-0.36753
-0.36815
-0.37299
-0.36803
-0.37533
-0.37518
-0.36908
-0.36599
-0.34735
-0.36314
-0.36126
-0.35925
-0.35952
-0.36511
-0.35693
-0.35713
-0.34527
-0.354
-0.35717
-0.3583
-0.34179
-0.36114
-0.35864
-0.34708
-0.37037
-0.37198
-0.37315
-0.37616
-0.3697
-0.37673
-0.37244
-0.35684
-0.37705
-0.3796
-0.35652
-0.37646
-0.3603
-0.36563
-0.36802
-0.36956
-0.35521
-0.36822
-0.37282
-0.37594
-0.37247
-0.35714
-0.37364
-0.37791
-0.38501
-0.3628
-0.38191
-0.37387
-0.36664
-0.36793
-0.374
-0.36171
-0.3712
-0.35474
-0.36542
-0.35937
-0.34479
-0.34428
-0.34921
-0.3528
-0.34452
-0.35093
-0.32706
-0.33772
-0.35075
-0.33295
-0.33892
-0.35053
-0.34181
-0.35397
-0.35245
-0.3614
-0.35438
-0.35717
-0.34753
-0.35952
-0.35833
-0.34253
-0.36149
-0.35849
-0.35012
-0.3448
-0.35972
-0.3424
-0.3461
-0.36168
-0.34732
-0.35658
-0.35717
-0.35981
-0.34629
-0.35903
-0.34402
-0.35326
-0.3581
-0.33626
-0.35149
-0.35755
-0.35817
-0.35633
-0.34026
-0.36324
-0.36075
-0.35994
-0.34189
-0.36298
-0.36137
-0.3611
-0.35932
-0.34742
-0.34301
-0.35834
-0.35314
-0.35337
-0.35779
-0.36115
-0.35935
-0.36088
-0.35447
-0.34713
-0.36218
-0.35178
-0.35558
-0.36432
-0.3553
-0.36245
-0.35939
-0.35762
-0.36157
-0.36472
-0.36262
-0.36399
-0.36256
-0.35008
-0.3577
-0.36833
-0.35111
-0.36469
-0.3654
-0.35488
-0.35615
-0.3662
-0.35577
-0.36823
-0.36436
-0.35454
-0.36688
-0.35059
-0.36745
-0.37015
-0.36631
-0.35958
-0.36372
-0.37404
-0.36217
-0.37472
-0.36807
-0.37479
-0.36759
-0.37749
-0.36105
-0.37726
-0.37154
-0.36911
-0.36555
-0.36933
-0.36467
-0.35237
-0.34975
-0.36437
-0.36121
-0.33955
-0.34475
-0.36839
-0.36125
-0.36553
-0.36384
-0.3615
-0.36225
-0.37159
-0.36456
-0.36265
-0.37048
-0.36733
-0.36451
-0.37106
-0.36121
-0.3695
-0.36266
-0.36105
-0.37028
-0.3774
-0.36528
-0.36705
-0.36157
-0.35003
-0.35648
-0.35928
-0.37136
-0.37024
-0.36617
-0.3653
-0.35827
-0.37172
-0.35035
-0.35075
-0.36808
-0.35059
-0.35452
-0.37168
-0.36495
-0.36025
-0.36633
-0.36376
-0.36083
-0.37175
-0.35365
-0.37862
-0.34965
-0.36801
-0.3697
-0.38069
-0.3847
-0.37074
-0.38324
-0.36856
-0.37374
-0.3883
-0.35877
-0.3854
-0.36316
-0.38451
-0.36278
-0.38093
-0.3614
-0.37483
-0.37097
-0.36802
-0.36583
-0.36999
-0.34831
-0.3702
-0.36924
-0.36243
-0.36759
-0.37845
-0.35827
-0.37686
-0.36633
-0.37902
-0.37677
-0.3785
-0.37791
-0.37859
-0.37003
-0.38341
-0.37652
-0.3704
-0.36785
-0.38261
-0.37617
-0.38191
-0.37447
-0.37283
-0.36802
-0.37455
-0.37072
-0.36065
-0.37365
-0.37833
-0.37357
-0.37875
-0.37109
-0.3731
-0.37656
-0.37584
-0.3763
-0.3818
-0.36473
-0.38725
-0.38388
-0.38242
-0.37956
-0.38037
-0.38053
-0.37287
-0.37994
-0.38327
-0.37952
-0.38275
-0.37196
-0.3803
-0.37649
-0.36221
-0.37212
-0.38135
-0.376
-0.382
-0.36812
-0.38795
-0.37646
-0.3825
-0.3812
-0.36887
-0.38277
-0.37647
-0.38303
-0.37329
-0.37588
-0.38635
-0.38347
-0.36686
-0.38151
-0.38665
-0.38277
-0.38546
-0.38161
-0.36199
-0.38032
-0.3868
-0.38115
-0.3828
-0.37481
-0.38591
-0.37895
-0.38342
-0.37373
-0.38387
-0.38223
-0.38242
-0.38346
-0.38392
-0.37445
-0.38345
-0.37817
-0.37479
-0.38332
-0.38026
-0.37271
-0.38568
-0.38175
-0.38453
-0.38086
-0.36355
-0.36275
-0.38124
-0.38269
-0.3766
-0.3784
-0.38024
-0.38091
-0.36528
-0.36664
-0.37949
-0.37929
-0.38173
-0.36792
-0.37095
-0.37785
-0.38567
-0.38241
-0.38794
-0.38148
-0.37101
-0.37809
-0.36329
-0.38556
-0.38398
-0.36933
-0.3841
-0.38416
-0.3851
-0.38022
-0.36352
-0.37822
-0.37931
-0.38356
-0.38455
-0.38297
-0.39079
-0.38408
-0.38582
-0.36676
-0.39036
-0.37758
-0.37007
-0.38513
-0.38414
-0.36869
-0.37451
-0.38673
-0.37275
-0.38155
-0.38439
-0.38105
-0.38549
-0.38469
-0.38898
-0.38224
-0.38994
-0.36378
-0.3857
-0.38531
-0.37173
-0.38951
-0.38184
-0.3742
-0.37438
-0.3883
-0.38834
-0.37417
-0.38601
-0.38399
-0.39295
-0.39072
-0.38964
-0.39012
-0.38924
-0.38453
-0.3895
-0.38859
-0.36839
-0.3856
-0.39072
-0.37553
-0.39033
-0.38789
-0.38994
-0.37412
-0.38775
-0.38273
-0.38587
-0.38951
-0.38596
-0.39044
-0.39026
-0.37134
-0.3918
-0.38965
-0.3778
-0.38621
-0.39414
-0.4002
-0.39241
-0.38099
-0.38945
-0.39521
-0.40217
-0.39273
-0.3732
-0.39638
-0.4004
-0.39092
-0.39526
-0.38419
-0.39399
-0.39707
-0.38884
-0.3954
-0.39256
-0.37491
-0.39393
-0.39752
-0.38036
-0.3936
-0.38912
-0.39496
-0.39651
-0.37689
-0.39627
-0.39923
-0.39887
-0.38554
-0.39785
-0.37461
-0.3873
-0.39833
-0.39999
-0.39928
-0.39716
-0.3807
-0.40006
-0.40074
-0.37714
-0.39895
-0.39917
-0.38778
-0.40108
-0.39849
-0.39465
-0.40167
-0.40141
-0.38255
-0.39822
-0.39345
-0.4025
-0.39862
-0.38401
-0.39604
-0.40114
-0.40165
-0.39877
-0.40132
-0.40325
-0.40212
-0.40059
-0.37894
-0.39885
-0.39331
-0.38798
-0.40114
-0.39932
-0.40258
-0.39351
-0.39674
-0.39137
-0.39803
-0.40025
-0.39973
-0.39161
-0.39071
-0.39919
-0.39437
-0.40083
-0.39402
-0.3969
-0.39875
