24.115
23.757
24.075
23.171
24.043
23.839
23.761
23.871
24.036
23.771
24.047
23.828
23.82
23.9
24.092
23.824
23.593
23.787
23.969
23.431
24.25
23.84
24.017
23.831
24.006
23.328
23.702
24.005
23.437
23.46
24.078
23.791
23.589
23.963
24.059
23.475
24.055
23.995
23.696
23.938
24.167
23.355
23.959
23.697
23.72
23.92
24.154
23.953
23.599
23.972
24.126
23.235
23.997
23.985
23.974
23.863
24.047
23.733
23.379
23.961
24.018
23.686
24.074
23.86
23.646
23.719
24.022
23.223
23.982
23.905
23.423
23.26
24.154
23.973
23.351
23.982
23.964
23.454
23.963
24.021
23.962
23.576
24.113
23.891
23.859
23.957
24.002
23.219
24.062
23.852
23.908
23.888
24.025
23.259
24.057
23.992
23.799
23.938
24.062
23.991
23.82
23.943
23.888
23.775
24.07
24.002
23.419
23.979
24.15
23.281
23.89
23.974
23.62
23.87
24.059
23.877
23.435
23.93
23.921
23.522
24.026
23.838
23.948
24.056
24.001
23.714
23.999
24.006
24.044
24.004
24.066
23.92
23.525
23.936
24.118
23.89
24.124
24.07
23.469
23.872
23.871
23.575
23.787
24.014
24.09
23.681
24.125
24.035
23.409
23.823
24.109
23.612
23.619
24.029
23.574
23.902
24.076
24.083
23.439
24.077
24.101
23.243
24.047
24.103
23.652
23.947
24.015
23.639
24.017
24.043
24.01
23.477
24.113
23.588
23.61
24.141
24.059
23.396
24.045
24.029
23.604
23.962
24.082
23.731
23.643
24.044
23.828
23.897
24.151
24.017
23.917
23.636
24.104
23.479
24.069
24.044
23.465
24.016
24.137
23.551
23.963
24.114
23.387
24.017
24.147
24.092
23.387
23.871
23.982
23.712
24.104
24.037
24.095
23.808
24.006
23.718
23.505
24.022
23.954
23.408
23.874
24.083
23.633
24.083
24.16
23.604
24.1
24.05
23.377
24.004
24.029
23.736
24.079
24.117
23.887
24.07
24.118
24.15
23.792
23.872
24.104
24.136
24.026
24.073
23.405
24.026
24.052
23.553
24.031
24.099
23.825
23.892
24.15
23.465
23.912
24.097
24.028
23.499
24.062
24.142
23.564
23.529
24.052
23.953
23.672
24.02
24.013
23.401
24.082
24.031
23.514
24.15
23.999
23.394
24.134
23.966
23.855
23.544
24.114
24.042
23.359
24.183
24.039
23.79
24.095
24.107
23.498
24.011
23.991
23.504
23.875
24.023
23.768
23.823
24.094
23.334
23.605
24.089
23.617
24.006
24.004
24.048
23.743
23.943
23.987
23.94
23.947
23.989
23.948
23.392
24.048
23.914
23.581
24.07
24.017
23.301
24.152
24.063
23.558
23.92
24.036
23.305
24.056
24.064
23.872
23.563
23.995
23.545
24.06
24.049
23.554
23.584
24.026
23.557
23.389
24.023
23.866
23.388
23.885
24.049
23.41
24.051
23.655
24.043
24.105
24.06
23.889
23.883
23.725
24.085
24.099
23.911
23.695
23.838
24.028
23.394
24.045
24.07
23.821
24.064
23.946
23.379
23.974
24.061
23.608
23.593
23.811
23.396
24.027
24.042
23.407
23.484
24.044
23.493
23.421
24.162
23.735
23.552
24.124
23.882
23.529
24
23.512
23.874
24.004
23.758
23.875
24.06
23.91
23.797
24.049
24.034
23.412
24.191
23.972
23.452
23.88
23.967
23.476
24.059
24.045
23.374
24.087
24.099
23.871
23.616
24.041
24.156
23.436
24.063
23.879
23.611
23.978
24.064
23.985
23.55
24.082
23.829
23.483
23.885
23.955
23.402
24.009
24.064
23.877
23.801
24.076
24.141
24.106
24.492
24.672
24.65
26.259
28.329
29.638
30.031
30.598
31.116
31.921
32.145
31.541
32.98
34.969
34.088
32.611
30.434
30.135
29.765
30.788
30.194
28.72
28.541
28.609
26.987
23.503
21.452
20.096
10.443
7.8844
6.9797
5.3804
0.48369
0.48587
0.37241
0.51326
0.63376
0.28925
0.54007
0.73391
0.50687
0.79826
0.61852
0.85056
1.0756
0.80403
0.3854
0.49971
0.44843
25.915
25.657
45.899
51.319
43.236
38.078
39.325
35.7
40.961
44.08
39.621
33.343
22.387
12.679
7.6741
4.7787
3.9248
2.4443
2.4703
2.2698
2.2475
2.9158
4.1952
6.3905
12.798
34.839
49.76
38.418
37.992
36.655
45.119
54.989
59.796
57.18
51.898
52.66
55.598
55.413
45.708
25.825
8.2227
3.2498
2.2866
2.027
2.728
4.4554
36.982
44.577
48.614
50.36
50.061
49.5
49.487
50.98
53.301
44.509
44.34
37.568
28.87
19
15.289
5.4467
2.1872
0.12753
0.5654
1.5979
0.80512
0.79051
1.0586
1.1137
0.8765
0.78674
9.3979
32.748
39.295
39.731
31.439
25.156
21.113
25.485
32.179
24.372
14.745
8.837
6.0128
4.0036
2.8418
3.2617
1.782
1.6592
2.2047
2.6227
7.3439
14.597
33.752
58.854
75.862
77.807
76.061
58.906
45.105
33.356
31.249
36.809
50.19
60.808
62.138
56.069
52.274
44.551
45.177
31.754
17.091
7.4644
4.0457
3.5767
6.0715
34.684
37.795
41.356
42.253
42.663
40.067
40.448
40.841
42.173
41.432
39.297
35.065
23.749
18.008
8.2117
2.5047
0.37774
0.60833
0.03279
0.26487
0.022023
0.89294
0.92733
0.79451
0.81729
0.78757
0.71611
0.45111
0.47163
0.71521
0.27015
0.64414
2.7833
9.706
23.444
22.11
17.553
13.325
19.25
7.7653
6.2783
5.0573
4.8329
2.6002
2.965
3.5779
3.2734
3.6136
3.5143
4.5579
8.896
25.757
46.367
61.482
67.906
69.633
60.895
48.674
38.203
35.479
41.227
51.548
55.172
56.59
55.989
54.841
46.548
48.091
52.867
52.093
46.32
22.148
16.531
10.113
9.2819
9.8847
11.711
14.006
20.752
26.246
27.211
35.618
37.485
37.475
40.321
40.489
27.139
23.659
14.846
8.6931
3.2526
2.826
0.35176
0.24037
0.026409
0.12692
0.46659
0.5488
0.56431
0.5432
0.68614
0.48471
0.58037
2.0214
18.37
37.447
33.382
31.776
24.674
20.626
33.441
34.986
23.308
17.747
2.992
3.8377
3.5698
2.9916
2.4877
1.8572
1.9835
2.8535
3.0717
11.909
36.079
57.478
66.794
71.481
64.553
48.352
39.908
31.849
55.604
50.249
42.597
43.249
48.551
51.076
45.59
24.552
18.44
9.8956
11.99
10.721
12.077
14.271
18.815
24.849
31.732
33.562
32.035
33.654
37.634
36.408
27.153
24.617
16.127
9.3643
3.3581
1.4078
0.36199
0.046636
0.066038
0.25565
0.62971
0.35429
0.81309
0.84229
0.57025
0.31239
0.39267
0.75084
13.477
25.13
34.314
27.835
24.011
19.81
28.099
36.268
24.954
17.885
13.37
7.5352
3.7269
3.9977
3.6466
2.5649
3.0226
4.0362
7.0502
22.227
47.246
59.32
67.32
68.139
65.639
53.639
42.961
30.853
32.748
38.946
51.129
39.901
37.775
44.841
45.717
27.899
20.083
11.019
9.1754
10.346
12.43
15.343
18.111
24.852
29.337
32.587
33.248
34.764
37.914
33.119
24.057
22.785
18.377
8.5868
2.9604
0.47748
0.05378
0.70703
1.3619
0.47215
0.19764
0.58959
0.7429
0.74821
0.77892
0.48421
0.69344
0.72135
0.64324
29.384
32.213
29.013
21.867
20.664
28.452
35.21
26.542
20.006
15.664
10.346
5.2856
4.3347
3.4862
3.3685
4.7882
5.4216
5.2852
4.289
3.153
60.907
65.665
64.155
60.279
47.787
41.464
32.264
34.793
42.772
47.678
52.745
56.48
53.568
45.28
39.12
42.804
48.694
46.735
30.636
15.018
9.9144
8.231
9.9924
13.411
17.962
22.945
26.312
29.69
33.426
34.244
35.593
36.094
36.561
37.997
38.074
37.258
36.431
29.785
29.723
24.586
10.639
3.304
0.37166
1.8118
0.029838
0.11531
0.51577
0.10024
0.36252
0.71491
0.78921
0.66563
0.68056
0.81953
0.76627
0.87387
0.60832
0.18173
0.78275
14.853
32.006
31.167
29.587
24.719
21.381
28.137
34.47
27.914
20.054
16.185
9.9785
5.5345
3.262
2.6637
3.2706
3.7556
4.1571
4.8228
4.1713
3.8771
4.2583
7.5571
22.961
49.638
58.849
65.747
65.154
61.51
48.276
39.386
34.415
34.67
41.037
48.64
54.556
57.589
51.837
45.599
40.71
42.055
43.759
47.638
29.93
20.45
12.067
9.5132
10.599
12.291
14.735
20.002
26.296
33.342
31.808
36.272
39.52
36.372
32.23
23.366
23.846
16.573
6.8147
2.1443
0.49899
1.0868
0.024944
0.11494
0.46452
0.44333
0.90903
0.84381
0.86519
0.86695
0.5383
0.64132
0.36195
19.235
26.765
30.608
29.015
25.766
22.644
33.226
33.044
22.573
16.282
12.513
2.7597
3.1938
3.5702
3.628
3.0701
2.8783
3.6015
6.4363
25.006
48.769
61.14
64.396
64.533
58.236
45.852
39.209
32.497
35.23
46.639
49.708
45.507
42.94
45.51
47.365
35.93
22.8
11.847
8.7993
10.979
12.014
13.774
17.334
25.096
30.064
34.417
35.653
38.993
36.239
34.344
22.401
22.384
15.174
6.6814
1.8898
0.35846
0.87172
0.0056827
0.10789
0.52169
0.37162
0.81581
0.93621
0.674
0.95635
0.62713
0.43936
2.7744
11.593
28.249
36.895
32.384
27.223
24.973
32.246
38.472
27.604
1.6375
1.9788
2.6541
2.7854
2.9994
2.9693
2.23
2.6294
3.2473
4.4529
19.266
44.528
57.891
66.86
66.624
61.14
31.151
41.365
53.25
56.778
53.885
48.327
44.139
46.338
47.247
46.728
46.033
31.06
20.403
11.941
8.0263
10.445
10.788
13.423
18.597
35.834
35.465
36.297
39.683
39.909
40.103
40.591
26.735
23.607
15.848
6.9824
2.3064
0.54932
0.19028
0.083743
0.24128
0.68123
0.65604
0.58352
0.62995
0.75591
0.83058
0.84153
0.48094
0.60745
0.30958
10.601
25.079
28.381
27.525
24.519
18.623
27.673
33.302
8.5756
4.1304
1.9375
2.2198
3.1151
3.4889
3.9588
4.413
3.5935
3.6535
4.7488
10.931
33.606
50.143
63.655
61.645
62.265
54.582
40.477
52.195
56.5
57.704
47.328
48.628
46.019
44.927
47.04
46.185
29.215
19.439
9.677
7.5291
8.87
10.245
12.039
16.427
32.967
32.944
30.807
38.333
43.264
40.259
39.357
37.928
24.301
18.942
14.493
8.2182
3.3105
0.9652
0.15892
0.093291
0.76427
0.8177
0.65075
0.63575
0.65483
0.58755
0.59812
0.42712
0.51222
0.10868
16.13
29.407
30.565
27.058
26.846
23.617
31.565
32.991
3.5831
2.1416
2.0721
2.444
3.0228
2.9717
3.2346
2.9786
3.2653
3.0544
5.05
21.859
46.019
62.305
65.499
63.204
54.01
45.287
33.688
31.854
50.886
52.789
51.86
47.866
45.354
50.972
50.084
48.215
28.235
18.572
10.575
9.3489
10.075
10.832
13.202
18.462
26.502
32.104
36.274
36.027
36.118
34.726
37.369
39.717
40.442
41.192
40.076
23.124
24.078
15.195
7.928
2.9802
0.19352
0.83178
1.13
0.11018
0.76202
0.55917
0.52136
0.34284
0.69552
0.28129
0.61956
0.55071
0.29242
0.56221
9.3643
26.605
28.948
26.437
22.058
19.602
26.167
31.4
19.258
13.9
11.121
6.3871
4.1862
1.8767
1.4113
1.7825
2.8916
3.4232
3.6213
3.4072
3.6912
3.8203
10.037
26.708
48.335
63.708
66.261
66.884
56.001
42.666
32.819
33.494
34.034
41.499
52.948
54.552
53.425
45.572
48.894
47.833
45.683
46.678
47.42
31.731
22.784
14.825
11.104
10.799
10.089
12.902
17.278
22.574
28.785
32.782
32.73
34.148
35.628
36.254
37.412
44.194
41.503
35.512
16.963
18.896
12.557
5.5802
2.5455
0.68763
1.3374
0.134
0.034924
0.27768
0.61601
0.43987
0.61734
0.69658
0.64059
0.58507
0.76445
0.97292
0.97696
0.43426
0.71837
0.38749
10.512
21.823
29.858
24.683
22.62
22.276
25.761
25.684
20.736
16.236
11.257
8.401
5.3592
3.6556
2.6299
3.2108
3.2283
3.3292
3.9277
4.3867
4.7866
5.792
19.283
32.069
47.697
57.335
59.935
63.12
61.427
53.904
42.318
35.067
37.139
44.518
50.916
54.23
51.105
38.78
35.855
37.902
39.961
35.32
24.7
14.018
9.3542
9.1367
11.361
16.823
22.404
27.32
24.558
21.953
20.504
22.588
26.496
34.178
41.908
46.917
46.123
49.106
51.009
49.876
37.003
22.798
11.538
9.7836
6.0173
2.3367
0.56694
0.2449
0.49069
0.77321
0.50316
0.9949
0.58602
0.92114
0.93627
0.86423
0.86244
0.90239
0.75607
0.73538
0.24625
2.2297
24.136
17.675
28.329
23.931
13.204
12.499
16.602
13.337
10.022
8.8383
8.6795
7.0999
4.532
3.4535
2.6781
2.7003
3.5527
4.4995
4.2848
3.7221
4.8493
4.5387
6.0224
19.237
36.403
48.701
50.726
50.374
46.661
40.392
36.647
33.614
39.857
43.037
43.22
45.522
39.776
36.169
36.953
41.804
40.196
27.312
15.341
11.982
7.7684
8.0599
9.7999
14.976
24.082
26.63
25.724
26.409
28.467
30.053
37.249
43.194
45.305
47.945
49.014
50.502
49.853
48.928
40.078
28.964
22.483
15.723
9.319
2.9983
0.71528
0.10639
0.22874
0.24866
0.3123
0.39076
0.53897
0.93784
0.62884
0.73757
0.47995
0.83963
0.70826
0.45133
0.56937
0.56179
0.24039
10.719
8.0921
9.8746
8.5874
7.3975
6.6484
8.2472
8.0452
8.2726
8.9521
5.967
5.5084
5.0041
4.6639
4.7617
3.0581
5.2783
5.1656
5.1699
6.2806
8.7943
17.406
33.113
42.673
46.731
44.486
44.647
40.214
38.714
34.884
37.206
45.029
45.598
44.787
43.866
40.732
37.845
37.575
43.807
45.858
41.946
33.78
23.204
14.733
10.547
9.0543
10.114
12.945
21.178
23.63
28.896
34.533
38.778
45.51
51.729
46.494
44.357
50.109
52.26
54.614
50.722
33.07
25.265
18.521
15.375
6.6164
2.4946
1.0391
0.21799
0.29695
0.43178
0.20899
0.22935
0.44111
0.45472
0.52577
0.57381
0.57656
0.76507
0.37464
0.36485
0.23388
0.70634
0.47878
2.4348
8.3829
8.3267
11.461
10.828
10.081
10.458
11.025
11.451
12.769
8.9808
6.3649
4.9758
4.4198
4.2515
5.506
6.2897
7.0297
8.6388
10.245
14.203
25.726
36.687
46.206
49.187
46.637
45.036
45.117
44.044
40.184
43.134
50.889
57.055
48.181
43.74
37.153
39.709
44.51
52.252
57.492
56.106
46.851
35.201
24.869
13.305
6.5528
8.5808
12.921
18.117
21.849
24.472
29.621
42.65
52.807
52.213
49.316
50.354
51.916
51.466
51.703
50.175
32.964
25.619
20.11
11.186
5.2164
1.4953
1.2115
0.43906
0.23704
0.64429
0.34642
0.6794
0.84288
0.73248
0.7089
0.81137
0.7605
0.79563
0.89869
0.80707
0.35338
0.50265
4.1319
6.4019
9.2665
14.419
11.143
13.586
13.331
12.495
10.35
10.928
10.932
9.8379
9.4538
8.7476
8.0083
5.9906
5.8115
7.4625
8.0602
9.9288
10.653
14.988
21.544
31.219
46.714
53.684
59.839
55.918
52.67
47.318
41.352
45.557
44.31
49.096
47.015
47.745
42.987
44.412
46.3
49.089
49.719
50.664
55.67
52.757
40.25
19.618
13.428
12.842
16.129
27.382
31.523
31.135
37.363
46.79
53.566
54.413
52.613
51.105
49.371
48.715
48.516
46.377
25.063
16.372
11.4
4.7019
2.8983
0.36004
0.57244
0.5382
0.31764
0.4149
0.58728
0.65319
0.54905
0.72268
0.8593
0.92743
0.85179
0.94267
1.0599
0.71944
0.64533
0.32564
10.552
6.7227
7.159
9.3113
14.125
15.559
14.493
15.019
14.372
16.24
15.029
16.51
14.831
13.736
13.822
12.682
12.288
12.004
15.364
11.122
13.996
17.216
23.579
30.924
37.998
46.801
54.77
63.167
57.634
44.601
43.946
41.897
46.309
48.915
44.322
44.726
46.763
46.832
51.698
53.098
50.992
51.415
49.769
51.14
28.873
17.254
11.782
8.8163
15.508
23.789
23.509
28.816
38.926
46.729
55.372
57.207
53.838
51.329
51.131
50.628
51.81
50.192
32.959
24.872
14.534
10.302
3.9504
1.0012
0.19279
0.59652
0.35758
0.43693
0.58224
0.71791
0.75092
0.86456
0.89829
0.91227
0.91002
0.85625
0.88009
0.88513
0.63215
0.21013
8.4658
10.105
5.0126
9.3637
12.701
12.582
14.424
17.368
18.522
16.798
15.251
14.884
11.762
11.856
11.74
8.8398
8.4242
9.7831
10.991
9.2881
13.042
17.181
22.87
29.827
38.519
47.814
53.197
55.842
51.844
44.756
38.537
39.771
38.979
42.645
44.861
43.095
45.236
48.555
49.521
54.144
46.386
48.592
51.252
48.881
32.754
23.522
17.181
12.405
18.38
23.236
24.798
25.463
35.229
45.392
50.369
51.466
50.033
50.404
48.347
48.416
49.796
47.829
25.757
15.292
9.9375
6.8715
3.9834
0.2619
0.16721
0.7568
0.19751
0.52232
0.4362
0.37286
0.53452
0.59156
0.54603
0.79854
0.67663
0.7084
0.69297
0.64441
0.43161
0.31199
6.955
7.7644
5.7138
8.9011
11.108
12.391
14.45
14.367
14.193
15.486
18.048
16.664
14.431
9.92
9.9399
10.457
9.5292
10.331
10.122
12.033
13.159
17.266
25.78
34.738
41.29
45.835
44.141
44.723
47.726
48.35
39.515
41.083
43.793
45.012
43.214
40.955
41.922
44.213
45.623
50.603
53.247
53.229
53.125
47.756
36.118
20.533
13.073
8.7007
12.923
20.217
21.122
27.031
32.347
39.676
46.37
49.621
47.76
46.315
46.991
45.241
44.57
42.464
27.498
17.077
13.105
5.8605
3.1325
0.60717
0.50739
0.13587
0.52864
0.41963
0.47112
0.69155
0.65157
0.48327
0.53777
0.54874
0.51043
0.54662
0.35427
0.5861
0.596
0.17167
6.483
9.7663
9.2233
10.623
12.364
14.575
16.322
16.033
15.895
16.548
16.892
14.564
11.62
10.914
7.3144
7.2266
8.103
8.4924
9.691
10.045
12.76
20.857
31.33
40.04
45.405
51.408
49.953
48.791
45.305
42.177
43.789
45.755
49.571
47.293
45.173
41.551
41.791
42.416
47.125
49.869
50.467
52.633
48.242
37.2
22.288
7.3339
2.9744
3.6654
4.2956
8.8441
12.416
16.887
22.153
29.008
40.594
43.474
44.281
44.216
43.386
44.932
48.16
49.203
49.245
51.873
50.866
49.766
48.729
46.574
44.936
43.812
44.17
44.002
39.48
32.933
25.271
18.941
16.812
14.797
12.398
10.43
9.372
9.416
8.5429
8.727
9.1216
9.8555
10.846
11.96
14.474
18.244
21.534
25.64
29.731
33.814
37.216
38.45
41.633
42.77
43.325
43.496
43.87
42.611
39.968
38.351
35.702
34.665
32.532
31.362
30.227
28.335
27.427
27.227
26.941
26.725
25.838
25.616
26.561
26.611
26.102
27.647
27.951
27.055
28.931
30.17
30.2
30.551
31.343
32.115
32.412
32.643
32.778
33.091
33.643
32.679
33.407
33.028
33.101
32.686
33.226
33.624
33.819
32.933
33.218
31.94
32.683
32.02
31.244
31.573
32.547
32.237
31.736
32.152
32.248
31.803
31.74
31.245
31.032
30.128
31.102
31.011
31.659
31.688
31.651
31.05
32.328
31.715
31.419
32.011
32.223
31.929
31.977
31.762
32.049
32.086
32.661
31.529
34.554
33.374
32.628
33.28
32.98
32.409
31.928
31.705
31.516
31.248
31.421
31.13
31.306
31.587
32.129
31.998
32.642
32.916
33.074
32.752
33.36
32.926
32.881
32.864
32.007
32.404
32.315
31.873
31.993
31.15
31.67
31.574
32.088
31.595
32.371
32.113
31.968
32.955
33.286
32.651
33.332
32.961
33.186
33.016
33.188
32.621
32.93
32.63
32.788
33.478
33.371
32.945
33.181
32.04
31.855
31.372
31.464
31.427
30.66
30.967
31.542
31.511
31.756
31.624
31.487
31.037
31.801
31.291
31.758
31.781
31.836
31.269
31.353
31.824
32
31.204
32.079
32.147
31.704
32.179
32.532
31.895
32.06
32.243
31.84
32.274
31.952
31.866
32.08
31.472
31.954
31.519
31.197
30.92
30.987
31.651
31.393
31.492
31.667
31.57
31.668
32.007
32.188
31.719
32.486
32.179
32.329
32.063
31.276
31.384
32.135
31.642
32.073
31.963
31.803
31.947
31.205
31.895
32.262
31.999
32.076
31.445
32.11
32.276
31.331
32.227
32.003
31.253
31.835
31.704
31.732
31.78
31.703
31.632
31.739
31.594
31.129
31.481
31.446
30.852
30.751
31.045
30.813
30.867
31.396
30.538
30.903
31.155
31.287
30.435
31.048
31.028
30.052
30.273
30.419
30.336
30.525
30.333
30.513
30.567
30.705
30.309
30.601
30.801
30.631
30.27
30.935
30.895
30.685
30.823
30.854
29.814
30.439
30.52
30.443
30.342
30.521
30.581
30.682
30.704
30.587
30.045
30.696
30.721
29.988
29.994
30.706
30.697
30.458
29.7
29.968
30.571
30.554
29.953
30.621
30.534
30.789
30.665
30.786
30.772
30.652
30.571
30.714
30.054
29.982
28.499
28.946
28.317
27.356
26.907
25.301
25.198
23.769
22.49
20.507
16.926
15.723
13.542
12.595
11.202
11.076
11.382
11.126
16.07
16.538
18.059
17.452
16.548
16.511
16.178
19.127
23.161
27.513
30.509
34.739
44.134
50.096
53.66
53.243
57.095
61.323
59.989
61.355
62.732
52.976
58.055
60.872
60.18
58.65
58.009
58.859
55.076
44.667
33.984
12.568
3.1006
3.0842
4.3466
5.7648
7.0781
9.6625
19.373
23.503
52.088
48.434
46.411
47.483
44.31
25.929
21.642
16.144
10.347
5.9105
3.2498
0.39067
0.16455
0.32282
0.46248
0.28763
0.6752
0.76653
0.76363
0.47356
0.25964
0.29403
7.8318
32.869
30.968
34.941
33.725
29.333
27.492
26.304
28.529
24.342
20.673
11.264
7.2131
4.3065
3.472
3.1457
3.0292
2.8959
3.4428
4.5135
11.034
28.372
52.358
64.935
67.687
65.658
56.948
47.558
38.901
30.81
32.462
42.752
51.371
53.747
51.537
48.124
33.904
18.186
11.205
8.351
11.046
17.643
25.361
29.881
30.568
34.931
40.627
36.003
38.15
40.554
34.186
29.054
30.666
23.144
13.555
3.966
1.4545
0.32717
0.097371
0.73345
0.59505
0.15061
1.4242
1.1021
0.95929
0.57514
0.64345
0.70363
0.57634
0.48095
7.2249
11.412
11.299
8.7881
7.4287
10.291
15.578
12.922
12.417
10.599
10.828
9.9701
6.7198
5.8236
5.3996
5.4242
6.1093
6.1988
6.368
6.9251
10.087
21.127
40.717
50.84
57.334
63.167
64.165
57.378
47.472
37.802
38.143
41.036
46.187
49.362
52.125
50.034
46.428
44.662
40.711
43.582
48.344
47.976
39.979
13.626
14.727
19.096
22.114
26.723
31.012
31.176
28.387
29.058
30.926
31.59
33.026
32.598
30.986
15.629
14.443
8.2551
4.465
0.11301
0.70099
0.77345
1.2625
0.7736
1.0173
0.98455
0.73963
0.80082
0.96342
0.41206
0.49794
0.51756
2.2853
14.504
29.985
26.894
29.114
22.289
16.443
11.747
7.8605
6.302
6.2214
6.1361
5.3748
4.22
4.2381
3.5051
2.9948
3.027
3.6325
5.9469
16.301
34.42
56.357
63.529
64.777
65.31
58.375
42.972
43.997
52.184
53.649
53.177
42.439
35.409
37.214
40.824
45.602
35.2
23.19
15.878
12.667
13.033
14.785
19.431
23.882
25.593
26.083
30.023
31.685
35.122
35.996
34.532
35.343
40.556
37.62
27.829
19.499
23.283
16.41
6.2289
2.2946
0.82728
1.688
0.36705
0.40643
0.36125
0.30267
0.68375
0.8548
0.73703
0.86204
0.74797
0.92008
0.9167
0.67831
0.39135
0.35434
0.76447
9.2916
14.614
20.009
17.892
13.424
14.184
25.538
25.765
19.321
15.841
14.25
9.7049
7.7019
7.1549
6.8119
5.5633
5.616
5.8535
5.0702
5.23
5.895
6.794
12.641
30.794
48.233
62.919
64.29
65.799
62.656
53.916
44.915
36.652
36.716
37.812
43.568
50.41
52.911
53.603
47.315
42.343
40.108
39.862
39.339
32.48
22.401
15.685
12.785
12.435
15.008
15.216
19.195
24.792
26.166
29.243
30.901
30.44
30.843
30.231
33.706
34.416
33.265
30.966
17.309
18.724
14.294
6.2424
1.4871
0.67042
2.7695
0.085325
0.14529
0.10918
0.45779
1.0288
1.0411
0.88199
0.50887
0.30982
0.6747
0.64565
0.51222
0.79858
0.17226
0.78054
6.137
18.605
16.564
13.815
17.243
13.116
23.373
28.559
21.753
17.014
14.349
9.9985
6.9399
6.6865
7.1455
6.4707
6.6632
5.8019
5.2354
5.0074
5.5212
5.9787
10.157
28.077
48.018
61.724
63.963
64.341
65.246
56.359
43.605
37.438
34.445
40.633
44.756
50.4
52.778
51.345
49.79
45.51
42.463
40.061
42.865
32.083
21.361
15.045
11.847
12.533
14.734
15.176
19.998
23.761
27.366
30.285
31.361
30.627
33.208
30.153
31.302
33.43
31.603
27.361
21.698
25.5
19.896
5.7421
2.1077
0.80099
0.88347
0.1378
0.13705
0.38185
0.28782
0.93774
0.97763
0.82522
0.6463
0.4478
0.71612
0.61454
0.68889
0.28372
0.69248
0.36609
7.6404
16.513
19.442
14.21
14.452
16.413
26.118
26.823
18.698
14.698
12.099
10.196
7.5231
6.8264
6.705
6.0669
5.6417
5.4365
4.6648
4.3247
4.0927
5.2411
9.3008
27.408
46.695
62.952
65.045
63.877
61.737
53.647
44.352
36.342
36.834
41.25
46.648
53.387
56.167
53.812
45.994
42.419
41.125
40.548
44.738
38.678
27.237
19.254
14.786
16.216
16.197
17.959
21.059
25.366
26.555
29.498
31.657
32.126
32.508
32.121
33.035
33.863
13.303
6.206
2.3905
0.85433
3.1192
0.050746
0.25948
0.23264
0.25837
0.90254
1.1725
1.0717
0.74762
0.68474
0.66217
0.63927
0.60843
19.771
18.966
21.24
15.271
14.874
23.333
29.291
20.184
14.818
12.765
8.661
7.5048
5.1414
4.5771
4.5249
4.9441
4.9522
5.2593
4.9228
5.0567
5.3868
10.273
25.311
47.263
59.939
41.573
35.578
38.021
39.749
44.093
51.67
54.143
51.619
44.515
39.773
38.037
40.597
47.801
39.124
30.931
19.411
13.219
12.142
15.588
16.963
20.185
24.842
34.181
34.979
37.831
36.736
32.269
27.372
23.935
21.085
16.908
9.437
1.7299
0.5325
0.24131
0.10132
0.39383
0.26139
0.79476
0.81091
0.77078
0.96631
0.92274
0.50212
0.5898
0.75194
0.68789
0.23842
0.58122
0.29492
12.914
20.298
24.371
25.848
19.229
14.271
12.954
8.3801
6.6621
5.2462
5.0881
4.3818
4.3814
4.4683
4.7859
3.9847
4.3141
5.1291
9.068
24.695
44.23
59.947
62.361
60.732
60.242
49.246
43.182
34.252
36.809
40.884
46.205
51.294
52.411
49.646
43.639
42.595
44.223
47.106
46.73
34.831
15.729
20.329
23.836
27.137
31.215
34.043
34.46
34.668
33.796
33.41
36.657
36.748
36.325
32.233
22.277
21.629
16.341
5.9315
2.3862
0.4771
2.6348
0.32407
0.48302
0.45098
0.32897
1.0218
1.0181
1.1015
0.97467
0.49681
0.71017
0.74865
0.60218
0.20443
0.36202
0.36162
11.315
15.842
27.489
25.216
23.406
17.081
14.79
8.4732
5.7287
4.5352
4.1854
4.9082
5.3291
5.5002
5.283
4.1499
4.7986
6.3175
13.335
31.122
48.828
61.538
61.649
61.002
58.258
50.442
42.516
35.069
39.331
41.487
46.507
50.743
53.132
52.058
45.852
43.12
43.406
44.203
45.462
36.948
17.121
18.204
21.106
26.517
29.648
33.06
33.904
30.94
32.032
31.336
35.877
37.681
30.814
31.605
22.688
21.713
14.778
4.9322
2.0239
0.60047
1.8191
0.28938
0.95572
0.62854
0.1606
0.89236
1.0256
0.95058
0.73777
0.2916
0.68837
0.58811
0.59128
0.35874
0.32104
24.095
21.408
16.964
25.133
27.787
26.316
17.912
16.604
10.743
5.1053
4.9743
3.7907
4.7598
4.9036
4.6732
4.8004
3.7891
3.5778
5.2839
9.5692
25.628
48.16
60.676
62.81
61.17
60.023
50.154
42.291
37.733
37.411
40.891
46.012
48.595
50.603
51.384
47.899
44.128
44.07
45.418
42.567
34.836
22.631
18.068
14.075
28.16
31.378
35.334
34.77
35.255
34.257
34.619
40.192
35.122
36.577
36.464
23.542
22.212
13.515
7.6135
1.8857
0.36732
0.12891
0.14875
0.11731
0.35736
0.31433
0.47953
0.65826
0.82424
0.95238
0.43361
0.76911
0.76113
0.54315
0.50861
0.39379
0.80962
5.695
18.484
21.628
23.935
22.294
18.008
24.589
30.329
23.656
19.24
17.226
11.426
8.0705
5.5987
3.9376
3.7786
4.421
4.7188
5.077
4.7207
4.2631
5.5317
11.248
27.58
47.47
59.056
60.471
60.956
61.108
51.567
43.031
37.358
37.655
41.235
48.298
50.077
55.709
53.925
47.743
43.759
43.601
45.942
44.537
35.262
22.22
16.042
13.283
14.642
13.645
16.857
23.37
28.967
31.953
35.674
33.549
35.323
34.569
34.683
37.265
35.128
33.801
32.089
23.541
20.688
15.986
7.441
2.2035
0.57677
0.32018
0.10127
0.069571
0.51105
0.20603
0.74361
0.84634
0.98102
0.66066
0.39933
0.67663
0.69409
0.52321
0.18476
0.72126
0.27219
5.3684
16.207
23.529
21.381
16.164
13.734
27.56
27.372
20.977
15.155
11.114
6.7184
5.2991
5.0187
4.2415
4.4339
4.1357
3.6609
3.8475
3.6053
3.9163
5.0525
12.401
28.897
49.353
59.144
63.925
64.286
60.832
49.732
40.502
33.438
35.521
42.846
47.757
53.948
56.389
52.711
43.653
39.013
40.827
45.167
47.644
31.713
23.902
15.505
13.051
14.729
15.71
14.905
18.178
24.283
26.772
30.528
31.308
32.622
31.837
31.75
34.186
35.757
35.011
30.734
18.768
17.389
15.322
5.562
2.6416
0.38898
0.029838
0.12006
0.24344
0.5135
0.32677
1.135
1.104
0.80401
0.41746
0.54221
0.58763
0.34678
0.53567
0.29529
0.5529
0.7849
9.7667
22.743
27.832
24.372
16.05
15.098
25.921
28.427
20.36
15.918
11.581
6.9872
6.1294
4.8722
4.6286
4.2422
4.0771
3.834
3.4511
3.695
3.3885
4.2905
7.2113
21.265
42.837
61.075
62.704
63.478
60.108
51.042
44.018
34.662
37.805
37.921
43.759
51.289
54.304
53.028
44.275
38.74
38.087
39.588
45.975
35.787
24.048
16.233
11.952
14.718
16.557
18.818
19.963
24.096
27.943
30.859
31.726
34.375
27.525
32.478
36.555
32.842
27.501
33.348
24.324
19.856
14.316
5.7848
1.6977
0.25557
0.30189
0.15238
0.11767
0.41831
0.25397
0.92112
1.0027
0.91478
0.44278
0.39133
0.66998
0.7
0.88295
0.41868
0.41991
0.73615
13.668
20.175
25.121
21.146
13.863
15.095
29.724
28.213
20.73
16.73
13.387
7.0084
5.0232
4.9458
4.6844
4.2554
4.666
4.4045
4.096
5.1429
4.8482
5.9895
9.2747
25.896
44.361
60.828
61.879
64.472
61.981
50.544
42.378
36.6
36.533
38.269
42.256
49.623
51.094
51.966
44.609
41.928
39.877
40.061
40.078
34.401
25.885
19.376
14.504
15.885
14.999
16.227
20.415
25.444
27.387
30.578
31.535
28.333
32.002
31.196
35.168
35.55
32.483
31.025
20.107
19.202
13.945
3.47
2.0147
1.5586
0.79047
0.046212
0.3213
0.4048
0.38645
0.42787
0.60755
0.75073
0.74571
0.73999
0.86811
1.0906
0.76615
0.60691
0.29358
0.46793
16.139
30.41
30.176
29.739
31.096
31.767
40.945
42.312
37.71
34.99
29.751
25.192
25.448
18.75
12.045
8.8522
7.3963
6.0598
5.1026
5.0162
4.6949
3.9573
3.3991
3.7846
4.5305
4.5624
4.5599
4.7597
6.9882
11.954
15.637
17.29
24.518
29.538
34.098
37.97
37.009
38.821
39.082
41.263
43.852
44.274
45.86
43.216
39.245
35.742
32.836
29.857
27.71
26.647
22.983
18.653
15.457
14.336
12.854
11.763
10.608
9.8345
9.5151
10.081
11.148
12.003
14.569
17.089
19.054
21.945
24.546
27.081
29.993
32.289
35.412
35.832
34.728
34.243
33.358
32.15
32.608
32.405
31.519
30.084
28.319
27.689
27.213
27.419
25.823
25.838
25.408
24.688
24.69
25.525
25.545
26.113
27.029
28.366
28.757
28.62
28.698
28.561
27.609
27.219
27.555
28.102
28.431
28.456
28.597
28.588
28.136
28.078
28.343
28.328
28.127
28.233
27.235
26.888
27.533
27.909
28.634
28.5
28.606
27.899
27.734
27.949
27.5
27.828
27.8
27.666
27.904
27.922
27.4
27.855
27.803
27.186
27.574
27.911
27.92
27.989
27.988
27.558
27.635
27.84
27.779
27.303
27.618
27.644
27.248
27.805
27.504
27.7
27.994
27.94
27.345
28.007
27.213
27.924
28.09
27.795
27.686
27.889
28.015
26.994
27.58
27.653
27.516
27.616
27.815
27.783
27.785
27.843
27.098
27.769
27.661
27.007
27.697
27.575
27.425
27.112
27.225
27.549
27.202
26.969
27.299
26.974
27.398
27.562
26.985
27.264
26.077
25.735
26.385
26.783
26.358
27.116
26.645
26.947
27.539
27.462
27.56
27.603
27.891
27.668
27.642
27.997
28.058
27.506
27.574
27.62
27.735
27.766
27.886
27.47
27.326
27.457
27.548
27.761
27.546
27.317
27.266
27.048
26.831
26.501
26.232
25.618
24.281
23.08
16.93
15.934
15.11
15.8
15.878
15.768
15.637
15.467
21.653
22.967
23.135
23.622
26.096
27.486
25.035
26.572
26.373
27.306
28.402
28.621
28.363
30
30.187
32.308
33.838
36.32
44.476
52.506
58.939
57.997
59.717
61.509
60.154
59.976
59.623
58.306
55.942
53.753
57.115
57.059
59.749
58.627
58.511
45.502
26.406
7.6501
1.6323
3.2737
3.3427
4.4363
4.7576
3.2712
7.5085
13.065
18.782
21.463
28.853
36.812
42.879
45.328
39.925
34.939
31.157
26.415
26.592
26.186
18.251
7.7549
2.1547
1.849
0.36146
0.23324
0.86082
0.14581
0.34557
0.72988
0.69914
0.62873
0.27622
0.76008
10.324
15.287
26.832
24.128
20.062
18.756
19.78
20.876
21.856
12.914
6.1994
3.9065
3.3684
2.2436
2.7828
1.9819
2.6153
2.7846
5.2032
7.9365
7.8198
7.5732
9.8227
11.782
17.502
34.9
59.235
74.477
64.87
47.668
40.562
38.249
41.126
47.155
50.137
49.544
51.934
50.584
43.292
38.004
32.882
21.169
8.391
5.4379
6.4744
16.016
28.394
34.214
40.708
43.238
45.1
47.403
47.918
49.982
48.599
45.448
24.409
19.255
14.955
5.8651
2.6376
1.0362
0.16308
0.11877
0.10385
0.98586
1.0099
0.73469
0.71246
0.71554
0.67072
0.69375
0.82128
0.75769
0.40218
0.79749
11.956
8.526
7.1037
11.002
15.181
14.588
14.062
14.983
17.568
15.183
14.508
14.652
15.621
15.501
15.821
15.475
16.475
16.189
16.137
19.007
27.864
40.041
56.773
65.905
59.819
48.003
43.896
38.366
41.608
37.964
43.033
49.717
52.21
54.412
47.446
48.018
48.697
38.144
33.469
20.287
10.607
11.312
16.088
27.087
34.786
37.059
37.446
41.928
46.526
47.355
47.988
46.959
42.47
41.205
43.628
42.029
24.795
21.438
14.609
6.7718
1.717
1.2163
0.091614
0.80413
0.019598
0.46114
0.57674
0.56902
0.7008
0.79266
0.71198
0.81803
1.217
0.99874
0.83891
0.31785
0.42414
0.22081
15.895
16.525
18.203
19.613
19.382
15.955
14.704
15.383
16.04
17.076
18.007
15.424
16.893
18.331
17.758
18.148
19.809
26.628
35.716
47.629
54.623
57.656
54.836
50.503
45.557
43.336
44.769
42.558
45.71
50.428
51.252
53.417
55.336
48.771
43.708
44.59
49.512
46.416
45.524
32.119
25.478
14.141
10.039
10.624
16.464
28.453
34.781
35.3
34.061
45.209
42.946
43.051
44.671
44.068
27.571
18.669
13.801
8.2001
2.262
0.81271
0.062629
0.13385
0.84636
0.31337
0.19917
0.67729
0.39063
0.51616
0.52924
0.6615
0.88778
0.64744
0.65893
0.50796
0.20739
0.61541
1.641
5.6538
12.924
16.267
16.013
15.147
15.212
17.086
16.083
15.694
13.639
16.125
18.839
19.099
19.124
18.433
18.611
24.054
35.85
43.132
51.594
56.117
51.419
46.701
46.662
46.095
42.453
42.794
44.969
47.009
47.248
50.328
52.937
52.984
50.805
38.262
26.592
13.915
10.168
12.567
18.759
29.272
36.248
37.908
38.584
42.566
47.495
51.734
47.327
43.699
42.034
43.82
44.288
45.23
27.98
24.856
16.874
7.1353
2.1294
1.5632
0.12979
0.6149
0
0.491
0.30581
0.66493
0.61928
0.39877
0.6643
0.63817
0.77774
0.87901
0.7517
0.58443
0.043314
12.215
14.341
7.153
12.525
16.933
15.3
19.145
18.502
17.098
17.173
18.027
17.344
18.405
19.056
20.392
19.538
20.107
20.105
22.039
28.76
42.076
52.188
57.932
56.158
49.565
45.593
42.841
44.857
43.402
40.098
42.026
44.355
50.424
54.021
52.978
54.008
51.147
51.277
49.113
45.103
31.014
23.135
13.645
9.6111
14.382
21.059
34.107
39.912
42.446
41.436
46.473
50.115
52.719
52.54
48.159
46.028
45.293
45.413
47.299
38.266
32.201
23.097
13.189
4.1785
1.3386
0.16871
0.33813
0.61371
0.071551
0.54886
0.40093
0.71528
0.57519
0.39796
0.48681
0.73378
0.66
0.54928
0.41449
0.12892
16.646
10.837
10.287
14.791
17.685
16.172
18.803
20.181
21.05
22.912
20.446
17.457
20.104
19.816
17.49
18.468
19.991
21.075
21.074
21.238
21.659
21.825
25.201
27.451
33.251
46.53
44.98
42.157
43.301
44.457
40.075
38.905
40.554
46.597
51.885
53.937
54.674
53.319
49.997
50.549
42.346
31.352
15.039
6.497
8.5525
12.479
23.717
31.601
41.729
44.115
46.97
48.564
51.505
54.774
54.364
52.66
50.497
50.434
49.599
50.608
41.622
38.585
31.735
26.28
14.419
4.3463
0.71416
0.2731
0.10641
0.63137
0.34
0.59197
1.2186
0.99399
0.5388
0.34628
4.6865
8.263
10.762
16.769
20.414
21.013
24.262
26.642
27.484
28.129
25.177
22.862
17.644
19.788
18.163
18.774
18.198
19.11
20.183
20.999
22.095
24.152
23.408
24.369
26.186
27.104
31.569
41.514
53.367
57.858
55.943
49.962
47.632
43.275
41.035
37.996
38.985
47.185
54.247
55.1
59.705
59.228
56.278
49.854
33.271
21.664
5.1872
2.5613
3.693
8.8306
21.653
47.33
43.475
46.223
55.778
61.539
61.506
57.762
53.657
48.911
50.982
45.924
41.609
40.429
35.403
27.647
13.156
4.8684
0.68178
0.32187
0.49386
0.71823
0.35697
0.73983
0.84453
0.86408
0.78202
0.82239
0.86957
0.73789
0.74113
6.4802
16.008
23.614
26.559
28.113
29.374
28.566
25.844
25.526
25.879
23.18
19.539
10.364
11.548
10.887
9.7102
8.9671
9.0111
9.6556
10.939
12.16
12.232
14.293
15.055
16.005
18.434
24.821
37.256
59.806
71.998
67.706
57.21
44.081
38.189
41.351
42.586
51.41
59.466
63.831
64.109
59.172
53.204
45.474
48.82
39.085
27.389
16.024
7.335
3.4484
9.1055
23.367
31.27
39.493
44.376
46.635
47.624
48.483
53.93
58.528
59.672
55.563
50.544
49.377
48.854
39.978
36.84
33.452
31.422
24.007
7.2525
2.1293
0.86752
0.17189
0.64673
0.58962
0.90501
0.59202
0.61737
0.88797
0.79554
0.76062
0.88785
0.73174
2.9789
9.4648
19.51
23.191
25.72
29.533
29.059
29.455
27.47
24.413
24.179
22.976
21.589
7.6056
6.7258
7.2526
9.327
9.4066
10.555
11.124
11.114
11.937
15.119
21.059
32.21
50.035
62.181
69.557
62.843
53.129
39.805
36.432
40.818
45.08
53.076
62.711
69.318
63.772
57.154
50.368
49.295
54.168
51.725
26.152
17.262
10.687
6.8134
8.4213
19.384
27.715
35.497
38.501
46.604
49.81
52.684
56.375
57.971
56.722
50.724
49.083
50.331
51.841
38.047
37.181
31.331
28.389
18.458
5.3233
2.4087
0.74781
0.18501
0.41569
0.28407
0.46586
0.94427
0.65001
0.69786
0.85507
0.79019
0.92227
0.51251
0.74983
11.725
18.766
22.756
25.443
26.946
27.325
27.854
26.025
24.644
25.163
22.199
21.074
9.613
11.705
9.1853
6.5724
6.1212
6.5801
9.0339
9.6883
10.498
9.5517
8.7852
8.2481
13.015
19.555
25.274
39.899
55.156
67.072
60.725
51.789
41.983
36.566
40.263
45.965
52.201
59.192
64.064
64.031
55.342
51.329
49.124
47.698
29.264
19.376
11.361
4.7193
4.4281
6.1814
14.536
23.541
29.149
31.427
34.268
38.159
44.046
52.023
56.601
57.605
53.753
50.035
51.157
52.426
53.605
53.257
50.292
49.298
45.462
41.811
38.929
37.97
36.538
34.829
34.974
32.151
28.758
25.442
20.366
15.196
12.164
10.292
9.7484
9.2296
8.6431
8.2123
8.4653
8.9205
10.014
11.25
14.76
17.003
23.21
25.146
29.299
31.652
33.708
35.489
37.395
36.92
38.214
37.25
38.322
39.668
38.608
38.64
38.67
38.566
38.845
38.25
36.875
34.668
33.809
31.783
29.016
26.735
26.925
25.102
25.736
24.799
24.168
24.248
25.143
25.993
27.193
29.261
31.399
31.966
33.296
34.032
33.813
34.787
34.653
34.305
34.801
34.963
35.182
34.743
35.147
34.902
35.168
34.437
34.489
33.638
33.583
34.498
34.724
34.623
34.298
32.987
33.084
33.013
33.677
32.851
32.472
33.223
33.858
33.79
33.885
33.161
33.551
34.441
33.731
33.54
34.361
34.496
34.272
34.218
33.218
32.58
32.894
32.662
32.406
31.711
32.481
32.52
33.147
33.053
34.009
34.025
34.025
33.962
33.999
34.311
33.815
33.857
34.226
34.337
34.345
33.569
33.748
32.967
32.932
33.305
33.489
32.775
33.64
33.162
33.232
32.921
33.705
33.449
33.833
33.729
34.134
33.129
33.209
33.666
32.876
33.112
33.057
33.046
32.738
33.127
32.592
33.195
33.519
32.978
33.128
33.252
32.584
33.2
32.482
33.093
32.714
33.164
33.497
33.303
32.823
33.524
33.305
33.141
33.275
32.816
32.251
32.697
32.619
31.885
32.811
32.705
31.958
32.562
32.754
32.902
32.4
33.147
33.126
32.736
33.176
33.224
33.349
33.209
33.224
32.391
33.019
33.27
32.765
32.828
32.84
32.007
31.978
32.305
32.718
32.105
33.03
31.92
32.686
32.783
32.841
33.119
32.825
33.228
33.249
32.591
33.289
33.25
33.081
32.89
32.967
32.841
32.867
32.401
32.628
32.579
32.606
32.964
32.798
32.224
32.492
32.688
32.232
33.083
32.313
32.151
32.144
31.496
31.867
32.224
31.814
31.355
32.154
32.196
32.081
32.307
32.512
32.096
32.412
32.128
32.615
32.295
32.454
32.763
31.53
32.001
32.075
31.295
31.61
31.752
31.835
31.953
31.612
31.902
32.023
31.761
32.05
32.124
32.196
31.872
32.241
32.3
32.499
31.505
31.977
32.353
31.733
32.092
32.005
32.116
31.685
32.308
32.168
31.637
32.297
31.691
32.298
32.473
32.522
31.661
32.209
32.587
32.322
31.791
31.959
32.376
32.676
32.484
32.49
32.554
32.509
32.716
32.47
32.625
32.782
32.672
32.666
32.85
32.851
32.761
32.421
32.642
31.919
32.655
32.617
32.595
32.726
32.38
32.142
32.656
32.763
31.961
32.019
32.855
32.371
32.509
32.739
32.619
32.184
32.865
32.094
32.018
33.014
32.599
32.322
32.299
32.714
32.423
32.261
32.629
32.662
32.54
32.512
32.354
32.197
32.244
32.226
32.63
32.636
32.796
32.359
32.058
32.722
32.012
32.364
32.693
32.083
32.463
32.382
32.047
32.35
32.436
32.369
32.391
32.54
32.649
31.954
32.582
32.76
32.564
32.577
32.842
32.587
32.369
32.647
32.576
32.765
32.932
32.869
32.459
33.059
32.374
33.12
33.051
32.954
32.794
32.928
32.742
32.508
33.007
32.83
32.414
33.067
32.832
33.037
33.167
33.147
33.252
33.557
32.872
33.514
33.514
32.896
33.241
33.324
33.249
33.272
33.223
33.293
32.606
33.099
33.265
32.974
33.316
33.323
32.477
33.351
32.808
33.028
33.307
33.157
33.068
33.083
33.078
33.119
33.376
33.378
33.315
32.706
33.103
33.125
33.132
32.862
32.81
33.087
33.134
33.007
33.354
33.374
33.17
33.42
33.434
33.323
33.204
33.474
33.24
33.526
33.553
33.409
32.902
33.49
33.797
33.636
33.702
33.77
33.849
34.981
35.635
39.683
40.519
40.71
41.219
41.248
41.35
40.635
41.176
41.439
39.667
39.972
40.114
40.379
37.297
36.503
32.819
34.845
35.56
33.996
30.146
28.345
11.457
8.1878
6.1734
5.6879
2.9783
0.24899
0.14607
0.053265
0.37243
0.17016
0.63843
0.66926
0.67203
0.1623
0.62971
0.78353
1.0034
1.0855
0.59146
0.41211
8.2406
35.831
44.791
53.621
47.827
33.165
37.575
40.384
42.678
43.487
43.273
44.278
40.505
40.216
34.036
28.057
24.951
20.861
12.576
9.7985
8.2486
7.3958
7.3391
7.2763
10.044
14.527
25.338
42.255
51.093
58.498
62.058
65.435
56.477
56.94
61.135
61.427
38.693
16.816
7.8032
7.5007
11.253
12.869
13.759
12.338
10.066
9.9526
11.823
15.993
18.875
22.466
22.37
25.028
25.758
32.555
42.558
52.415
57.307
57.635
54.135
53.917
45.57
38.149
31.861
23.403
17.51
15.709
10.831
5.8841
0.78202
0.13488
0.11173
0.32249
0.47953
1.1512
0.78162
0.83043
0.73523
0.77635
13.332
32.227
46.7
58.734
52.936
41.941
43.034
42.366
37.234
37.324
39.819
41.491
32.261
24.813
14.611
7.3063
4.1544
4.5606
4.6089
3.6916
2.2717
1.425
0.34258
0.65492
0.54233
0.86025
0.79487
0.97915
2.0156
7.2068
17.822
24.909
45.32
70.718
76.243
75.905
58.336
35.093
21.605
30.66
46.187
57.56
55.824
29.054
11.935
5.4418
2.6656
4.2817
3.9722
6.1723
6.3174
7.3789
10.383
14.867
22.405
35.953
43.705
40.393
37.17
33.018
39.736
48.874
51.629
55.034
54.861
52.72
44.501
38.972
30.997
25.533
21.647
19.291
17.08
7.9121
1.9998
0.67379
0.033776
1.5994
0.24047
0.41845
1.1241
1.1416
1.0603
4.6075
30.007
41.721
57.025
63.311
47.034
40.483
41.829
33.983
27.562
31.558
44.311
49.857
40.681
26.883
23.51
13.984
10.183
9.0295
9.485
7.8805
5.4515
3.108
1.1285
0.71849
0.54997
0.64593
0.67765
0.98021
3.5391
6.5666
11.038
17.863
33.194
47.534
64.462
79.186
76.899
57.186
38.372
33.031
31.329
27.462
21.116
11.182
8.0353
7.403
7.3853
8.1349
5.4663
3.46
2.6246
2.8669
4.4632
8.4041
17.937
26.002
33.368
37.716
40.347
43.231
42.655
38.906
42.846
47.037
46.74
48.677
43.926
39.701
29.783
23.277
20.317
21.276
21.663
16.353
10.108
2.7183
0.26462
0.44128
0.30251
0.5435
0.9626
7.2561
19.11
52.168
64.754
72.65
64.648
55.476
50.97
46.819
40.373
37.247
28.761
20.275
24.265
40.243
48.727
52.574
48.478
28.615
15.445
12.879
15.406
14.698
9.367
3.8377
2.1038
0.894
0.52686
0.50445
0.5745
0.8198
1.5774
4.3652
10.038
16.245
26.649
37.14
56.628
82.211
89.531
82.407
57.582
51.333
40.51
26.946
14.959
5.74
2.3171
2.8787
2.7435
1.606
1.0733
0.65726
0.9392
0.84445
0.96835
1.0543
7.3723
9.0679
16.073
17.063
26.4
31.929
43.673
49.16
43.666
39.268
36.946
35.241
32.888
27.686
26.75
23.433
21.006
18.928
13.501
11.614
3.4761
1.6371
2.0092
0.34629
0.43144
0.49192
0.8418
2.6865
6.9329
31.618
54.359
64.128
61.65
57.546
54.218
56.998
47.109
38.011
37.159
29.523
24.835
32.241
44.174
51.015
53.458
50.738
34.032
24.187
14.787
15.393
16.827
12.779
7.897
4.759
2.0367
1.2364
2.0115
4.6497
6.3014
11.317
17.219
23.365
30.905
42.457
61.882
78.511
89.785
75.9
60.771
45.977
44.413
29.125
16.953
8.2254
3.579
1.3351
0.75419
0.64251
0.2747
0.25243
0.59625
0.84109
1.0074
0.80028
0.84781
0.64954
9.6797
8.9669
10.477
14.057
13.867
19.649
25.593
34.607
44.561
50.707
46.723
39.582
32.594
32.389
32.583
32.935
35.37
39.451
42.746
45.23
48.268
49.724
49.668
49.208
48.915
49.059
51.154
54.475
54.887
56.167
56.319
55.513
55.153
54.492
54.012
52.011
49.453
49.754
46.878
41.827
37.08
33.719
27.984
17.663
10.911
7.6681
6.6651
5.0728
3.8922
2.8264
2.4279
1.9364
1.8721
2.1975
2.7689
3.3007
3.8441
4.166
4.569
5.6737
6.7415
7.9214
10.426
12.918
15.395
19.821
26.037
31.841
35.567
37.502
38.375
35.984
37.062
37.22
37.802
36.997
35.438
32.524
31.616
31.646
28.246
25.2
23.128
22.058
19.208
17.367
16.204
15.262
15.102
15.356
14.737
13.945
14.094
14.23
14.7
15.541
15.009
16.61
19.48
21.531
22.138
24.676
25.819
26.336
26.858
26.669
27.03
26.467
26.237
25.473
24.736
24.178
24.252
23.075
23.221
22.906
21.991
22.281
22.734
22.305
23.437
23.78
23.937
24.468
24.885
24.459
25.202
25.377
24.691
25.397
25.291
24.377
24.299
23.951
23.155
22.68
22.749
22.693
22.235
22.974
23.106
23.203
23.782
24.186
23.982
24.834
25.248
24.919
25.465
25.466
25.31
25.145
25.548
25.289
25.456
25.545
24.58
25.242
25.299
24.298
24.653
24.802
25.104
24.629
24.984
25.441
25.432
25.126
25.627
25.35
25.055
25.688
25.721
25.102
25.608
25.603
25.086
25.538
25.449
25.194
25.47
25.374
24.934
25.517
25.339
25.545
25.121
25.703
25.77
25.366
25.756
25.619
25.293
25.55
25.384
25.172
25.368
25.346
24.749
25.526
25.435
25.111
25.466
25.32
25.421
25.638
25.476
25.086
25.076
25.66
25.749
24.998
25.043
25.432
25.275
25.214
25.48
25.09
25.176
25.647
25.602
25.294
25.65
25.619
25.385
25.653
25.684
25.318
25.686
25.711
25.788
25.128
25.947
25.875
25.587
25.759
25.766
25.685
25.723
25.435
25.326
25.613
25.735
25.572
25.496
25.726
25.613
25.316
25.788
25.287
25.808
25.707
25.805
25.111
25.27
25.567
25.804
24.855
25.741
25.62
25.131
25.478
25.863
25.652
25.717
25.458
25.746
25.597
25.539
25.389
25.664
25.469
25.001
25.417
25.403
25.288
24.923
25.33
25.551
25.44
25.289
25.408
25.486
24.743
25.58
25.35
25.001
25.461
25.474
24.868
25.583
25.536
24.739
25.25
25.494
25.246
25.078
25.398
25.542
25.272
25.567
25.073
25.184
25.241
25.491
24.576
25.597
25.31
25.215
25.224
25.354
25.191
24.656
25.231
25.281
25.136
25.293
25.256
25.216
25.054
25.065
24.525
25.339
24.871
25.153
24.327
25.117
24.547
24.952
24.829
25.148
24.609
24.786
24.685
24.407
24.464
24.778
24.41
24.939
24.752
24.372
24.777
25.119
24.19
24.968
24.662
24.986
24.502
24.929
24.747
24.718
23.922
24.918
24.646
24.7
24.74
25.009
24.42
24.887
24.551
24.787
24.889
24.853
24.088
24.937
24.712
24.915
24.388
25.019
24.781
24.327
24.746
25.015
24.799
24.927
24.486
25.158
24.565
24.857
24.771
24.833
24.695
24.751
24.668
24.311
24.723
24.446
24.531
24.862
24.702
24.867
24.12
24.883
24.393
24.805
24.455
24.187
24.026
24.95
24.57
24.912
24.745
24.8
24.686
24.972
24.735
24.617
24.844
24.932
24.247
24.961
24.871
24.871
24.921
24.877
24.58
24.69
24.767
24.849
24.198
24.905
24.724
24.179
24.618
24.794
24.221
24.955
24.575
25.009
24.625
24.938
24.58
24.362
24.866
24.814
24.239
24.8
24.866
24.713
24.478
24.851
24.873
24.225
24.775
24.906
24.735
25.016
24.85
24.774
24.801
24.697
24.413
25.048
25.007
24.893
24.875
25.041
24.902
24.829
24.85
25.016
24.248
24.886
24.624
24.639
24.899
25.099
24.225
24.999
24.915
24.702
24.937
24.927
24.682
24.854
24.67
24.934
24.789
24.932
24.787
24.321
24.24
25.055
24.871
24.653
24.908
25.043
24.119
24.883
24.949
24.439
24.912
24.94
24.964
24.323
24.706
24.976
24.252
24.864
24.95
24.221
24.659
25.034
24.55
24.462
25.051
24.795
24.704
25.049
24.636
24.522
24.865
24.911
24.233
24.973
24.239
24.989
24.888
25.102
24.878
24.625
24.646
24.906
24.886
24.997
24.838
25.052
25.004
25.046
24.681
24.809
24.9
24.776
24.977
24.953
24.711
25.06
24.87
24.993
24.742
24.44
24.984
24.88
24.643
25.029
24.638
24.318
24.897
24.883
24.66
24.958
24.773
24.874
24.871
24.825
24.272
24.696
24.838
24.748
24.996
25.023
24.751
25.022
24.967
24.925
24.42
24.431
24.994
24.657
24.489
24.934
25.194
24.349
24.86
25.134
24.323
25.023
24.817
24.466
24.968
24.884
24.906
24.815
24.851
24.788
24.734
24.51
25.009
24.935
24.288
24.964
24.925
24.519
24.999
24.906
24.685
25.023
25.012
24.908
25.013
25.082
25.044
24.418
24.921
25.065
24.76
25.13
25.021
24.856
25.043
25.075
24.443
24.806
25.122
25.068
24.55
24.881
24.78
24.912
25.036
24.883
25.079
24.494
25.184
25.169
24.512
25.091
25.145
24.824
25.153
25.115
24.598
25.105
25.101
24.434
25.06
25.209
24.97
24.839
25.098
24.949
25.276
25.099
24.432
24.677
25.087
25.093
24.694
25.17
25.301
24.508
25.137
25.169
24.644
24.769
25.229
24.451
24.549
24.842
24.409
24.551
25.063
24.534
25.023
25.059
25.061
24.7
24.928
24.487
25.017
25.131
25.142
25.093
24.465
25.095
24.967
24.879
25.151
25.108
24.679
25.083
24.966
25.055
25.224
25.059
25.145
25.114
25.203
24.558
25.185
25.242
24.789
25.205
25.185
24.644
25.261
25.208
25.311
25.225
25.125
