-0.0010908
-0.0010908
0
-0.0021817
0.0032725
-0.0010908
-0.0010908
0
0.0032725
-0.0021817
0.0021817
0.0021817
-0.0032725
-0.0021817
-0.0010908
0.0021817
0.0021817
0.0010908
0.0032725
0.0032725
-0.0021817
-0.0021817
0.0010908
-0.0043633
-0.0021817
-0.0010908
-0.0010908
0
-0.0010908
0
-0.0010908
-0.0010908
-0.0021817
0
0.0032725
-0.0010908
-0.0010908
0.0010908
-0.0010908
-0.0010908
0.0010908
0.0010908
-0.0021817
0.0010908
-0.0010908
0.0010908
0.0010908
-0.0021817
-0.0032725
-0.0010908
0.0021817
0.0021817
0.0010908
0
0
0
0
0.0021817
0.0043633
0
0.0010908
0.0010908
-0.0010908
0.0010908
0.0032725
0.0021817
0.0021817
0.0021817
-0.0010908
0.0032725
-0.0021817
-0.0021817
-0.0010908
-0.0010908
0.0021817
-0.0021817
-0.0021817
-0.0021817
-0.0021817
-0.0032725
-0.0021817
-0.0010908
-0.0021817
0.0010908
0.0021817
0
0
0.0021817
-0.0010908
0.0010908
0.0010908
0.0010908
-0.0010908
0
-0.0021817
-0.0010908
0.0010908
-0.0010908
0.0021817
0.0010908
0.0010908
-0.0032725
0.0021817
-0.0021817
-0.0032725
0
0.0010908
0.0010908
-0.0010908
0
0.0021817
0.0032725
0.0021817
0.0021817
-0.0032725
0.0010908
-0.0010908
0
-0.0021817
-0.0010908
-0.0010908
-0.0032725
-0.0010908
0.0043633
0.0021817
0.0032725
0
-0.0010908
0.0010908
0
-0.0021817
0.0043633
0.0032725
0.0021817
0
0.0010908
-0.0032725
0.0032725
-0.0021817
-0.0032725
0
-0.0032725
-0.0010908
0.0010908
-0.0010908
-0.0021817
0
-0.0010908
-0.0010908
-0.0021817
-0.0021817
-0.0021817
0.0021817
0
0
0.0021817
0.0010908
-0.0010908
0
-0.0032725
0
0.0010908
0.0021817
-0.0021817
0.0010908
0.0032725
-0.0032725
-0.0021817
-0.0021817
0.0010908
0.0010908
0
-0.0032725
-0.0010908
0
0.0010908
0.0032725
-0.0021817
-0.0021817
0.0021817
0.0010908
-0.0032725
-0.0021817
0.0010908
0.0010908
-0.0010908
-0.0021817
-0.0010908
-0.0010908
0
0.0021817
0.0010908
0.0021817
-0.0010908
0.0010908
-0.0032725
0.0021817
0
0
0
-0.0021817
-0.0010908
-0.0043633
-0.0021817
0
0
-0.0010908
0
0.0010908
-0.0032725
0.0021817
-0.0010908
-0.0010908
0
-0.0010908
-0.0032725
0
-0.0010908
-0.0010908
0.0032725
0
0.0021817
-0.0010908
0.0010908
-0.0010908
-0.0021817
-0.0032725
0.0032725
-0.0021817
-0.0021817
-0.0010908
0.0021817
0.0010908
0
-0.0010908
0.0010908
0.0021817
-0.0010908
-0.0010908
0.0010908
0
0.0021817
-0.006545
-0.0021817
0.0010908
-0.0010908
-0.0032725
0.0010908
-0.0021817
0
0.0010908
0
0.0010908
0
0
-0.0010908
0
0.0010908
0.0010908
-0.0010908
-0.0010908
-0.0043633
-0.0021817
-0.0021817
-0.0010908
0
0
0.0032725
-0.0010908
0.0010908
0
-0.0032725
0
0.0032725
-0.0043633
-0.0021817
0
0.0021817
0
-0.0032725
-0.0010908
0.0010908
-0.0010908
0.0010908
0.0010908
-0.0021817
-0.0010908
0.0032725
0
0.0021817
0
-0.0010908
-0.0021817
-0.0021817
-0.0021817
-0.0021817
-0.0032725
-0.0010908
0
-0.0010908
-0.0021817
0.0010908
0
0.0021817
-0.0010908
0.0021817
-0.0010908
0
-0.0021817
0.0043633
0.0021817
-0.0032725
-0.0010908
0.0010908
0.0021817
0.0032725
0.0021817
0
0.0021817
0
-0.0010908
0
0
-0.0021817
0.0021817
0.0010908
0.0010908
-0.0010908
-0.0010908
-0.0010908
0.0021817
0
0
0
0
0.0043633
0
0.0032725
0.0010908
0.0043633
0
-0.0010908
-0.0010908
0
0.0010908
0.0032725
0.0032725
0.0032725
-0.0021817
0
0.0010908
-0.0010908
-0.0021817
-0.0021817
-0.0032725
0.0010908
-0.0021817
0.0010908
0.0010908
0.0010908
0
0.0010908
-0.0021817
-0.0010908
0.0010908
-0.0010908
0.0021817
-0.0010908
0
0.0021817
0.0010908
-0.0043633
-0.0021817
-0.0021817
0.0021817
0.0032725
-0.0010908
-0.0054541
0.0010908
0.0043633
-0.0010908
-0.0010908
0.0032725
0.0010908
0
-0.0010908
0.0043633
0
0.0010908
-0.0010908
-0.0010908
0
0.0021817
0.0010908
-0.0010908
0
-0.0021817
-0.0021817
0
-0.0032725
-0.006545
0
0.0021817
0
-0.0010908
-0.0021817
-0.0032725
-0.0032725
-0.0010908
-0.0010908
-0.0021817
-0.0010908
-0.0010908
-0.0021817
-0.0021817
-0.0010908
-0.0032725
0.0021817
-0.0021817
-0.0010908
0.0021817
0
0.0032725
0.0021817
-0.0021817
0.0010908
-0.0010908
0.0010908
0
0
0.0010908
0
-0.0010908
0.0021817
0.0021817
-0.0010908
-0.0032725
0.0010908
0
0
0.0032725
-0.0021817
0
0
-0.0010908
-0.0021817
-0.0010908
0
-0.0010908
0
0.0010908
-0.0043633
-0.0043633
-0.0043633
-0.0087266
-0.0087266
-0.011999
-0.0098174
-0.018544
-0.027271
-0.027271
-0.022907
0.0010908
-0.0054541
-0.0054541
-0.0054541
-0.0043633
0.018544
-0.12872
0.030543
0.0054541
0.034906
-0.0054541
-0.0032725
0.041451
-0.027271
0.02618
0.02618
-0.045815
0.035997
0.006545
0.02618
0.019635
0.006545
0.074176
0.093811
0.06545
0.19417
0.19417
0.22253
0.011999
-0.0032725
0.40142
-0.035997
-0.035997
0.071995
-0.016362
-0.085084
0.62395
-0.89557
-0.89557
0.25416
0.23671
-0.30434
0.80939
-0.062177
-0.062177
0.21817
0.23344
0.4276
-0.70904
-0.0043633
-0.0043633
0.88684
-2.474
0.19089
-0.49851
-0.0076358
-0.0076358
0.32398
0.05236
0.15272
-0.14399
-0.089448
-0.089448
-0.1789
-0.12435
-0.082903
0.095993
0.28689
0.28689
0.21926
0.13963
0.03927
-0.0043633
0.0076358
0.0076358
-0.040361
-0.069813
0.016362
-0.0021817
0.063268
0.063268
-0.35779
-0.50723
-0.26725
-0.12326
-0.027271
-0.027271
0.076358
0.11672
0.12654
0.027271
0.006545
0.006545
-0.17017
-0.22471
-0.10036
-0.031634
0.07963
0.07963
-0.006545
-0.0032725
0.056723
0.14835
0.2498
0.2498
0.49196
0.5945
0.05236
0.021817
-0.35234
-0.35234
0.12326
-0.20726
-0.26943
-0.13526
-0.021817
-0.021817
0.058905
-0.070904
0.055632
0.053451
0.14181
0.14181
0.1309
0.088357
0.035997
0.0043633
0.1069
-0.0010908
-0.0010908
0.019635
0.10145
0.074176
0.029452
0.38833
0.88902
0.49087
0.49087
-1.4039
0.55523
0.16471
1.0014
0.89448
0.032725
0.035997
0.035997
0.1898
-0.20071
-0.087266
0.29125
0.69922
-1.2359
-1.9602
-0.50505
0.035997
0.07963
0.07963
-0.011999
0.22689
-0.12872
-0.069813
0.44942
0.44942
0.62504
0.42433
0.65013
0.55959
0.42979
0.38833
0.12545
0.18544
0.13199
-0.029452
-0.029452
0.16144
0
0.0098174
-0.31198
-1.0996
-0.9032
-0.9032
-1.2763
-1.4726
-1.2763
-0.2138
-0.02618
0.20508
0.23453
0.1898
0.1898
0.18435
-0.021817
-0.17126
-0.19853
-0.07854
0.10145
0.10145
0.13308
0.055632
0.046906
-0.055632
0.35343
0.45487
0.45487
0.32834
-0.058905
-0.2258
0.19635
-0.23562
-0.046906
-0.11345
-0.051269
-0.051269
0.061086
-0.015272
0.063268
0.15162
0.12872
0.061086
0.061086
0.020726
-0.0010908
-0.016362
0.01309
-0.02618
0.090539
0.081812
-0.0076358
0.093811
0.093811
0.16035
-1.4126
-1.4126
-0.38615
-0.042542
0.23126
0.23126
1.3984
0.09272
-0.31307
1.7824
0.94575
-0.27598
0.66213
0.68395
0.68395
-0.86393
1.1934
-1.2283
-0.27816
-0.2138
-0.24107
0.1669
0.076358
0.076358
-0.16908
-0.010908
0.044724
0.46578
0.5116
0.43851
0.33161
-0.025089
0.42651
0.42651
0.081812
-0.22798
0.076358
-0.20617
-0.086175
-0.086175
-0.073085
-0.13963
-1.429
-0.27052
-0.67522
-0.67522
-0.20944
-0.054541
0.062177
0.097084
0.25089
0.25089
0.17453
0.1189
-0.0043633
-0.15053
-0.15053
-0.016362
-0.021817
-0.014181
0.016362
0.051269
-0.050178
-0.07854
0.018544
0.040361
0.26943
0.15817
0.15817
0.15162
0.12763
-0.0021817
-0.1069
-0.0021817
-0.0021817
0
-0.057814
0.059995
0.0032725
0.0021817
0.045815
0.011999
0.022907
0.010908
-0.03927
-0.03927
-0.0087266
0.10145
0.12654
0.037088
0.011999
0.051269
0.15926
0.39052
0.48978
-1.9122
-1.9122
-1.0472
-0.38724
0.089448
0.50833
1.2141
1.2141
0.99047
-0.32179
0.17235
-0.41124
0.65995
0.65995
1.357
-0.31743
1.501
-0.22471
-2.6649
-2.6649
-0.92175
0.37852
-0.17999
0.14508
0.14508
-0.25744
0.16799
0.46251
0.11999
0.21598
0.21598
0.40906
0.30761
0.40906
0.15708
0.15708
0.17017
0.030543
0.038179
0.018544
-0.11236
-0.11236
-0.17126
-0.45706
-1.117
-1.5413
-0.27816
-0.27816
-0.29016
-0.091629
0.15708
0.18217
0.09272
0.09272
0.15599
0.064359
-0.032725
-0.07854
-0.10363
-0.10363
-0.0054541
0.035997
0.018544
-0.025089
-0.025089
-0.015272
-0.0021817
0.15053
0.18108
0.18108
0.16581
0.053451
-0.11126
-0.0032725
-0.089448
-0.089448
-0.0076358
-0.041451
0.014181
0.020726
0.020726
0.091629
0.015272
0
0.02618
-0.014181
-0.014181
-0.011999
0.037088
0.034906
0.032725
0.032725
0.06545
0.25853
0.58141
-1.946
-1.2763
-1.2763
0.15381
-0.080721
0.94575
1.069
1.1574
1.1574
0.09272
-1.0537
1.1781
0.083994
1.3155
1.3155
-0.046906
1.2021
-0.87266
-0.6545
-1.3701
-1.3701
-0.59668
-0.16471
0.0087266
0.14944
0.006545
0.006545
-0.13853
0.25416
0.39379
0.36106
0.1669
0.1669
0.56723
0.48651
0.17126
0.16362
-0.099265
-0.099265
0.18435
-0.075267
0.019635
0.19744
-0.2967
-0.2967
-0.54432
-1.0352
-1.2163
-0.68068
-0.38288
-0.38288
-0.07963
0.029452
0.17671
0.1429
0.13963
0.13963
0.18435
0.11563
-0.07854
-0.11999
-0.063268
-0.063268
-0.095993
-0.019635
0.093811
0.068722
0.0032725
0.0032725
-0.030543
-0.032725
0.15708
0.27925
0.17235
0.17235
0.1309
-0.017453
-0.16035
0.006545
-0.038179
-0.038179
-0.031634
-0.046906
0.0098174
0.0032725
-0.0098174
-0.0098174
0.082903
-0.071995
0.040361
0.010908
-0.006545
-0.006545
0.12545
0.070904
0.0032725
0.0043633
0.34688
0.34688
0.65668
-0.88575
0.79194
0.32507
0.32507
0.49742
1.1672
0.32725
-0.13526
-0.13526
-0.01309
0.37634
-0.33161
2.0289
-2.114
-2.114
0.8563
-2.5187
-0.77885
0.035997
0.035997
0.17126
-0.0076358
0.075267
-0.14508
0.14944
0.14944
0.64686
0.48105
0.17562
0.17453
0.28143
0.28143
0.40906
0.037088
-0.17671
0.11017
0.11017
-0.038179
0.067631
-0.06654
-0.26289
-0.43306
-0.43306
-1.321
-1.2654
-1.0297
-0.19962
0.043633
0.043633
0.13744
0.17126
0.15708
0.20071
0.077449
0.077449
-0.032725
-0.075267
-0.057814
-0.071995
-0.030543
-0.030543
0.063268
0.09272
0.046906
-0.076358
-0.047996
-0.047996
0.14944
0.27707
0.30107
0.21817
0.0010908
0.0010908
-0.1669
-0.083994
-0.035997
-0.011999
-0.011999
-0.017453
-0.041451
0.075267
0.015272
0.015272
0.050178
0.030543
0.0076358
0.021817
0.11781
0.11781
-0.045815
-0.0010908
0.099265
0.15817
0.56396
0.56396
-0.79739
-2.0617
-0.29452
0.39379
0.35888
0.48433
0.48433
0.71122
0.022907
-0.082903
0.73522
0.73522
0.61195
-0.26725
0.68068
0.68068
-0.94357
-1.5566
0.13963
-0.13417
-0.13417
0.027271
-0.077449
-0.16581
-0.13635
0.28471
0.3207
0.3207
0.25853
0.58141
0.49742
0.49742
0.39379
0.047996
-0.14835
-0.14508
-0.14508
0.18108
0.022907
-0.23671
-0.36215
-1.3384
-1.3384
-1.1421
-0.56832
-0.19744
0.03927
0.059995
0.059995
0.21271
0.1429
0.11672
0.15926
0.0098174
0.0098174
-0.044724
-0.13635
-0.017453
-0.070904
0.020726
0.020726
0.090539
0.027271
-0.056723
-0.015272
0.0098174
0.0098174
0.20398
0.1549
0.19853
0.14181
0.018544
0.018544
-0.12763
-0.040361
-0.041451
0.01309
-0.076358
-0.076358
0.056723
-0.0010908
0.0087266
0.069813
-0.02618
-0.02618
0.035997
0.018544
0.018544
0.10254
0.049087
0.049087
-0.038179
0.02618
0.13635
0.30761
0.62613
0.62613
-2.1587
-1.141
-0.51814
1.2621
-0.57268
-0.57268
1.9133
0.39815
0.46251
-0.6774
1.0396
1.0396
-0.21707
1.0646
0.39815
-0.40688
1.3395
-0.9152
-2.4664
-0.24107
0.36434
-0.21053
-0.21053
0.099265
-0.058905
-0.07963
0.21271
0.47996
0.47996
0.41124
0.080721
0.15272
0.47887
0.49087
0.49087
0.11999
0.081812
-0.12872
0.057814
-0.098174
-0.098174
0.082903
-0.044724
-0.11999
-1.0494
-1.2163
-1.2163
-0.62723
-0.2258
-0.042542
0.043633
0.15272
0.15272
0.14181
0.09272
0.18108
0.093811
-0.070904
-0.070904
-0.098174
-0.047996
-0.063268
0.0032725
0.006545
0.0021817
0.0021817
-0.033816
-0.029452
0.1309
0.1309
0.14944
0.21707
0.15162
0.016362
-0.11563
0.0010908
0.0010908
-0.07854
0.0054541
0.011999
0.010908
0.010908
0.019635
0.01309
-0.023998
0.006545
0.006545
0.080721
0.13417
0.014181
0.014181
0.073085
0.073085
0.70686
-1.3766
-1.7748
-0.11017
-0.26834
0.70031
1.249
0.81267
0.81267
0.7014
-0.34143
-0.0021817
0.3447
0.78867
0.78867
0.11672
0.3807
0.31525
0.70576
-3.1841
-3.1841
-0.2858
0.26834
-0.091629
0.037088
-0.067631
-0.067631
-0.10799
-0.07854
0.3207
0.25416
0.30652
0.32507
0.32507
0.091629
0.31634
-0.069813
-0.069813
0.047996
-0.11563
0.038179
0.28798
-0.034906
-0.034906
-0.11454
-0.30325
-1.1617
-0.99156
-0.40579
-0.40579
-0.12981
0.054541
0.11781
0.16908
0.082903
0.082903
0.1778
0.083994
-0.040361
-0.1669
-0.028361
-0.028361
-0.025089
-0.03927
0.033816
-0.020726
-0.037088
-0.037088
-0.02618
0.053451
0.046906
0.19199
0.18544
0.18544
0.12981
0.13199
-0.051269
-0.088357
-0.061086
-0.061086
-0.042542
-0.032725
-0.044724
0.063268
-0.0010908
-0.0010908
0.032725
0.0043633
0.040361
0.0043633
-0.034906
-0.0043633
-0.0043633
0.15053
0.03927
0.0098174
0.0098174
0.23016
0.57159
-0.055632
-2.2089
-0.014181
-0.014181
0.29234
0.45378
0.71558
0.96211
0.20835
0.20835
0.1898
-0.78649
0.93157
0.47887
-0.57705
-0.57705
0.59995
-0.36215
1.3275
-0.28034
-2.4936
-2.4936
-0.47233
0.26725
0.05236
-0.21489
0.01309
0.01309
-0.11236
0.22689
0.51378
0.31743
0.13417
0.13199
0.13199
0.13853
0.38288
0.023998
-0.058905
-0.058905
-0.14726
-0.12217
0.081812
0.1898
-0.11781
-0.11781
-0.33707
-0.94029
-0.80503
-0.43742
-0.11345
0.10145
0.10145
0.076358
0.16035
0.093811
0.23998
0.23998
0.15272
0.047996
-0.12545
-0.13963
-0.11236
0.0043633
0.0087266
0.0087266
-0.0032725
-0.033816
-0.019635
-0.041451
0.02618
0.02618
0.16799
0.17344
0.18544
0.14181
-0.021817
-0.12435
0.029452
-0.070904
-0.0087266
-0.0087266
-0.091629
0.067631
-0.03927
0.037088
0.0054541
0.016362
-0.017453
-0.017453
0.020726
0.025089
0.081812
0.1669
-0.010908
-0.010908
0.0054541
0.053451
0.27925
0.7134
-0.84757
-0.84757
-2.0257
-0.41451
0.52142
0.43742
1.1497
1.1966
-0.034906
-0.75485
-0.75485
0.62286
-0.8203
0.76467
0.67958
-0.43197
-0.43197
2.0344
-0.03927
-3.0707
-0.43415
0.33707
0.33707
-0.17344
0.088357
0.067631
-0.19308
0.074176
0.074176
0.42324
0.28361
0.067631
0.12981
0.2978
0.35888
0.31634
-0.02618
-0.27707
0.047996
0.16471
0.043633
0.043633
-0.030543
-0.14399
-0.76903
-0.94247
-0.94247
-0.44615
-0.29125
-0.062177
0.019635
0.17344
0.074176
0.074176
0.1789
0.11454
0.056723
-0.07854
-0.07854
-0.11999
0.0021817
-0.07854
-0.0010908
0.027271
-0.05236
-0.05236
-0.054541
0.016362
0.0087266
0.13635
0.17562
0.13853
0.13526
0.13526
0.064359
-0.085084
-0.0087266
-0.0087266
-0.027271
-0.06545
-0.0054541
-0.0054541
0.0010908
-0.0076358
0.023998
0.023998
0.01309
0.01309
-0.006545
-0.0054541
0.21707
-0.034906
0.090539
-0.0032725
-0.0032725
0.28143
0.58468
-0.043633
-2.2733
-0.47233
-0.47233
0.52251
-0.022907
1.4824
-0.14508
1.0897
1.0897
-0.1669
-1.0745
0.52142
0.0076358
0.80721
0.68504
0.90211
-0.72104
0.30979
-2.1697
-0.63595
0.20508
-0.03927
-0.03927
0.074176
-0.044724
-0.071995
0.39052
0.39052
0.14072
0.31634
0.0010908
0.10145
0.32943
0.032725
0.032725
-0.06654
-0.20398
0.0010908
0.097084
-0.09272
-0.075267
-0.43524
-0.7843
-0.37415
-0.50287
-0.50287
-0.13635
0.047996
0.16471
0.23016
0.068722
0.17999
0.17999
0.10145
-0.029452
-0.1789
0.011999
-0.11999
-0.11999
-0.0098174
-0.0054541
-0.017453
-0.080721
0.01309
0.047996
0.0087266
0.11236
0.1778
0.083994
0.083994
0.11781
0.031634
-0.050178
-0.047996
-0.016362
-0.016362
-0.049087
-0.019635
0.029452
-0.058905
0.017453
0.017453
0.014181
-0.0087266
-0.017453
0.045815
0.0087266
0.19308
0.099265
-0.023998
-0.023998
0.056723
0.056723
0.46251
0.36652
-2.4456
-0.37634
-0.14835
0.79194
-0.41779
1.5413
0.61741
0.5236
0.5236
0.21489
-0.96865
1.7955
-0.74722
0.022907
0.50287
0.50287
-0.28907
1.9013
-3.2572
-0.70031
0.45597
-0.022907
-0.044724
-0.059995
-0.10145
0.18108
0.18108
0.17999
0.086175
0.0076358
0.037088
0.41015
0.39379
0.25853
-0.023998
0.068722
-0.07963
0.027271
-0.034906
-0.37197
-0.50942
-0.48105
-0.18326
-0.29125
-0.20726
-0.035997
-0.035997
0.10254
0.10254
0.095993
0.1778
0.11345
0.0010908
-0.063268
-0.063268
-0.098174
-0.041451
-0.021817
0.053451
0.03927
0.03927
0.11454
0.054541
0.043633
0.075267
0.12545
0.12545
0.1309
0.17999
-0.027271
0.075267
-0.28143
-0.28143
-0.089448
0.049087
0.015272
0.034906
-0.018544
-0.018544
-0.042542
-0.01309
0.017453
0.037088
0.06654
0.06654
-0.0054541
-0.0032725
0.1189
0.062177
0.062177
0.12654
0.019635
0.17126
0.95229
1.4366
1.4366
-1.3417
-1.1726
-0.48105
-0.058905
-0.058905
0.26398
-0.06654
0.4396
-0.11236
0.099265
0.099265
0.72867
0.095993
0.50505
0.10799
0.57705
0.57705
-1.1781
-0.62723
0.26943
-0.33816
0.31852
0.31852
0.093811
-0.20944
0.11126
-0.027271
-0.07854
-0.07854
-0.27271
-0.011999
0.1429
-0.32725
0.085084
0.085084
0.055632
-0.091629
-0.029452
0.11236
-0.098174
-0.098174
-0.16253
-0.054541
0.13853
0.23562
-0.2378
-0.2378
-0.2258
-0.10472
-0.03927
0.056723
0.1429
0.1429
0.082903
0.12872
-0.055632
-0.0021817
0.011999
0.011999
-0.023998
-0.033816
-0.11999
-0.006545
-0.028361
-0.028361
-0.032725
0.044724
0.054541
0.22253
0.09272
0.09272
0.045815
0.11999
-0.037088
-0.12763
-0.0098174
-0.0098174
-0.023998
0.032725
0.050178
0.14072
-0.11126
-0.11126
0.05236
0.05236
-0.0076358
0
-0.011999
-0.0010908
-0.0010908
0.12326
0.11126
-0.021817
-0.021817
0.20398
0.67631
1.1028
0.95338
-2.2689
-2.2689
0.32398
-0.44397
0.8443
-0.60105
-0.60105
0.77994
-0.57487
-0.93593
0.9632
-0.36325
-0.36325
0.091629
-0.017453
-0.29343
1.417
-1.0199
-1.0199
-1.1574
0.22362
-0.095993
0.0032725
0.006545
0.006545
0.010908
-0.18217
-0.043633
-0.18435
-0.14835
-0.14835
-0.11236
-0.21598
-0.28252
-0.12435
-0.12435
-0.2018
-0.010908
-0.11126
0.65995
0.015272
0.015272
0.091629
0.51487
0.30979
-0.25198
-0.13635
-0.13635
-0.033816
0.016362
0.12217
0.059995
0.097084
0.097084
-0.11126
-0.037088
-0.034906
-0.028361
-0.0010908
-0.0010908
-0.028361
-0.0076358
-0.043633
-0.074176
-0.050178
-0.006545
0.076358
0.076358
0.23671
0.14399
0.14399
0.076358
-0.038179
0.11236
-0.39597
0.017453
0.017453
-0.044724
-0.051269
-0.13417
-0.10145
-0.059995
-0.059995
0.10581
0.13635
-0.10472
-0.030543
-0.019635
-0.019635
0.082903
0.20726
0.13963
0.46906
0.88902
0.82139
0.82139
0.78649
0.48105
-0.63595
-0.034906
-0.49524
-0.49524
0.25198
-0.2738
0.055632
0.28143
0.28143
-0.16144
-0.48105
-1.3788
1.3526
-1.7791
-0.87048
-0.87048
-0.35561
-0.040361
-0.010908
1.1225
1.1225
-0.97738
0.57814
0.13963
-0.17235
-0.17126
-0.17126
-0.0010908
0.17671
-0.23998
-0.047996
-0.047996
-0.34688
-0.20508
-0.18871
-0.2967
-0.2967
-0.086175
0.50833
-0.069813
0.29125
0.29125
0.3327
0.2618
-0.15817
-0.16581
-0.03927
-0.032725
-0.032725
0.022907
0.011999
0.12763
-0.03927
-0.11563
-0.11563
-0.15272
0.087266
0.015272
0.023998
-0.023998
-0.023998
-0.064359
-0.10581
-0.10145
-0.068722
0.016362
0.094902
0.094902
0.24871
0.31852
0.049087
0.049087
-0.021817
-0.28034
0.075267
-0.19744
-0.083994
-0.083994
-0.17017
-0.056723
0.0087266
0.062177
0.062177
-0.022907
0.091629
-0.058905
0.069813
0.12654
0.12654
0.10472
0.19526
0.77994
0.78212
0.65995
0.65995
0.64904
-0.86284
-0.19962
-0.27816
-0.29125
-0.29125
0.10254
-0.25525
-0.92175
0.30979
-0.96429
-0.96429
-1.3341
0.6665
-0.67522
-0.20944
-1.1781
-1.1781
1.0112
-1.5348
3.579
-0.96102
-0.055632
-0.055632
1.0799
-0.43306
-0.13526
-0.030543
-0.05236
-0.05236
-0.25089
-0.10581
-0.23562
-0.25307
-0.34797
-0.34797
-0.30216
-0.19526
-0.17671
-0.11345
-0.17999
-0.17999
0.13853
-0.28143
-0.044724
0.95775
0.68722
0.68722
0.6065
0.30979
-0.47233
-0.12654
-0.0087266
0.01309
0.01309
-0.016362
-0.018544
-0.033816
-0.033816
-0.07854
0
-0.10799
-0.030543
-0.016362
-0.016362
-0.035997
-0.032725
-0.035997
-0.042542
-0.071995
-0.071995
-0.0010908
0.20071
0.33488
0.20508
-0.06545
-0.06545
-0.10799
-0.056723
-0.051269
-0.07854
-0.16471
-0.16471
-0.16471
-0.12545
-0.047996
0.058905
-0.027271
-0.027271
-0.027271
-0.020726
0.063268
0.23344
0.13744
0.13744
0.54105
0.47342
0.29343
0.60214
-0.77012
-0.77012
0.23671
-0.41015
0.29998
-0.71558
-0.20071
-0.20071
0.44288
-1.1345
0.31961
-1.2675
0.26943
0.26943
-0.95775
-0.21598
-0.75812
-1.1726
0.39597
0.39597
-0.15817
2.2253
-0.76794
-0.073085
1.1475
1.1475
0.28143
-0.37088
-0.15817
-0.087266
-0.0043633
-0.0043633
-0.18435
-0.23671
-0.25744
-0.29125
-0.31743
-0.31743
-0.21162
-0.25962
-0.18653
-0.17999
1.3864
1.3864
0.27816
0.52687
0.15926
0.15926
0.79412
0.40688
-0.17671
-0.37197
-0.064359
0.07854
0.07854
0.077449
-0.097084
-0.070904
0.006545
0.011999
-0.040361
-0.040361
-0.015272
-0.068722
-0.050178
-0.050178
-0.02618
-0.0054541
0.0098174
-0.017453
0.1898
0.1898
0.31198
0.16471
0.01309
-0.083994
-0.1669
-0.1669
0.041451
-0.16144
-0.10254
-0.12326
-0.18762
-0.18762
-0.077449
0.12545
-0.01309
0.1069
0.034906
-0.075267
0.027271
0.16799
0.16581
0.15599
0.15599
0.53996
0.47887
0.48433
0.98611
-1.0461
-1.0461
0.58905
0.19853
-0.53341
0.44069
-1.0134
0.14726
0.14726
-0.32616
-0.44833
-1.0886
0.27052
-0.81812
-0.53996
-0.16253
-0.7374
-0.78103
-0.78103
2.3126
-0.015272
-0.54105
0.67086
0.24107
0.24107
-0.22798
-0.14617
-0.010908
0.094902
-0.13744
-0.20617
-0.20617
-0.26616
-0.4167
-0.2618
-0.2618
-0.24653
-0.22253
-0.12763
0.99702
0.29452
0.29452
-0.49851
0.15817
0.6894
0.35452
0.60868
-0.68068
-0.68068
-0.029452
-0.029452
0.031634
0.2138
-0.02618
-0.045815
-0.064359
0.0021817
-0.017453
-0.017453
-0.14617
-0.042542
-0.081812
-0.056723
0.031634
-0.016362
-0.019635
-0.055632
-0.055632
0.051269
0.21707
0.20289
0.083994
-0.016362
-0.014181
-0.014181
-0.021817
-0.07963
-0.07854
-0.16471
-0.14508
-0.14508
-0.041451
-0.014181
0.10254
-0.067631
0.041451
0.041451
0.044724
-0.064359
0.10145
0.20617
0.20617
0.22362
0.23344
0.33379
0.27925
0.44397
0.44397
0.16908
-0.43088
1.3254
-0.13744
-1.2403
-1.2403
1.0766
-1.8108
0.54541
-0.25416
-0.75267
-0.75267
0.39706
-0.92611
0.24216
-1.729
-1.729
0.17671
-0.45706
0.3567
2.0638
-0.8563
0.43306
0.43306
-0.26616
0.097084
-0.16253
-0.13308
-0.010908
0.085084
0.097084
0.097084
-0.014181
-0.13199
-0.30652
-0.27052
-0.1669
-0.46469
0.25307
0.25307
0.97193
-0.48433
0.06545
0.24107
0.46033
0.46033
-0.033816
-0.28361
-0.13526
-0.028361
-0.051269
-0.051269
-0.042542
0.09272
-0.016362
-0.010908
-0.053451
-0.053451
-0.032725
-0.031634
-0.006545
-0.06654
-0.058905
-0.0043633
-0.059995
-0.042542
-0.021817
-0.028361
-0.028361
0.044724
0.11999
0.21053
0.21817
0.080721
0.080721
0.077449
-0.2138
-0.059995
-0.086175
-0.10254
-0.10254
-0.14181
-0.13744
-0.089448
0.015272
0.058905
0.058905
-0.023998
0.064359
0.0076358
0.0076358
0.13963
0.29561
0.24871
0.29234
0.29234
-0.087266
0.19962
0.34688
0.34688
-0.62504
0.1669
-0.47124
-0.27052
-0.27052
0.39924
-0.44506
-1.1955
0.16144
-0.5945
-0.48869
0.13308
-0.29234
-0.1669
-0.1669
-0.043633
1.4813
-0.94138
0.65231
0.0010908
0.0010908
-0.28252
-0.020726
-0.029452
-0.033816
0.020726
0.020726
0.044724
-0.14072
-0.12654
-0.19744
-0.26071
-0.26071
-0.21707
-0.01309
-0.10581
0.29998
0.19417
0.0087266
0.33161
0.14617
-0.14726
-0.053451
-0.080721
-0.080721
-0.0010908
-0.021817
-0.085084
-0.018544
-0.054541
-0.054541
-0.0043633
-0.07963
0.010908
0.028361
0.021817
0.021817
-0.035997
-0.061086
-0.098174
-0.06654
-0.023998
-0.023998
-0.037088
0.020726
0.070904
0.18871
0.30652
0.55305
0.19635
-0.1429
-0.049087
-0.2738
-0.2738
-0.023998
-0.10254
-0.20398
-0.28252
-0.20726
-0.10363
0.063268
0.10908
0.057814
0.018544
0.018544
0.0054541
-0.006545
-0.015272
-0.0098174
-0.017453
-0.0054541
0.0021817
0.0076358
-0.035997
-0.042542
-0.059995
-0.021817
0.019635
0.029452
0.14072
0.13635
0.12763
0.097084
0.10036
0.12326
0.057814
0.057814
0.086175
0.027271
-0.011999
-0.018544
-0.016362
-0.016362
-0.028361
-0.070904
-0.06545
-0.09272
-0.071995
-0.075267
-0.069813
-0.062177
-0.051269
-0.038179
-0.038179
-0.042542
-0.021817
-0.011999
0.0043633
0.0032725
0.01309
0.018544
0.017453
0.025089
0.025089
0.022907
0.021817
0.019635
0.023998
0.006545
0.006545
-0.0010908
-0.0076358
0.0098174
0.0021817
0.0021817
-0.015272
-0.006545
-0.016362
0.0032725
0.0032725
-0.016362
-0.010908
-0.0021817
-0.0010908
-0.0010908
-0.010908
-0.0032725
-0.0021817
-0.0054541
-0.0054541
0.0076358
0.0087266
0.006545
0.006545
0.006545
0.0043633
-0.0010908
-0.0054541
-0.0032725
-0.0032725
0.0021817
-0.0032725
0.0032725
0.011999
0.011999
-0.014181
-0.0021817
0.0021817
-0.0021817
-0.0021817
-0.006545
0.0054541
0.0087266
0.0032725
0.0032725
-0.0021817
-0.0032725
-0.0076358
-0.006545
-0.006545
0.0021817
-0.0010908
-0.006545
-0.0032725
-0.0032725
0.0087266
0
0
0.0032725
0.0032725
-0.0054541
-0.0054541
-0.0032725
-0.0076358
-0.0076358
-0.042542
0.017453
0.010908
0.0098174
0.0098174
0.0010908
0.0087266
0.0043633
0.0054541
0.0032725
0.0010908
-0.0043633
-0.0043633
0.0043633
-0.0032725
-0.0087266
-0.0032725
-0.0032725
-0.0010908
-0.0043633
0.0032725
0.0021817
0
0.0021817
0.0043633
0
0.0043633
-0.0032725
-0.0010908
-0.0010908
0.0010908
-0.0032725
-0.0010908
-0.0021817
-0.0021817
-0.0043633
-0.0021817
0.0010908
-0.0010908
-0.0054541
-0.0032725
0
0
-0.0010908
-0.0032725
0.0010908
0.0010908
-0.006545
-0.030543
0.0010908
-0.0021817
-0.0032725
0.011999
0.011999
0.0043633
0.0043633
-0.0010908
0.0021817
-0.0021817
-0.0010908
-0.0010908
-0.0054541
-0.0032725
0.0076358
0.0010908
-0.0032725
0
0
0
-0.0010908
-0.0010908
0.0010908
-0.0010908
0
-0.0021817
-0.0032725
0
-0.0021817
-0.0010908
-0.0021817
0
0.0010908
-0.0021817
-0.006545
-0.0054541
0
-0.0021817
0.0032725
0.006545
0.0010908
0.0043633
0
0
0.0032725
-0.0043633
-0.0010908
0.0021817
0
-0.0021817
-0.0021817
-0.0010908
0
-0.0010908
-0.0010908
-0.0032725
-0.0021817
0.0054541
0.0010908
0.0010908
-0.0021817
0.0021817
-0.0021817
-0.0010908
0
0
-0.0021817
0.0010908
-0.0010908
0
-0.0010908
-0.0021817
-0.0010908
0.0010908
0
0.0010908
0.0032725
0.0010908
0.0010908
-0.0010908
0
-0.0010908
-0.0021817
-0.0021817
-0.0010908
0
0.0010908
-0.0010908
-0.0021817
-0.0010908
0.0021817
-0.0010908
0.0043633
0.0021817
0
0
0
-0.0021817
0
-0.0010908
-0.0021817
-0.0010908
-0.0032725
-0.0032725
0
0.0032725
-0.0021817
-0.0010908
-0.0021817
0.0010908
0.0021817
0.0032725
-0.0010908
0
-0.0032725
0.0010908
0.0010908
0.0010908
0.0010908
0.0010908
0
-0.0021817
0.0010908
0.0032725
0.0010908
-0.0032725
-0.0032725
-0.0032725
0.0021817
0.0010908
-0.0032725
-0.0021817
-0.0010908
-0.0010908
-0.0010908
0.0043633
0
-0.0021817
0
0
0
0.0010908
0.0043633
0.0032725
-0.0010908
0
0.0010908
0.0010908
-0.0010908
-0.0043633
0.0010908
-0.0010908
0.0010908
-0.0043633
-0.0021817
-0.0021817
0
-0.0010908
-0.0010908
0.0010908
0
-0.0021817
-0.0043633
-0.0010908
-0.0010908
0.0010908
0.0032725
-0.0010908
-0.0021817
0
0
-0.0043633
0.0021817
0.0010908
-0.0021817
-0.0010908
0.0043633
0.0010908
0.0021817
0.0043633
0.0032725
0.006545
0.0087266
0.0076358
0.006545
0.01309
0.016362
-0.006545
-0.006545
0.056723
0.032725
0.028361
0.061086
0.053451
0.041451
0.05236
0.029452
0.035997
0.03927
0.028361
0.006545
-0.063268
-0.059995
-0.041451
0
-0.0032725
0.018544
0.027271
0.049087
-0.020726
-0.081812
-0.089448
-0.085084
-0.014181
-0.050178
-0.27271
-0.25744
-0.014181
-0.014181
0.017453
-0.0032725
0.12435
0.10363
0.10363
0.046906
0.091629
0.061086
0.016362
0.016362
-0.077449
-0.21162
-0.18544
-0.054541
-0.054541
-0.17453
-0.090539
0.09272
0.1669
0.1669
0.39815
0.59341
0.13963
0.13963
-0.098174
-0.077449
-0.10908
-0.20398
-0.20398
-0.014181
-0.12326
-0.12326
-0.12326
-0.13308
-0.080721
0.014181
-0.01309
0.038179
0.17562
0.1069
0.1069
0.038179
0.30434
0.30434
0.30434
0.58359
-1.8806
-0.081812
-0.081812
-0.081812
1.3504
0.58905
-0.61414
0.55959
-0.21598
1.4203
-0.40252
1.6275
-0.74831
-0.36652
-0.36652
-0.15272
-0.15272
-0.11999
-0.076358
-0.034906
-0.16471
-0.071995
0.044724
0.31961
0.4756
0.4756
0.64577
0.65886
0.62723
0.31416
0.1669
0.26507
0.26507
0.073085
0.19308
0.17344
0.069813
0.011999
-0.16035
-0.16035
-0.62832
-0.79958
-1.3581
-1.5501
-0.92611
-0.34143
-0.031634
0.1189
0.1189
0.16253
0.13853
0.19962
0.011999
-0.1429
-0.11999
-0.010908
-0.010908
-0.022907
0.049087
0.016362
0.01309
0.049087
0.01309
0.074176
0.31961
0.36215
0.22035
0.22035
-0.027271
-0.14835
-0.10799
-0.1429
-0.010908
-0.022907
-0.028361
0
0
0.037088
0.053451
0.11017
0.10799
-0.0021817
-0.028361
0.014181
0.014181
-0.029452
-0.037088
0.017453
0.054541
0.062177
0.062177
0.35997
0.38288
-2.7303
-1.0057
-0.2618
-0.2618
-0.31307
-0.60105
1.8173
0.75812
0.60105
0.60105
0.45924
0.84539
-0.37088
0.4516
0.41342
-0.077449
2.0998
0.51596
0.51596
-1.2272
-0.52578
-0.42106
-0.62832
0.23671
-0.11672
0.11454
0.11454
0.18871
0.15708
0.50614
0.31743
0.12326
0.12326
0.38288
0.1549
0.028361
-0.15162
-0.15162
-0.13744
0.098174
-0.09272
-0.12654
-0.062177
-0.90539
-0.90539
-1.3199
-0.61414
-0.30216
-0.03927
-0.040361
-0.040361
-0.049087
0.19962
0.30434
0.16908
0.07963
0.07963
-0.045815
-0.095993
-0.047996
0.016362
0.006545
0.006545
0.018544
0.023998
-0.041451
-0.050178
-0.031634
-0.011999
0.17126
0.095993
0.13199
0.13199
0.041451
0.080721
-0.067631
-0.011999
-0.0021817
-0.047996
-0.047996
0.016362
-0.037088
0.025089
-0.044724
0.056723
0.056723
-0.047996
0.062177
-0.057814
-0.0010908
0.11454
0.11454
0.1069
-0.02618
0.032725
0.17126
0.17126
0.35997
0.33052
-1.6788
-1.9144
0.56723
-0.30325
-0.30325
1.3243
0.84539
0.94684
0.73631
-1.0843
-1.0843
1.5741
-0.64686
0.91739
1.2752
-0.3447
-0.3447
1.8969
-1.0112
-1.922
-0.94357
-0.27816
-0.27816
0.16581
0.13744
0.31198
-0.30543
0.24871
0.24871
0.49742
0.26943
0.27052
0.34797
0.21598
0.15817
0.30979
0.34143
0.14835
0.14835
0.058905
0.017453
0.02618
0.015272
-0.16799
-0.70249
-0.70249
-0.92393
-1.5064
-0.97411
-0.78867
-0.067631
-0.067631
0.020726
0.077449
0.19744
0.20944
0.17999
0.021817
-0.11999
-0.14181
-0.032725
-0.015272
0.10472
0.053451
0.016362
-0.017453
-0.069813
-0.069813
0.033816
0.21817
0.17453
0.18108
0.031634
-0.011999
-0.077449
-0.058905
0.069813
0.035997
0.035997
-0.025089
-0.011999
-0.03927
0.030543
0.02618
0.02618
0.032725
-0.019635
0.043633
0.059995
0.12981
0.12981
-0.075267
-0.016362
0.067631
0.20944
0.58577
-0.6665
-2.2002
-0.23344
0.087266
0.087266
0.66759
1.0199
1.0199
0.54978
0.45706
0.45706
0.15926
0.92175
-0.20508
0.3207
0.73085
-0.59123
-0.59123
-1.2065
-0.80939
-0.63268
0.42106
0.27816
-0.22471
0.095993
0.16471
0.35561
0.31307
0.31307
0.43851
0.35125
0.089448
0.11345
0.21926
0.0010908
0.10581
0.22907
0.0021817
-0.0087266
-0.34906
-0.53669
-1.2239
-1.2239
-1.3537
-0.78212
-0.81812
-0.25416
-0.03927
0.1429
0.16471
0.2498
0.077449
0.099265
0.033816
-0.097084
-0.076358
-0.080721
0.02618
0.047996
0.018544
0.027271
-0.020726
0.031634
0.19308
0.16144
0.20071
0.10363
-0.028361
-0.11017
0.035997
-0.021817
-0.031634
-0.049087
0.035997
-0.038179
0.056723
0.042542
0.0043633
0.031634
0.010908
-0.0021817
0.17453
-0.0010908
-0.0043633
0.014181
0.45597
0.45597
0.051269
-2.2275
-1.0952
0.45051
-1.129
1.8391
0.69267
1.5053
0.20071
-0.43524
1.0505
-0.16362
0.51051
0.95229
-0.099265
0.92066
0.97847
-2.7554
-0.80721
-0.14944
0.1189
0.05236
0.29125
-0.17671
-0.11999
0.45378
0.32398
0.4156
0.50614
0.09272
0.16035
0.16035
0.10145
0.082903
0.24544
-0.037088
-0.037088
-0.10363
-0.32725
-0.93048
-1.6079
-1.0221
-0.82576
-0.36761
-0.07854
0.0098174
0.14399
0.19199
0.17999
0.10254
-0.021817
-0.059995
-0.061086
0
-0.025089
-0.01309
0.03927
0.040361
0.056723
-0.023998
0.11563
0.19962
0.17562
0.19199
0.097084
-0.12654
-0.056723
-0.061086
-0.006545
-0.014181
-0.017453
0.015272
0.11126
-0.0087266
-0.0087266
0.063268
0.0054541
0.047996
0.019635
0.019635
-0.03927
0.032725
0.13853
0.15381
0.66322
-0.79194
-2.4435
0.22144
-0.30543
1.4519
1.0865
1.0865
0.56505
0.22798
1.1835
-0.037088
-0.037088
1.057
0.56396
1.3984
-2.4162
-2.4162
-0.70031
0.037088
0.037088
0.17671
0.082903
-0.22253
0.14508
0.38833
0.29452
0.29452
0.41451
0.10799
0.10799
0.16908
0.12654
-0.058905
0.080721
0.080721
0.062177
-0.049087
-0.22362
-1.5315
-1.5315
-1.3526
-0.84757
-0.53887
-0.045815
-0.045815
0.1309
0.16908
0.16144
0.069813
0.069813
-0.030543
-0.088357
-0.051269
0.033816
0.033816
0.051269
0.016362
-0.035997
0.019635
0.019635
0.098174
0.25089
0.20835
-0.019635
-0.019635
-0.13308
0.041451
-0.030543
-0.021817
-0.021817
-0.018544
0.014181
0.027271
0.02618
0.02618
0.0054541
0.021817
0.028361
-0.042542
-0.042542
0.035997
0.085084
0.12872
-0.26507
-2.1947
-1.0134
-1.0134
0.17235
0.41997
1.2512
1.1039
1.1039
0.39488
1.2065
1.2065
0.13199
0.98283
-0.044724
-0.13963
0.3087
-2.1478
-2.1478
-0.038179
0.33052
0.33052
0.028361
-0.064359
0.26398
0.2138
0.2138
0.44615
0.27707
0.31634
0.051269
0.051269
0.27162
-0.0087266
0.10472
-0.034906
-0.034906
0.037088
-0.5116
-0.98174
-0.95556
-0.7374
-0.7374
-0.018544
0.1189
0.17017
0.21926
0.21926
0.075267
0.13308
-0.043633
-0.087266
-0.087266
-0.053451
0.022907
0.030543
0.030543
0.029452
-0.025089
-0.075267
0.1789
0.1789
0.2018
0.2258
0.094902
-0.010908
-0.038179
-0.038179
-0.018544
0.055632
0.015272
0
0
0.0043633
0.019635
0.021817
0.059995
0.059995
0
-0.03927
0.028361
0.11126
0.11126
0.29452
0.69486
-2.3126
0.040361
-0.05236
-0.5116
1.7977
0.23671
1.3494
1.3494
-0.35125
-0.3927
0.37088
0.22907
0.22907
1.5086
0.52251
1.0636
-2.6485
-0.75812
-0.75812
-0.23671
-0.30979
0.42106
-0.23671
-0.23671
0.044724
0.36215
0.18108
0.34143
0.35125
0.22471
0.18762
0.15926
0.15817
0.15817
-0.0054541
0.12545
-0.050178
-0.10799
-0.10799
-0.54759
-1.3123
-1.0134
-0.42106
-0.42106
0.018544
0.17999
0.17999
0.22362
0.22362
-0.011999
-0.070904
-0.088357
-0.028361
-0.028361
0.027271
0.011999
0.020726
-0.0098174
-0.0098174
-0.05236
0.032725
0.18326
0.24435
0.21926
0.12545
-0.095993
-0.097084
-0.049087
-0.0054541
-0.0054541
-0.016362
-0.028361
-0.0010908
-0.0021817
0.033816
0.058905
0.023998
-0.0021817
0.0043633
0.0043633
0.12763
-0.037088
0.0021817
0.061086
0.067631
0.067631
0.68722
-0.34143
-0.49196
-0.49196
0.15381
0.72213
1.4159
0.28361
0.16253
0.16253
0.20617
0.25089
1.1574
0.19962
0.45269
-0.068722
-0.068722
2.1784
-1.7453
-1.3308
-0.57814
-0.57814
-0.45378
-0.097084
0.47451
-0.13308
-0.057814
0.34688
0.34688
0.31525
0.19744
0.32725
0.36434
0.24544
0.17562
0.11017
0.037088
0.05236
0.05236
-0.020726
0.14617
0.075267
-0.1189
-0.51923
-0.51923
-1.1465
-1.0952
-0.92938
-0.70467
-0.13635
0.014181
0.014181
0.16035
0.18762
0.2258
0.12545
0.10363
0.10363
-0.056723
-0.025089
-0.069813
-0.019635
-0.044724
-0.044724
0.025089
-0.016362
0.034906
-0.0043633
-0.0043633
-0.05236
0.17671
0.17562
0.17671
0.12435
0.0043633
0.0043633
-0.11126
0.032725
-0.029452
-0.03927
-0.0043633
-0.0043633
-0.022907
0.025089
-0.0021817
0.051269
0.0010908
0.0010908
-0.0098174
-0.0043633
-0.0087266
0.11345
0.014181
0.032725
0.051269
0.093811
0.52032
0.52032
0.11781
-2.1806
-0.74176
0.12763
0.094902
0.28907
0.28907
1.1159
1.5522
0.17344
0.011999
-0.28034
0.88793
0.11999
0.36106
0.78649
0.78649
-0.18108
1.6155
-3.0238
-1.0963
0.049087
-0.10363
-0.10363
-0.098174
0.25962
-0.1898
0.070904
0.26943
0.26943
0.25634
0.2738
0.43742
0.44615
0.2618
0.2618
-0.017453
-0.017453
0.13308
0.07854
0.17017
-0.076358
-0.31307
-0.61523
-1.4584
-1.4584
-0.77231
-0.84103
-0.25634
0.031634
0.13744
0.093811
0.093811
0.24871
0.10908
0.063268
-0.02618
-0.05236
-0.05236
-0.019635
-0.010908
-0.070904
0.021817
0.0098174
0.025089
0.0032725
0.044724
0.055632
0.23562
0.23562
0.11781
0.19853
0.1549
-0.077449
-0.093811
-0.093811
-0.090539
-0.056723
0.023998
-0.028361
0.011999
0.011999
-0.0021817
0.033816
0.049087
0.016362
0.03927
-0.0087266
0.010908
0.15708
-0.05236
0.01309
0.018544
0.15926
0.66104
0.66104
-0.19417
-2.7445
0.31961
0.19089
0.099265
1.7519
0.44724
0.67304
-0.13963
-0.037088
-0.027271
0.82139
0.82139
0.0032725
0.78103
0.32507
0.66213
-0.99483
-0.99483
-1.6537
-0.13308
-0.38179
-0.28252
0.26725
-0.017453
-0.017453
-0.068722
0.4276
0.21489
0.020726
0.42324
0.38833
0.3807
0.23562
0.12981
0.12981
0.1549
-0.080721
-0.033816
0.1789
0.037088
-0.11017
-0.44288
-1.1356
-1.1737
-1.1268
-1.1268
-0.33052
0.0054541
0.028361
0.13199
0.20617
0.13744
0.07854
0.043633
-0.038179
-0.019635
-0.11999
-0.11999
0.0076358
0.0021817
0.025089
0.057814
-0.0043633
-0.0043633
-0.031634
0.23889
0.19417
0.16144
0.16362
-0.010908
-0.1189
-0.03927
-0.046906
-0.030543
-0.034906
0.022907
0.0098174
0.0098174
0.006545
0.06545
0.034906
0.044724
-0.034906
0.0021817
0.11672
-0.006545
-0.010908
0.075267
0.10036
0.37306
0.47669
-1.8555
-1.2174
0.37634
-0.31634
1.1159
0.5945
1.1497
0.40033
-0.97411
0.76903
-0.27816
1.1017
0.24107
-0.19417
1.6286
0.16908
-1.85
-1.1126
-0.21162
-0.1309
0.18762
0.059995
-0.29016
0.29343
0.27052
0.18326
0.32398
0.36434
0.19744
0.29561
0.32288
0.10254
-0.028361
0.17017
0.040361
0.023998
-0.075267
-0.38615
-1.0581
-1.2457
-0.66868
-0.72867
-0.071995
0.0054541
0.12981
0.21162
0.18653
0.085084
0.10145
-0.043633
-0.061086
-0.087266
-0.049087
0.044724
0.070904
-0.0076358
-0.0032725
-0.041451
-0.046906
0.11236
0.23562
0.16144
0.11017
0.083994
-0.047996
-0.0087266
-0.030543
-0.029452
-0.01309
-0.0098174
0.010908
-0.021817
0.047996
0.056723
-0.037088
-0.0021817
0.011999
0.033816
0.15708
0.0076358
-0.03927
0.11345
0.054541
0.69049
-0.19635
-0.14726
-0.14726
-0.071995
0.0054541
1.3592
1.3592
0.8803
0.061086
-0.60759
-0.10581
-0.10581
1.1017
0.53014
0.0010908
-2.7053
-0.91084
-0.91084
0.082903
-0.25198
0.29125
0.29125
-0.2498
0.10145
0.43633
0.34688
0.34688
0.33816
0.26289
0.41997
0.26071
0.26071
0.1189
0.25525
0.25525
-0.25307
-0.25307
-0.51705
-1.1312
-1.4508
-0.44506
-0.44506
-0.020726
0.01309
0.12872
0.12763
0.12763
0.090539
0.15381
-0.022907
-0.087266
-0.087266
-0.062177
0.05236
0.097084
0.01309
0.01309
-0.033816
-0.045815
0.15162
0.11999
0.11999
0.080721
-0.075267
0.0010908
0.0032725
0.0032725
-0.025089
0.037088
-0.0087266
0.055632
0.055632
0.018544
0.035997
-0.028361
0.0076358
0.0076358
0.06545
0.018544
0.077449
0.02618
0.02618
0.36761
0.54978
-2.5154
0.12545
0.12545
-0.12435
1.4203
0.87812
0.23998
0.23998
-0.84321
1.1857
0.23126
1.0254
1.0254
0.55196
0.20508
0.23453
-1.9471
-0.78758
0.0076358
0.0076358
-0.053451
0.34361
-0.26507
-0.26507
0.22907
0.31525
0.2378
0.39924
0.36652
0.23235
0.28034
0.30325
0.1898
-0.043633
0.33379
0.33379
-0.041451
-0.15817
-0.098174
-0.27925
-0.85848
-0.85848
-1.3221
-0.92066
-0.37197
-0.37197
-0.059995
0.13308
0.19962
0.16035
0.11454
0.10581
0.10581
-0.03927
-0.089448
-0.062177
-0.019635
-0.019635
0.071995
-0.0098174
0.046906
-0.016362
-0.022907
-0.022907
0.07854
0.15708
0.13526
0.17999
0.082903
0.082903
-0.045815
-0.054541
-0.021817
-0.021817
-0.027271
0.018544
-0.016362
0.057814
-0.020726
-0.020726
0.025089
-0.031634
0.044724
0.042542
0.058905
0.058905
-0.016362
0.17562
0.2967
0.31852
0.31852
-1.8959
-1.6886
0.0098174
-0.045815
0.33707
0.33707
1.4803
0.81267
0.4167
-0.43088
-0.43088
0.86612
0.23453
0.20398
-0.22907
1.5141
1.5141
0.51487
-3.2136
-0.68722
0.40906
0.07854
0.07854
-0.07854
0.077449
-0.14944
-0.017453
0.14072
0.14072
0.091629
0.062177
0.045815
-0.1069
-0.022907
-0.022907
0.10363
0.15926
0.25962
0.30652
0.29343
0.29343
0.094902
0.049087
-0.063268
-0.061086
-0.080721
-0.030543
-0.030543
-0.014181
-0.09272
-0.23016
-0.22144
-0.055632
0.033816
-0.067631
-0.2618
-0.2618
-0.47233
-0.15817
0.028361
-0.006545
0.040361
0.040361
-0.02618
-0.0098174
0.0087266
-0.011999
0.050178
0.045815
0.032725
0.027271
-0.0098174
-0.006545
-0.006545
-0.01309
0.014181
0.030543
-0.0076358
0.01309
0.011999
0.020726
0.02618
0
-0.017453
-0.0087266
0.01309
-0.010908
-0.0076358
-0.035997
-0.043633
-0.027271
-0.011999
-0.032725
-0.014181
-0.049087
-0.017453
0.0010908
0.019635
0.016362
0.014181
0.0010908
0.0010908
0.0010908
0.011999
-0.0021817
-0.0010908
0.0054541
0.0043633
0.014181
0.0087266
0.011999
0.011999
0
-0.0076358
-0.006545
-0.006545
-0.006545
-0.037088
-0.0087266
0.0076358
0.0043633
-0.0021817
0.01309
0.015272
0.006545
-0.0032725
-0.0043633
-0.011999
-0.014181
0
0.011999
0.0043633
-0.0021817
0.0043633
-0.0032725
0.006545
0.014181
-0.0021817
-0.015272
-0.014181
0
0.0010908
-0.006545
0.0076358
0.006545
0.0010908
0.0032725
0
-0.0043633
-0.0021817
-0.0010908
-0.0010908
-0.006545
0.0021817
0.0043633
-0.0010908
-0.0010908
0.0010908
-0.0010908
-0.0010908
-0.0043633
-0.0054541
-0.006545
0.0010908
0.0010908
0.0010908
0.0010908
0
-0.0021817
-0.0021817
0.0021817
0.0032725
-0.0010908
-0.0010908
0.0032725
0
-0.0010908
0.0021817
-0.0021817
-0.0010908
0
-0.0010908
0
0.0010908
-0.0021817
-0.0010908
-0.0043633
0
0.0021817
0
-0.0021817
0.0010908
0.0021817
-0.0010908
-0.0021817
-0.0043633
-0.0021817
0.0021817
-0.0010908
-0.0032725
-0.0054541
0.0010908
-0.0010908
0.0032725
-0.0032725
-0.0021817
0.0021817
0.0021817
0.0010908
0.0032725
-0.0010908
0.0021817
-0.0032725
-0.0054541
0.0021817
-0.0021817
-0.0010908
0
-0.0010908
0
0.0054541
0
0.0032725
0
0.0021817
0.0021817
0.0098174
0.0054541
-0.0076358
-0.006545
0.0010908
0
-0.0032725
-0.0010908
0.0021817
0.0032725
0
-0.0021817
-0.0032725
0.0032725
0
-0.0043633
0.0076358
0.0021817
-0.0032725
0
-0.0010908
0
0
0.0010908
-0.0021817
-0.0021817
0
-0.0010908
-0.0010908
-0.0021817
-0.0032725
0.0010908
0.0010908
0.0021817
0.0021817
0.0010908
0.0010908
0.0098174
0.0098174
0.0054541
0.0054541
0.0032725
0.01309
0.047996
0.054541
-0.038179
0.057814
-0.027271
0.010908
0.0032725
0.0010908
-0.0021817
0.0043633
0.0021817
0.0021817
0.0098174
-0.028361
-0.020726
0.010908
0.0087266
-0.0032725
0.0098174
0.028361
0.022907
0
0
0.0032725
0.029452
0.083994
0.031634
0.022907
-0.015272
-0.018544
0.034906
-0.010908
-0.18544
-0.18544
-0.25634
-0.15708
0.059995
0.19962
0.11017
0.11017
0.15708
0.081812
0.058905
0.040361
0.082903
0.082903
0.053451
-0.030543
-0.11236
-0.18762
-0.19308
-0.19308
-0.13635
-0.041451
-0.14508
-0.17453
-0.21598
-0.21598
-0.18326
0.21162
0.35016
0.53887
0.4276
0.4276
-0.12217
-0.23126
-0.12217
0.086175
0.088357
0.088357
-0.24107
-0.15599
-0.12217
-0.14617
-0.11563
-0.11563
-0.085084
0.035997
0.01309
0.19089
0.22907
0.22907
0.09272
0.27162
-0.0043633
0.0032725
-0.030543
-0.030543
0.15053
0.39597
-0.17344
-2.9376
0.2258
0.11563
0.11563
-0.79849
-0.038179
0.83666
0.32179
0.35125
-0.14835
-0.83994
0.76576
-1.3821
-1.3821
0.71995
-0.55305
3.4906
-1.0505
0.10908
-0.011999
-0.011999
0.090539
-0.076358
-0.01309
0.090539
-0.2738
0.14508
0.068722
0.06654
0.016362
0.016362
0.24107
-0.39161
-0.22471
-0.24107
-0.13744
-0.13744
0.22907
0.12763
-0.054541
-0.028361
0.20726
0.27271
0.27271
-0.11345
-0.34252
-0.19417
0.021817
-0.034906
-0.034906
0.011999
-0.080721
0.016362
0.016362
-0.044724
-0.068722
0.043633
0.13635
0.057814
-0.05236
-0.05236
-0.12763
-0.044724
-0.018544
0.062177
0.069813
0.2138
0.63813
0.64795
0.64795
0
-0.65886
-0.45924
0.059995
0.030543
0.030543
0.056723
-0.049087
0.0032725
0.032725
0.045815
0.023998
0.023998
0.083994
0.043633
-0.033816
-0.025089
0.22471
0.11017
0.11017
0.044724
0.0032725
0.12326
0.12435
0.51705
-2.4751
-1.4508
-0.67958
-0.67958
-0.88902
0.2858
0.37743
-0.47233
-0.088357
-0.96211
-0.96211
-0.89011
-0.064359
-0.35234
0.093811
0.033816
0.31089
3.7404
-0.71776
-0.71776
1.2861
0.91957
-0.51814
-0.017453
-0.11345
0.19744
0.19744
-0.28907
-0.28034
0.4516
-0.2138
-0.18326
-0.18435
-0.18435
-0.076358
-0.075267
0.26616
0.087266
0.041451
0.041451
0.1429
0.018544
0.26289
0.38397
1.0908
-0.28689
-0.28689
-0.18326
-0.10799
-0.093811
-0.014181
0.025089
-0.021817
0.12872
-0.095993
-0.095993
-0.095993
-0.031634
-0.037088
0.038179
0.14072
0.14072
-0.0032725
-0.015272
-0.10799
-0.061086
-0.07963
0.11017
0.11017
0.1429
0.11017
0.31852
0.10799
-0.13853
-0.13853
-0.28143
-0.13963
0.13963
0.030543
-0.018544
-0.018544
-0.10472
0.0021817
-0.028361
0.037088
0.10581
0.10581
0.067631
-0.02618
-0.022907
0.17344
0.17671
0.17671
0.064359
0.099265
0.22035
0.22144
0.17126
0.17126
-2.5689
-0.91411
0.20944
-1.4683
0.96756
0.96756
-0.29234
-0.099265
0.6774
-0.87157
-0.57814
-0.57814
-0.4156
0.23889
-0.13853
-1.1519
0.68395
0.68395
0.51378
1.8064
1.0243
0.68286
0.68286
-0.1309
-0.0087266
0.1669
0.42106
-1.3079
-1.3079
1.4508
-1.0079
-0.098174
0.13199
0.0076358
0.0076358
0.01309
-0.089448
0.10145
-0.0087266
0.098174
0.098174
-0.021817
0.1069
0.31525
1.0396
-0.45487
-0.45487
-0.20289
-0.21053
-0.0054541
-0.018544
0.011999
0.011999
-0.022907
0.0032725
0.088357
-0.059995
-0.0010908
-0.0010908
-0.050178
-0.015272
-0.059995
0.081812
0.056723
0.056723
-0.083994
-0.17671
-0.014181
0.053451
0.20835
0.20835
0.085084
0.2978
0.18544
-0.067631
-0.17235
-0.17235
-0.27052
0.027271
0.022907
0.13635
-0.097084
-0.097084
-0.044724
-0.037088
0.14072
0.033816
0.035997
0.035997
-0.0010908
-0.028361
0.30979
0.11345
0.11345
0.055632
0.035997
0.22253
0.38943
-1.0876
-1.0876
-1.9591
-0.55632
-0.6065
0.049087
-0.11781
-0.11781
1.2403
-0.54323
0.44288
-0.35779
-1.3984
-1.3984
1.4192
-1.2654
-0.42869
-0.22689
-0.70904
-0.70904
3.6325
-0.78758
1.3232
-0.93157
-0.93157
0.58577
-0.25634
0.16362
-0.063268
-0.086175
-0.086175
0.16253
-0.22689
-0.11781
-0.11563
-0.13199
-0.13199
0.018544
0.077449
0.020726
0.059995
-0.03927
-0.03927
0.081812
0.070904
0.63377
0.66431
-0.52578
-0.52578
-0.12435
-0.14835
-0.063268
-0.006545
-0.045815
-0.045815
0.083994
-0.028361
0.041451
-0.016362
0.015272
0.015272
-0.031634
-0.073085
-0.027271
-0.014181
0.0087266
0.0087266
-0.09272
-0.09272
0.10363
0.14399
0.16908
0.16908
0.25416
0.068722
-0.083994
-0.28143
-0.099265
-0.099265
0.13417
-0.020726
-0.027271
-0.028361
-0.094902
-0.094902
0.087266
0.10799
0.074176
0.0043633
-0.010908
-0.010908
-0.018544
0.22689
0.075267
0.07854
0.07854
0.081812
0.2967
0.16362
-2.798
-0.60214
-0.60214
-0.36325
-0.7614
0.54214
0.14181
0.14181
-0.25853
-0.11454
-0.7494
0.57705
-0.46687
-0.46687
-0.88248
0.57487
-2.0355
3.0063
0.3807
0.3807
0.24653
2.15
-0.95665
0.53014
0.16144
0.16144
0.0021817
0.14181
-1.4617
1.3919
-1.0101
-1.0101
0.019635
-0.031634
-0.25198
0.14399
0.14399
-0.063268
0.20398
0.011999
0.027271
0.19526
0.19526
0.29125
0.80612
1.1356
-0.60214
-0.11126
-0.11126
-0.14726
-0.11126
-0.069813
-0.0054541
-0.064359
-0.064359
0.1069
0.075267
0.0098174
-0.020726
-0.12217
-0.12217
-0.042542
0.01309
-0.023998
-0.053451
-0.038179
-0.038179
-0.057814
0.073085
0.14399
0.1309
0.20071
0.20071
0.19853
-0.094902
-0.2138
-0.10908
-0.028361
-0.028361
0.029452
0.097084
-0.062177
-0.13526
0.010908
0.010908
0.057814
0.18108
0.12545
0.029452
-0.035997
-0.035997
-0.033816
0.17344
0.1189
0.046906
0.071995
0.071995
0.18217
0.45706
0.021817
-3.3227
0.32179
0.32179
-0.52469
-0.75485
0.65995
-0.12872
0.41342
-0.86066
-0.51814
-0.95665
0.86503
-0.98174
-0.98174
-0.69049
-0.8683
1.3624
1.8577
-0.80285
-0.80285
2.3376
-0.18544
-0.40361
0.89557
-0.55741
-0.55741
0.39488
-0.79085
0.017453
0.25744
-0.39052
-0.39052
-0.019635
-0.34688
-0.3927
-0.067631
0.0021817
0.0021817
0.12217
0.13853
0.10472
0.16471
0.25307
0.25307
0.59232
1.1268
0.69377
0.67413
-0.56068
-0.56068
-0.021817
-0.081812
-0.1189
-0.080721
-0.035997
-0.035997
-0.025089
0.010908
0.085084
0.05236
-0.12435
-0.12435
-0.11236
-0.023998
-0.023998
-0.029452
-0.030543
-0.030543
0.022907
0.18435
0.11236
0.46469
0
0
0.018544
-0.23016
-0.10472
-0.13853
0.21162
0.21162
-0.19089
-0.077449
-0.0010908
-0.059995
-0.0087266
-0.0087266
0.053451
0.14072
0.12545
0.083994
-0.022907
-0.022907
0.1309
0.1898
0.068722
0.041451
-0.037088
-0.037088
0.19308
0.47778
0.47015
-2.9376
-0.19853
-0.19853
-0.25525
-0.47124
-0.27162
-0.25634
0.34034
0.34034
-0.39924
-1.2392
0.47015
-0.86503
-2.1217
-2.1217
-0.41451
1.9591
-0.061086
1.862
0.95993
0.95993
0.06545
-0.082903
0.88466
-0.44942
0.46796
0.46796
-0.36652
-1.0941
0.29343
-0.36761
-0.86175
-0.86175
0.07854
-0.70249
-0.047996
-0.11999
0.06545
0.06545
0.069813
0.11017
0.059995
0.24653
0.21598
0.21598
0.51923
0.85194
1.2545
1.129
0.5465
0.5465
-0.34797
-0.043633
-0.22907
-0.18544
-0.088357
-0.088357
-0.020726
0.025089
0.049087
-0.11672
-0.017453
-0.017453
-0.11672
-0.11672
0.023998
0.10036
0.10036
0.10036
0.22362
0.6185
0.85957
-0.040361
-0.39052
-0.39052
-0.82248
-0.40033
-0.1429
-0.12763
0.21053
0.21053
0.11781
-0.037088
-0.19853
-0.24871
0.10036
0.10036
0.19199
0.30107
0.13963
0.027271
0.36761
0.36761
0.10036
-0.070904
0.031634
0.03927
0.14726
0.14726
0.41233
0.56505
-1.861
-0.83885
0.13963
0.13963
-1.1792
-0.0087266
0.25089
-0.20508
-1.2599
-1.2599
-0.91739
-0.66104
-0.22471
-2.006
3.7066
3.7066
-0.33052
2.8514
-0.15053
0.48542
-0.19417
-0.19417
0.11781
-0.13744
-0.22907
-0.22798
-0.78867
-0.78867
-0.041451
-1.2446
-0.30216
-0.36761
-0.5705
-0.5705
-0.25198
-0.006545
-0.16253
0.06545
0.034906
0.034906
0.10799
0.28143
0.50942
0.77667
0.97193
0.97193
1.2097
0.80721
0.40688
-0.62177
-0.087266
-0.087266
-0.067631
-0.025089
-0.038179
-0.044724
0.030543
0.030543
-0.0087266
0.070904
0.12654
0.021817
0.18108
0.18108
0.055632
0.13308
0.037088
-0.21926
0.051269
0.051269
0.19962
0.42215
0.65777
0.21053
-0.61304
-0.61304
-0.17235
-0.30652
-0.25744
-0.33925
-0.10254
-0.10254
0.087266
-0.14181
-0.17453
0.023998
0.15817
0.15817
0.18544
0.13199
0.057814
0.23453
0.14072
0.14072
0.021817
-0.011999
-0.041451
0.31525
0.37306
0.37306
0.61741
-2.6234
-1.4159
0.17453
-1.4148
-1.4148
0.13417
0.057814
-0.59995
-0.83121
-1.0483
-1.0483
-0.021817
-0.9152
-0.93157
2.7707
-0.31307
-0.31307
3.2398
0.63159
0.42869
0.26071
-0.13963
-0.13963
-0.1898
0.19089
-0.32179
-0.19308
-0.24544
-0.24544
-0.99265
-0.39379
-0.48869
-0.046906
-0.19853
-0.089448
-0.089448
0.098174
-0.1549
-0.062177
-0.057814
0.37634
0.37634
0.5945
0.75922
1.0603
1.0603
0.34034
0.34034
-0.62395
-0.1429
-0.11781
-0.035997
-0.035997
0
0.023998
0.093811
-0.050178
-0.049087
-0.0032725
-0.0032725
0.020726
0.24653
0.31198
0.16253
0.11454
0.11454
-0.16908
-0.29452
0.28689
0.22798
0.59341
0.59341
0.37306
0.3207
-0.39488
-0.38506
-0.05236
-0.05236
-0.26507
-0.49524
-0.17453
-0.0021817
-0.36215
-0.36215
-0.023998
0.028361
0.20071
0.12872
0.055632
0.040361
0.040361
0.11345
0.3447
0.046906
0.089448
0.089448
-0.041451
0.13526
0.2967
0.67304
-1.9504
-1.8173
-1.8173
-0.7254
-1.0276
-0.76467
0.29016
0.31743
0.31743
-0.43306
-1.6471
0.077449
-1.4453
-0.63159
1.7726
1.5653
1.5217
1.754
1.754
-0.069813
0.94466
0.085084
-0.12763
0.3447
0.3447
-0.36761
0.020726
-1.225
0.32834
-0.30761
-0.94793
-0.94793
-0.056723
-0.16581
-0.29561
-0.35125
0.064359
0.06545
0.006545
0.26398
0.7854
0.7854
0.85521
1.0254
1.0439
-0.57377
0.44833
-0.26616
-0.26616
-0.068722
-0.085084
-0.10363
-0.13853
0.016362
-0.015272
-0.015272
-0.035997
0.023998
0.032725
0.059995
0.19635
0.19635
0.34034
0.064359
-0.034906
-0.034906
-0.034906
0.61523
0.96756
0.76685
0.65231
-0.069813
-0.63377
-0.63377
-0.51705
-0.29889
-0.12654
-0.29998
-0.47342
-0.47342
-0.16908
-0.41888
-0.25089
-0.054541
0.014181
0.014181
0.027271
-0.05236
0.017453
0.0021817
0.035997
0.049087
0.0032725
0.0043633
-0.0021817
-0.0032725
-0.0032725
-0.025089
-0.006545
-0.02618
0.0021817
-0.069813
-0.069813
0.029452
-0.0054541
0.030543
0.031634
0.027271
0.027271
0.011999
0.030543
0.034906
-0.019635
0.056723
0.056723
0.047996
-0.037088
-0.037088
-0.033816
-0.071995
-0.044724
-0.10036
-0.050178
-0.10908
-0.040361
-0.015272
-0.025089
-0.033816
0.020726
-0.014181
0.022907
-0.0032725
-0.019635
0.014181
0
0.020726
-0.010908
0.0021817
0.014181
0.028361
0.034906
0.021817
0.032725
0.043633
0.042542
0.015272
0.0054541
0.0076358
0.018544
-0.0032725
-0.0032725
-0.0076358
-0.021817
-0.02618
-0.033816
-0.032725
-0.017453
-0.020726
-0.017453
-0.017453
-0.010908
-0.0087266
-0.0043633
-0.011999
-0.018544
-0.006545
-0.0021817
0.0021817
-0.0010908
-0.0043633
0.006545
0.006545
0.006545
0.0076358
-0.0076358
-0.0043633
-0.015272
0.015272
0.020726
0.017453
0.0054541
-0.006545
-0.0010908
0.0043633
-0.0098174
-0.0076358
-0.0076358
-0.0021817
0.0098174
-0.0076358
-0.006545
-0.006545
0
-0.0010908
-0.0010908
0
0
0.0054541
0.0032725
-0.006545
0
0
0.0087266
-0.0043633
-0.0043633
-0.0087266
-0.0087266
-0.0076358
0.0010908
0.0054541
-0.0010908
-0.0010908
-0.0021817
0.0021817
-0.0032725
-0.0021817
-0.0021817
0.0021817
0.011999
0.0098174
0.0087266
0.0087266
-0.0010908
-0.0021817
-0.006545
0
0
-0.0010908
-0.0054541
0
-0.0010908
-0.0010908
-0.0021817
-0.0054541
0.0010908
0.0021817
0.0021817
0.0043633
0.0087266
-0.0021817
-0.0010908
-0.0010908
0
0
0.0010908
-0.0010908
0.0043633
0
-0.0010908
0.0021817
0.0021817
0.0021817
0
0
-0.0021817
0.0043633
0.0043633
-0.0043633
0.0021817
0.0021817
0.0021817
0.0021817
-0.0010908
0
0.0010908
0.0032725
-0.0010908
-0.0021817
0
0.0032725
-0.0010908
-0.0010908
-0.0076358
-0.0032725
-0.0043633
-0.0032725
-0.0021817
0.0043633
-0.0021817
-0.0032725
0.0010908
0.0010908
-0.0010908
-0.0010908
0.006545
0.0021817
-0.0010908
-0.0010908
0.0010908
0.0010908
-0.0010908
-0.0021817
-0.0010908
-0.0032725
0.0032725
0
0
0
0
-0.0010908
0.0010908
-0.0010908
0.0010908
0.0032725
0.0043633
0.0010908
0.0021817
0.0043633
0
0.0054541
0
-0.0032725
0.006545
-0.0032725
0
0.0054541
0.0021817
-0.0021817
0.0032725
0
-0.0021817
0.0087266
0.006545
0.0021817
0.0043633
-0.0010908
0.0021817
-0.0043633
-0.0054541
-0.0010908
0.0032725
0.0010908
-0.0054541
0
-0.0010908
-0.0032725
-0.0043633
-0.0021817
0
0
0.0021817
0
0
-0.0010908
-0.0010908
0.0021817
-0.0032725
-0.0032725
-0.0021817
0
-0.0054541
0
-0.0076358
-0.0043633
0.0010908
-0.0076358
-0.0054541
-0.0021817
-0.0032725
0.0032725
0.0032725
-0.0032725
-0.0043633
-0.0010908
0.0021817
-0.0032725
0
-0.0043633
-0.0054541
-0.0010908
-0.0054541
-0.0021817
-0.0032725
-0.0054541
0
-0.0010908
-0.0010908
-0.0010908
0.0054541
-0.0021817
0.0021817
0.0032725
0.0010908
0
0.0010908
0.0032725
-0.0021817
0.0021817
0
-0.0010908
-0.0054541
0.0010908
-0.0021817
0.0021817
0.0021817
0.0021817
0.0021817
0.0021817
0.0010908
-0.0021817
-0.0010908
0
-0.0021817
0.0010908
-0.0010908
0
0
0
-0.0032725
0
0
0.0021817
0.0021817
0.0021817
0.0021817
0.0021817
-0.0032725
-0.0010908
0
-0.0010908
0.0010908
0
-0.0010908
0.0010908
0.0021817
0.0032725
0.0043633
-0.0021817
-0.0010908
-0.0021817
0
0
0.0021817
0
-0.0043633
0
-0.0010908
-0.0010908
-0.0032725
-0.0010908
-0.0010908
-0.0032725
0.0010908
-0.0021817
0
0.0021817
0.0021817
-0.0010908
0
0
-0.0010908
-0.0021817
-0.0054541
-0.0021817
-0.0010908
-0.0054541
-0.0021817
-0.0021817
-0.0021817
-0.0010908
0.0021817
0.0021817
0.0010908
-0.0021817
0.0010908
0.0021817
0
0.0032725
0
0.0021817
-0.0076358
0
-0.0021817
-0.0076358
-0.0032725
0.0010908
0.0010908
-0.0010908
-0.0032725
0.0032725
0.0010908
0.0021817
0.0021817
0.0021817
0.0032725
0.0010908
0
0.0021817
-0.0021817
0
0.0032725
-0.0010908
-0.0021817
0
0.0043633
-0.0021817
-0.0032725
0.0010908
0.0032725
0.0032725
0
0.0010908
0.0021817
-0.0010908
0.0021817
0.0032725
0.0010908
0.0021817
0.0010908
-0.0021817
0
0.0021817
-0.0054541
0.0021817
0.0010908
-0.0010908
0
0.0010908
-0.0032725
0
-0.0010908
-0.0021817
0.0021817
-0.0010908
-0.0010908
0.0021817
0.0010908
-0.0021817
0.0021817
0.0010908
0
-0.0010908
0.0043633
0.0010908
-0.0010908
0.0010908
0.0043633
-0.0010908
-0.0021817
0
0.0021817
-0.0043633
-0.0010908
-0.0043633
0
0.0010908
0.0010908
0.0021817
-0.0010908
0.0043633
0.0032725
0
-0.0032725
0.0010908
-0.0010908
-0.0010908
-0.0043633
-0.0032725
-0.0010908
0.0043633
-0.0010908
-0.0010908
0.0010908
-0.0010908
-0.0021817
-0.0032725
-0.0087266
-0.0043633
0.0010908
-0.0032725
-0.010908
-0.038179
-0.038179
-0.0032725
-0.010908
-0.0054541
-0.017453
0.010908
-0.014181
-0.0010908
0.0032725
-0.0087266
0.0098174
0.006545
0.006545
-0.0010908
-0.006545
0.020726
0.02618
0.02618
-0.006545
-0.019635
0.040361
0.040361
-0.031634
0.061086
0.028361
0.14181
0.14181
0.48215
0.6654
0.46469
0.68286
0.69922
0.69922
0.85521
-0.86721
-0.24107
-0.6425
-0.20289
-0.20289
1.3068
-1.4181
2.0409
-0.74067
1.4737
1.4737
-0.33707
-0.080721
-0.40033
-0.37197
-0.25307
-0.25307
-2.2057
-1.4224
0.067631
-0.20617
0.29889
0.29889
0.30652
-0.15381
0.05236
-0.022907
-0.06654
-0.06654
-0.16035
-0.20071
-0.17344
-0.027271
-0.13963
-0.13963
0.063268
0.083994
0.24762
0.21162
0.47451
0.47451
0.19089
-0.034906
-0.090539
-0.090539
-0.19853
-0.15817
-0.30652
-0.28361
-0.13308
-0.1069
-0.1069
-0.099265
0.020726
0.14181
0.24107
0.10581
0.10581
-0.10145
-0.17126
-0.049087
-0.029452
0.02618
0.22798
0.44615
0.34361
-0.016362
-0.041451
-0.041451
0.06654
-0.11999
0.0021817
-0.011999
-0.16035
-0.16035
-0.15381
-0.093811
-0.064359
0.23344
-0.13308
0.053451
0.053451
0.10581
0.028361
-0.025089
-0.043633
0.015272
0.059995
0.054541
0.0010908
0.0010908
-0.0076358
0.055632
0.05236
0.11126
0.081812
0.031634
0.031634
0.09272
0.14181
0.68831
-1.1715
-0.61959
-0.61959
1.7399
1.1497
1.2621
0.77667
0.070904
-0.53778
0.59777
-0.85848
-0.73958
-0.73958
-0.3447
-0.84103
-0.22689
0.10472
-0.13526
-0.13526
-0.010908
-0.057814
-0.14617
-0.43742
-0.44069
-0.44069
0.15162
0.063268
-0.014181
0.73085
0.68395
0.68395
0.093811
0.18871
0.25416
0.43197
0.2138
0.2138
0.085084
0.35125
-0.17999
-0.12654
-0.12654
0.20944
-0.24871
-0.019635
-0.82466
-0.94902
-0.53778
-0.53778
-0.56941
-0.42324
-0.049087
-0.049087
-0.030543
0.023998
0.080721
0.15162
0.03927
-0.12654
-0.12654
-0.095993
0.038179
0.056723
0.26943
0.65668
0.65668
0.63268
-1.1006
-0.098174
-0.79849
-0.1778
-0.1778
0.19417
0.12217
0.23671
0.37088
0.37088
0.3687
-0.34688
-0.0076358
0.13853
0.16908
0.18871
0.18871
0.053451
0.053451
0.061086
0.068722
0.068722
0.073085
0.063268
-0.030543
0.006545
0.085084
0.085084
0.029452
0.05236
-0.050178
0.2258
0.17999
0.17999
-0.34252
-0.59668
-0.83448
1.9722
-0.57159
-0.57159
1.8991
0.52796
-0.31416
1.7868
-1.6897
-1.6897
-0.20617
0.24435
-0.58032
0.11781
0.29234
0.29234
-0.031634
-0.44397
0.082903
0.16362
-0.57596
-0.57596
-0.86503
-0.091629
0.27052
0.023998
0.11999
0.11999
0.8083
0.42542
0.21053
0.25416
0.6065
0.6065
0.49196
-0.11563
0.7494
-0.23126
0.29889
0.29889
0.03927
0.086175
-0.034906
-0.37852
-1.1661
-1.1661
-1.1279
-0.28471
-0.010908
-0.35779
-0.25853
-0.25853
-0.19853
-0.047996
-0.018544
-0.018544
0.11236
0.11236
0.018544
0.18217
0.58468
-0.027271
-0.2858
-0.2858
-0.070904
-0.45597
-0.39706
-0.67958
-0.65122
-0.65122
-0.53014
-0.093811
0.043633
1.177
0.54105
0.54105
0.89666
0.085084
-0.020726
0.028361
0.25962
0.25962
0.22471
-0.074176
0.11454
0.077449
0.025089
0.025089
-0.041451
0.06545
0.074176
0.073085
-0.0043633
-0.0043633
-0.10036
0.029452
0.19089
0.49305
0.15381
0.15381
-0.55087
0.30543
-0.70686
0.78649
0.51814
0.51814
0.20398
0.95665
0.031634
-0.23453
-0.098174
-0.098174
0.054541
0.097084
-0.11454
0.006545
0.31089
0.31089
0.6425
0.92284
0.44288
-0.080721
-1.0996
-1.0996
-0.72431
-0.53123
-0.2138
0.14072
0.81485
0.81485
0.63486
0.19089
0.34906
0.48433
0.9392
0.54323
0.54323
0.55196
0.66759
0.40579
0.8203
0.3327
0.3327
-0.028361
-1.2108
-1.3035
-1.5817
-0.6305
-0.6305
-0.78976
-1.0276
-0.33816
-0.20508
-0.07854
-0.07854
0.021817
0.040361
0.14072
0.16035
0.53669
0.53669
0.75158
-0.58359
-1.7933
0.14181
-1.4475
-1.4475
-1.0047
-0.93811
-0.71122
-0.55523
-0.89666
-0.89666
-0.89339
-1.2501
1.4923
0.87812
1.7584
1.7584
1.2359
1.1345
1.6668
0.95993
0.12217
0.12217
0.32288
0.20508
0.093811
0.36979
0.10036
0.10036
-0.6185
0.35997
-0.79739
0.097084
-0.028361
-0.028361
-0.094902
0.37088
-0.69595
0.12217
-0.84321
-0.84321
-0.42433
-1.0319
0.69267
-0.14181
1.9002
1.9002
3.3205
-0.44397
0.13853
0.28143
0.3447
0.3447
0.15817
-0.23889
-0.40142
0.1309
0.2258
0.64032
0.64032
0.83666
-0.0098174
-0.65886
-0.42106
-0.47233
-0.47233
-0.42324
0.21707
0.13199
0.6065
0.28798
0.28798
0.50614
0.27052
0.68613
0.67195
0.52687
0.52687
0.81048
0.22362
-0.11781
-0.16253
-0.60432
-0.60432
-0.66868
-0.94247
-0.63922
-1.0156
-0.80721
-0.80721
0.18544
0.10472
-0.056723
-0.16799
-0.21926
-0.21926
-0.090539
0.15272
0.21707
0.32943
0.63486
0.63486
0.25634
-0.66759
-1.2457
-1.9482
-1.2719
-1.2719
-0.74722
-0.74067
-0.66104
-0.68068
-0.77994
-0.77994
0.39161
-0.83885
1.9329
1.1552
0.48978
0.48978
0.69158
0.041451
0.43306
0.63159
0.68177
0.68177
0.1429
0.34034
0.11126
0.3087
0.12654
0.12654
0.097084
0.093811
0.12981
0.15708
0.067631
0.067631
-0.053451
0.044724
0.0010908
0.053451
0.049087
0.049087
0.032725
0
0.0010908
0.017453
0.030543
0.030543
0.06545
0.22798
-0.01309
0.042542
0.029452
0.029452
0.021817
-0.0010908
-0.095993
-0.13963
-0.21707
-0.21707
-0.18653
-0.16362
-0.042542
0.011999
-0.0098174
-0.0098174
0.1429
0.27925
0.34579
0.11126
-0.042542
-0.042542
0.20835
0.24762
0.19744
0.30107
0.16362
0.16362
0.19308
0.1549
0.034906
0.040361
0.073085
0.073085
-0.11781
-0.11781
-0.28471
-0.34361
-0.39052
-0.39052
-0.28689
-0.07854
-0.053451
-0.064359
-0.11781
-0.11781
-0.12435
-0.12435
-0.020726
-0.061086
0.0043633
-0.0054541
0.031634
0.031634
0.022907
-0.023998
-0.014181
0.016362
0.016362
0.033816
-0.010908
-0.010908
0.02618
0.057814
0.058905
0.037088
0.037088
0.0076358
0.010908
0.030543
0.021817
-0.02618
-0.02618
-0.033816
0.0043633
-0.062177
-0.05236
-0.05236
-0.034906
-0.040361
-0.051269
-0.0010908
-0.0098174
-0.0098174
-0.0021817
0.0098174
0.020726
0.020726
0.023998
0.021817
0.0098174
0.0098174
0.0098174
0.030543
-0.006545
0
0.014181
-0.0021817
0.0010908
-0.0076358
-0.0021817
-0.0087266
-0.015272
-0.015272
-0.0076358
-0.0076358
-0.0032725
0
0.0043633
-0.0010908
0.0076358
0.01309
0.011999
0.0076358
0.0087266
0.0054541
0.0021817
0
0
-0.0043633
-0.0043633
-0.006545
-0.0087266
-0.0098174
-0.0076358
-0.006545
-0.0043633
-0.0010908
0.0010908
0.0032725
-0.0010908
0.0043633
0.0032725
0.0010908
-0.0032725
0.0087266
0.006545
-0.0010908
0.010908
0.0032725
-0.0021817
0.0010908
-0.0043633
-0.006545
0.0010908
-0.0054541
-0.0032725
0.0010908
0.0021817
-0.0010908
0.0010908
-0.0032725
0.0032725
0.0021817
0.0043633
0.0021817
0.0010908
-0.0010908
0
-0.0010908
-0.0010908
-0.0010908
0.0010908
0.0021817
-0.0010908
0.0010908
0
-0.0043633
0.0010908
0.0043633
-0.0021817
-0.0021817
0.0032725
0.0054541
0.0032725
0
0
0.0032725
0.0021817
0
-0.0010908
0
-0.0010908
-0.0010908
-0.0043633
-0.0043633
0.0010908
0
0.0021817
0.0010908
0.0010908
0.0054541
0.0010908
-0.0010908
0.0010908
0
0.0021817
0.0021817
-0.0032725
-0.0010908
-0.0021817
0
0.0032725
-0.0021817
0.0010908
0.0021817
0
-0.0010908
-0.0010908
0
0.0043633
0.0010908
-0.0054541
0.0021817
0.0010908
0.0032725
-0.0021817
-0.0021817
0.0043633
0.0010908
-0.0010908
-0.0010908
-0.0021817
-0.0032725
0.0021817
-0.0010908
-0.0010908
0.0010908
0
-0.0032725
0.0010908
-0.0010908
-0.0010908
0
0.0010908
0.0021817
-0.0021817
-0.0010908
-0.0010908
-0.0021817
0.0032725
-0.0021817
0.0021817
0.0010908
-0.0010908
0.0010908
0.0010908
0.0010908
-0.0021817
-0.0043633
-0.0043633
0.0010908
0.0010908
0.0032725
0.0054541
-0.0021817
0.0021817
0.0010908
0.0010908
0.0043633
0.0032725
0.0010908
0
-0.0021817
-0.0021817
0.0010908
-0.0032725
-0.0043633
0.0043633
-0.0010908
-0.0021817
-0.0010908
0.0043633
-0.0021817
0.0032725
-0.0010908
0
0.0054541
0.0021817
0.0021817
0.0021817
0
0.0010908
0
0
0.0032725
0
0
-0.0010908
0
0.0032725
0.0021817
0.0010908
-0.0043633
-0.0043633
0.0032725
0.0032725
-0.0021817
0.0043633
0.0021817
-0.0021817
0.0010908
0
-0.0010908
0.0010908
0.0032725
-0.0010908
-0.0010908
-0.0054541
-0.0043633
-0.0032725
-0.0032725
0.0032725
0.0010908
-0.0032725
0.0021817
0.0021817
-0.0010908
-0.0032725
0.0021817
0.0021817
0.0010908
0.0010908
0.0010908
0.0021817
-0.0021817
0.0021817
0.0032725
-0.0021817
-0.0010908
0.0010908
-0.0032725
-0.0010908
0.0021817
-0.0032725
-0.006545
-0.0010908
-0.0021817
0.0010908
0.0032725
0
0.0010908
0.0032725
0
-0.0010908
0.0032725
0.0010908
0.0021817
-0.0032725
0.0021817
0
0.0010908
-0.0010908
0.0010908
-0.0043633
-0.0021817
0
-0.0010908
-0.0043633
-0.0021817
0
-0.0010908
0.0010908
0.0021817
0
0.0021817
0.0010908
0.0032725
-0.0010908
-0.0010908
0.0021817
0.0054541
0.0010908
0.0021817
-0.0032725
0
0.0010908
-0.0021817
0.0021817
-0.0010908
0
0.006545
0.0021817
-0.0021817
-0.0032725
0
0.0010908
-0.0010908
0
0
-0.0010908
-0.0010908
0.0010908
0.0032725
0.0021817
-0.0010908
0
-0.0010908
0.0021817
-0.0010908
0.0010908
-0.0021817
-0.0010908
-0.0021817
0.0043633
-0.0043633
0.0021817
-0.0021817
-0.0043633
0.0032725
-0.0032725
-0.0043633
-0.0010908
0.0010908
-0.0021817
-0.0021817
0
-0.0021817
0.0010908
-0.0021817
0
-0.0010908
-0.0021817
-0.0021817
0
-0.0010908
0
-0.0010908
0.0010908
0
-0.0010908
0.0010908
0
0.0021817
-0.0010908
0.0021817
-0.0021817
0
0.0021817
-0.0032725
-0.0032725
0.0032725
0.0021817
0.0021817
0
-0.0021817
0.0032725
0.0032725
0.0010908
-0.0010908
-0.0021817
0.0010908
-0.0010908
0.0010908
-0.0010908
-0.0021817
-0.0021817
-0.0043633
-0.0021817
0
-0.0021817
-0.0010908
-0.0010908
0.0021817
0.0021817
0
-0.0021817
-0.0010908
0.0032725
0.0010908
0
-0.0010908
0
-0.0032725
0
0
-0.0021817
-0.0010908
0.0021817
-0.0010908
-0.0032725
-0.0021817
-0.0043633
0.0010908
-0.0010908
-0.0032725
-0.0032725
0.0021817
0.0021817
-0.0010908
-0.0010908
0.0021817
0.0010908
-0.0010908
0.0021817
0
0.0021817
0
-0.0010908
-0.0032725
0
0
-0.0032725
0.0010908
0.0010908
-0.0032725
0.0010908
-0.0010908
-0.0010908
-0.0010908
0.0032725
0.0010908
0.0010908
0.0010908
0.0010908
0.0032725
0
0.0021817
0.0021817
-0.0032725
-0.0021817
0.0021817
0
-0.0010908
-0.0010908
-0.0010908
0.0010908
0.0010908
0
-0.0010908
0.0010908
-0.0032725
-0.0010908
0.0021817
0.0021817
0.0021817
0
0.0010908
-0.0032725
0.0010908
0.0032725
0.0010908
0.0010908
-0.0021817
0.0021817
0
0
-0.0032725
-0.0021817
-0.0043633
-0.0010908
0.0021817
0.0021817
0.0010908
0.0032725
0
0
0.0010908
0.0032725
-0.0021817
-0.0010908
0.0021817
0.0021817
0.0021817
0.0010908
0.0021817
0.0021817
0.0021817
0.0021817
0
-0.0021817
0.0010908
0.0021817
0.0021817
-0.0021817
-0.0032725
0.0010908
-0.0010908
-0.0010908
-0.0010908
-0.0021817
0.0010908
0.0010908
0.0010908
-0.0032725
0
-0.0010908
0
0.0010908
-0.0010908
-0.0021817
0.0010908
0.0021817
-0.0010908
0.0021817
0.0010908
-0.0021817
-0.0010908
0.0021817
0.0021817
0.0021817
0.0010908
-0.0010908
0
-0.0021817
0.0010908
0.0021817
-0.0032725
0
-0.0010908
0
-0.0021817
-0.0010908
0.0021817
-0.0010908
0.0010908
-0.0010908
0.0010908
0.0021817
-0.0043633
-0.0021817
0.0054541
-0.0032725
-0.0021817
0.0021817
0.0010908
0.0010908
0.0021817
0.0010908
0.0054541
0
0.0010908
0.0032725
0
-0.0021817
0.0010908
0.0010908
0.0021817
0.0010908
0.0021817
0
0.0010908
-0.0010908
-0.0010908
-0.0043633
0
-0.0010908
-0.0043633
0.0021817
0.0010908
-0.0043633
-0.0010908
0.0032725
0.0010908
0
-0.0021817
-0.0032725
0
0.0021817
-0.0010908
-0.0010908
0.0043633
-0.0010908
0.0021817
0.0021817
0.0010908
0.0054541
0.0021817
0
0.0021817
0.0010908
0.0010908
0.0021817
0.0010908
0.0032725
0
-0.0032725
-0.0032725
0.0032725
-0.0010908
0.0010908
0.0021817
0
0.0032725
0.0032725
0
0.0021817
0.0010908
0
0.0010908
