0
0.0055649
0.015616
0.026731
0.035781
0.045352
0.053752
0.065172
0.075464
0.085803
0.095813
0.10526
0.11557
0.12593
0.13528
0.14553
0.15475
0.16527
0.17566
0.18572
0.19612
0.20535
0.2156
0.22602
0.23634
0.24587
0.2552
0.26557
0.27734
0.28704
0.29846
0.30696
0.31651
0.32623
0.33627
0.34615
0.35545
0.36618
0.3762
0.3864
0.39674
0.40597
0.41789
0.42746
0.43817
0.44764
0.45742
0.46672
0.47692
0.48793
0.49801
0.5067
0.51725
0.52671
0.53705
0.54756
0.55682
0.56724
0.57762
0.58718
0.59744
0.6069
0.617
0.62735
0.63774
0.64814
0.65731
0.66756
0.67841
0.68923
0.69934
0.70862
0.718
0.72781
0.73821
0.74774
0.7572
0.76754
0.779
0.78895
0.79931
0.80851
0.81792
0.82833
0.83867
0.84888
0.85809
0.86818
0.87834
0.88854
0.89873
0.90818
0.91853
0.92914
0.93849
0.94914
0.95843
0.96903
0.97873
0.98917
0.99892
1.0083
1.0188
1.0294
1.039
1.0494
1.0588
1.0694
1.0791
1.0894
1.0998
1.1092
1.1197
1.1292
1.1396
1.1495
1.1592
1.1697
1.1794
1.19
1.1995
1.21
1.2194
1.23
1.2397
1.2501
1.2595
1.2698
1.2797
1.2903
1.3001
1.3099
1.3204
1.3298
1.3402
1.3506
1.3599
1.3704
1.3802
1.3907
1.4002
1.4107
1.4202
1.4307
1.4403
1.4508
1.4603
1.4708
1.4803
1.4911
1.5006
1.511
1.5205
1.5311
1.5407
1.5511
1.5609
1.5714
1.582
1.5921
1.602
1.612
1.6213
1.6316
1.641
1.6514
1.6618
1.6712
1.6815
1.6912
1.7014
1.7117
1.7211
1.7314
1.7416
1.752
1.7614
1.7716
1.7821
1.7916
1.8019
1.8124
1.8237
1.8336
1.8427
1.8521
1.8625
1.872
1.8824
1.8921
1.9023
1.9122
1.9226
1.9322
1.9423
1.9528
1.9622
1.9726
1.9821
1.9927
2.0023
2.0127
2.0226
2.033
2.0426
2.0532
2.0625
2.073
2.0827
2.0931
2.1028
2.1131
2.1228
2.1333
2.1429
2.1536
2.1632
2.1737
2.1832
2.1937
2.2031
2.2137
2.2233
2.2337
2.2433
2.2538
2.2633
2.2738
2.2833
2.2939
2.3035
2.3139
2.3244
2.3336
2.3441
2.3539
2.3637
2.3742
2.3839
2.3944
2.4037
2.4142
2.4241
2.4346
2.4442
2.4548
2.4656
2.4754
2.485
2.4945
2.5046
2.514
2.5243
2.5345
2.5447
2.5548
2.5642
2.5747
2.5849
2.5946
2.6049
2.6146
2.6251
2.6348
2.6465
2.6563
2.6664
2.675
2.6854
2.6949
2.7051
2.7153
2.7249
2.7351
2.7463
2.7563
2.7664
2.7761
2.7857
2.7955
2.8056
2.8153
2.8266
2.8358
2.8458
2.8562
2.8655
2.876
2.8861
2.8956
2.9052
2.9156
2.9261
2.9365
2.9458
2.9561
2.9666
2.9759
2.9863
2.9967
3.0059
3.0161
3.0266
3.0369
3.0464
3.0562
3.0666
3.0771
3.0865
3.0968
3.1062
3.1168
3.1275
3.1382
3.1476
3.1571
3.1666
3.1769
3.1871
3.1972
3.2064
3.2169
3.2274
3.2371
3.2472
3.257
3.2674
3.2772
3.2879
3.2973
3.307
3.3175
3.3275
3.3379
3.3475
3.3574
3.3678
3.3786
3.3878
3.3982
3.4066
3.4176
3.4281
3.4378
3.4484
3.4579
3.4684
3.478
3.4883
3.4988
3.508
3.518
3.5287
3.5381
3.5486
3.5581
3.5685
3.5786
3.5893
3.6
3.6084
3.6185
3.629
3.6383
3.6486
3.6579
3.6685
3.6788
3.6885
3.6987
3.7086
3.7193
3.7299
3.7398
3.7495
3.7589
3.7694
3.7788
3.7893
3.7996
3.8089
3.8193
3.8293
3.8397
3.8492
3.8586
3.8692
3.8797
3.8894
3.9
3.9084
3.9189
3.9295
3.9399
3.9502
3.96
3.9709
3.9805
3.9905
3.9999
4.0093
4.0192
4.0299
4.0406
4.05
4.0597
4.0703
4.0801
4.0907
4.1002
4.1094
4.12
4.1305
4.1403
4.151
4.1596
4.1701
4.1806
4.1914
4.2026
4.211
4.2207
4.2303
4.2408
4.2509
4.2601
4.2703
4.2806
4.2909
4.3014
4.3096
4.3218
4.3315
4.3423
4.3518
4.3603
4.3704
4.3809
4.3912
4.4013
4.4104
4.4207
4.4309
4.4408
4.4514
4.4607
4.4703
4.4806
4.491
4.5015
4.5105
4.5209
4.5313
4.5416
4.5518
4.5616
4.5717
4.5812
4.5907
4.601
4.6102
4.6211
4.6311
4.6412
4.6505
4.66
4.6682
4.6762
4.6851
4.6932
4.7035
4.7127
4.7238
4.7328
4.7428
4.7528
4.7612
4.7693
4.7763
4.7855
4.7945
4.8036
4.8119
4.8238
4.834
4.8435
4.8527
4.8613
4.8696
4.8761
4.8851
4.8943
4.9041
4.9123
4.9194
4.9257
4.9351
4.9443
4.9538
4.9622
4.9693
4.9763
4.9854
4.995
5.005
5.0132
5.0195
5.0267
5.0351
5.0442
5.0544
5.0625
5.0694
5.0765
5.086
5.0958
5.1056
5.1133
5.1198
5.1269
5.1361
5.146
5.155
5.1637
5.1702
5.1776
5.1857
5.1951
5.2054
5.2135
5.2208
5.2278
5.2384
5.2457
5.2552
5.2633
5.2702
5.2772
5.2862
5.2955
5.3055
5.3134
5.3203
5.3274
5.3376
5.3467
5.3573
5.3645
5.3719
5.3787
5.3871
5.3966
5.4067
5.414
5.4209
5.428
5.4373
5.4468
5.4572
5.4643
5.471
5.4783
5.4885
5.4975
5.5078
5.515
5.5219
5.5289
5.5384
5.5476
5.5582
5.5655
5.5726
5.579
5.5885
5.5978
5.6083
5.6156
5.6226
5.6297
5.6392
5.6496
5.6593
5.6663
5.6735
5.6798
5.6893
5.6998
5.7097
5.7169
5.7252
5.7316
5.7416
5.7517
5.7613
5.7683
5.7752
5.7842
5.7936
5.8039
5.8133
5.8201
5.8272
5.8376
5.8466
5.8569
5.8651
5.8723
5.8792
5.8896
5.8991
5.9093
5.9177
5.9282
5.9374
5.9466
5.9558
5.9652
5.9722
5.9794
5.9892
5.9997
6.0102
6.0173
6.0243
6.0314
6.0412
6.0517
6.0624
6.0705
6.0797
6.0895
6.1001
6.1107
6.1178
6.125
6.1312
6.1418
6.1523
6.163
6.17
6.1774
6.1855
6.1964
6.2061
6.2159
6.2224
6.2285
6.2377
6.2468
6.2553
6.2655
6.2724
6.2786
6.2882
6.2974
6.3067
6.3159
6.3228
6.3298
6.3403
6.3518
6.3625
6.3696
6.3765
6.3835
6.3943
6.4048
6.4156
6.4227
6.4298
6.4389
6.4472
6.4566
6.4659
6.4729
6.48
6.4893
6.4986
6.507
6.5163
6.5244
6.5347
6.5452
6.5557
6.5661
6.573
6.5801
6.5895
6.5978
6.6071
6.6167
6.6236
6.6306
6.6401
6.6495
6.6589
6.6671
6.6742
6.6813
6.6928
6.7043
6.7158
6.7227
6.7298
6.7381
6.7475
6.7568
6.7673
6.7742
6.7813
6.7917
6.8031
6.8148
6.8217
6.8289
6.835
6.8465
6.8569
6.8673
6.8743
6.8813
6.8906
6.8991
6.9086
6.9178
6.9246
6.9317
6.9415
6.9509
6.959
6.9682
6.9752
6.9824
6.9917
6.9999
7.0082
7.0179
7.0248
7.0318
7.0404
7.0488
7.0581
7.0685
7.0756
7.0816
7.0911
7.0993
7.1085
7.1181
7.1263
7.1355
7.1472
7.1578
7.1682
7.1752
7.1822
7.1914
7.199
7.2085
7.2189
7.2261
7.2324
7.2408
7.2494
7.2587
7.2693
7.2767
7.2859
7.2976
7.3082
7.3189
7.3272
7.3335
7.3418
7.3495
7.3589
7.3692
7.3765
7.3846
7.3973
7.4089
7.4193
7.4264
7.4334
7.4415
7.4496
7.4593
7.4697
7.4769
7.4839
7.492
7.5003
7.5096
7.52
7.5271
7.5335
7.5416
7.5498
7.5597
7.5701
7.5772
7.5842
7.5925
7.6008
7.6102
7.6199
7.6277
7.6371
7.6488
7.6596
7.6701
7.6774
7.6846
7.6919
7.7003
7.7102
7.7207
7.728
7.7373
7.7493
7.7601
7.7705
7.7776
7.7849
7.7933
7.8016
7.811
7.8208
7.828
7.835
7.8432
7.8515
7.861
7.8715
7.8788
7.8849
7.8933
7.9015
7.9108
7.9214
7.9285
7.935
7.9434
7.9516
7.9611
7.9717
7.9799
7.9893
8.0009
8.0114
8.0217
8.03
8.0398
8.0514
8.0619
8.0717
8.0789
8.086
8.0933
8.1019
8.1124
8.122
8.1305
8.1402
8.1518
8.1622
8.1727
8.1791
8.186
8.1935
8.2022
8.2119
8.2224
8.231
8.2406
8.2516
8.2623
8.2728
8.2801
8.2862
8.2946
8.3029
8.3124
8.3227
8.3301
8.3365
8.3447
8.3528
8.3626
8.3731
8.3803
8.3867
8.3949
8.4032
8.4127
8.4233
8.4304
8.4368
8.4443
8.4535
8.4629
8.4736
8.4801
8.4872
8.4944
8.5038
8.5132
8.5236
8.531
8.5372
8.5456
8.5538
8.5634
8.5739
8.5811
8.5873
8.5949
8.6043
8.6136
8.6241
8.6315
8.6376
8.645
8.6542
8.6636
8.6739
8.6809
8.688
8.6951
8.7046
8.714
8.7247
8.7318
8.7378
8.7451
8.7546
8.7641
8.7746
8.7818
8.7881
8.7953
8.8047
8.8142
8.8248
8.8321
8.8384
8.8454
8.8546
8.8644
8.8747
8.8816
8.8885
8.8957
8.905
8.9145
8.9248
8.932
8.9391
8.9462
8.9555
8.9648
8.9751
8.9822
8.9893
8.9966
9.0052
9.0149
9.0256
9.0328
9.0389
9.0464
9.0558
9.0654
9.0759
9.083
9.0894
9.0967
9.106
9.1154
9.1261
9.1342
9.1437
9.1554
9.166
9.1763
9.1846
9.1941
9.205
9.2156
9.2264
9.2335
9.2397
9.2469
9.2563
9.2659
9.2763
9.2847
9.2942
9.3059
9.3164
9.327
9.3333
9.3405
9.3477
9.3563
9.3661
9.3768
9.3838
9.3903
9.3976
9.407
9.4165
9.427
9.4344
9.4441
9.4559
9.4665
9.4771
9.4842
9.4911
9.4978
9.5072
9.5167
9.529
9.5357
9.5417
9.5489
9.5577
9.567
9.5776
9.585
9.591
9.5983
9.6076
9.6172
9.6276
9.6348
9.6411
9.6486
9.6581
9.6675
9.678
9.6851
9.6915
9.6988
9.7081
9.7175
9.7279
9.735
9.7419
9.749
9.7583
9.7676
9.778
9.7873
9.7965
9.8079
9.8182
9.8291
9.8377
9.8469
9.8575
9.8678
9.8781
9.8851
9.8921
9.8989
9.9082
9.9183
9.9307
9.9362
9.9437
9.9508
9.9591
9.9687
9.979
9.9859
9.9925
9.9996
10.009
10.019
10.03
10.039
10.048
10.058
10.069
10.079
10.088
10.097
10.109
10.119
10.129
10.138
10.148
10.159
10.169
10.179
10.186
10.193
10.2
10.209
10.22
10.23
10.238
10.249
10.259
10.27
10.28
10.289
10.298
10.31
10.32
10.33
10.337
10.344
10.351
10.361
10.37
10.381
10.387
10.394
10.401
10.41
10.42
10.43
10.437
10.444
10.452
10.462
10.472
10.482
10.488
10.494
10.502
10.511
10.522
10.533
10.539
10.545
10.552
10.562
10.571
10.581
10.589
10.596
10.602
10.611
10.621
10.632
10.638
10.645
10.652
10.661
10.671
10.681
10.688
10.695
10.702
10.711
10.721
10.732
10.738
10.745
10.752
10.761
10.772
10.781
10.789
10.796
10.803
10.812
10.821
10.832
10.839
10.846
10.852
10.863
10.873
10.883
10.889
10.896
10.903
10.912
10.922
10.932
10.939
10.946
10.953
10.962
10.973
10.983
10.993
11.002
11.013
11.023
11.033
11.039
11.046
11.053
11.063
11.073
11.083
11.09
11.097
11.103
11.112
11.124
11.134
11.141
11.148
11.155
11.163
11.173
11.183
11.19
11.198
11.206
11.214
11.223
11.233
11.241
11.248
11.255
11.264
11.273
11.284
11.291
11.298
11.305
11.314
11.324
11.335
11.342
11.348
11.355
11.364
11.374
11.384
11.394
11.403
11.413
11.424
11.434
11.441
11.447
11.455
11.466
11.475
11.485
11.493
11.502
11.513
11.523
11.534
11.542
11.553
11.563
11.574
11.584
11.594
11.603
11.614
11.624
11.634
11.641
11.648
11.655
11.665
11.674
11.685
11.694
11.704
11.714
11.725
11.735
11.742
11.75
11.757
11.766
11.776
11.786
11.792
11.799
11.806
11.815
11.825
11.835
11.842
11.85
11.857
11.866
11.876
11.886
11.892
11.899
11.907
11.916
11.925
11.936
11.944
11.953
11.963
11.974
11.985
11.992
12
12.007
12.017
12.027
12.036
12.043
12.05
12.057
12.067
12.076
12.087
12.094
12.101
12.107
12.118
12.127
12.138
12.144
12.151
12.158
12.167
12.177
12.188
12.195
12.202
12.209
12.217
12.227
12.237
12.244
12.251
12.259
12.268
12.278
12.287
12.294
12.301
12.308
12.317
12.328
12.338
12.345
12.352
12.358
12.368
12.378
12.388
12.395
12.401
12.408
12.417
12.427
12.438
12.446
12.456
12.467
12.476
12.487
12.493
12.5
12.507
12.517
12.529
12.54
12.546
12.552
12.56
12.569
12.578
12.589
12.596
12.603
12.61
12.619
12.63
12.639
12.646
12.652
12.66
12.67
12.678
12.689
12.696
12.702
12.71
12.719
12.729
12.739
12.746
12.753
12.76
12.769
12.781
12.79
12.798
12.805
12.814
12.821
12.831
12.84
12.847
12.854
12.862
12.871
12.88
12.889
12.896
12.903
12.912
12.921
12.93
12.941
12.947
12.954
12.961
12.97
12.98
12.99
12.997
13.004
13.012
13.021
13.031
13.041
13.049
13.058
13.068
13.077
13.087
13.094
13.101
13.108
13.118
13.127
13.137
13.144
13.152
13.162
13.171
13.181
13.19
13.199
13.208
13.218
13.228
13.237
13.245
13.252
13.26
13.27
13.279
13.289
13.295
13.302
13.31
13.318
13.328
13.338
13.345
13.352
13.36
13.37
13.379
13.388
13.396
13.404
13.413
13.422
13.432
13.442
13.449
13.456
13.464
13.473
13.484
13.494
13.501
13.508
13.518
13.528
13.537
13.544
13.551
13.558
13.568
13.578
13.589
13.597
13.604
13.611
13.62
13.629
13.638
13.646
13.654
13.665
13.674
13.685
13.694
13.702
13.711
13.721
13.73
13.739
13.746
13.754
13.761
13.77
13.78
13.79
13.798
13.805
13.813
13.822
13.83
13.84
13.847
13.854
13.861
13.872
13.882
13.891
13.897
13.904
13.912
13.921
13.931
13.94
13.948
13.957
13.963
13.972
13.981
13.991
13.998
14.005
14.012
14.022
14.034
14.041
14.05
14.058
14.065
14.074
14.083
14.093
14.101
14.11
14.121
14.13
14.141
14.148
14.155
14.162
14.172
14.181
14.191
14.198
14.205
14.212
14.221
14.231
14.241
14.248
14.255
14.262
14.272
14.281
14.291
14.298
14.308
14.318
14.33
14.34
14.348
14.357
14.368
14.378
14.39
14.398
14.405
14.412
14.422
14.432
14.442
14.45
14.458
14.469
14.48
14.492
14.501
14.507
14.514
14.523
14.532
14.543
14.549
14.558
14.569
14.58
14.591
14.6
14.607
14.613
14.623
14.633
14.643
14.65
14.657
14.664
14.674
14.683
14.693
14.7
14.707
14.714
14.724
14.733
14.743
14.751
14.762
14.772
14.782
14.793
14.801
14.807
14.814
14.825
14.834
14.844
14.851
14.858
14.866
14.874
14.883
14.895
14.902
14.909
14.915
14.924
14.934
14.944
14.953
14.964
14.973
14.983
14.994
15.002
15.009
15.016
15.024
15.034
15.044
15.053
15.061
15.073
15.084
15.095
15.102
15.108
15.115
15.125
15.136
15.146
15.153
15.159
15.166
15.176
15.186
15.196
15.203
15.211
15.223
15.235
15.245
15.252
15.26
15.266
15.276
15.285
15.295
15.303
15.311
15.324
15.335
15.345
15.353
15.361
15.374
15.385
15.395
15.403
15.411
15.424
15.436
15.446
15.454
15.46
15.467
15.476
15.486
15.496
15.504
15.511
15.518
15.526
15.536
15.546
15.554
15.561
15.568
15.577
15.586
15.597
15.604
15.611
15.618
15.627
15.637
15.646
15.654
15.661
15.668
15.677
15.687
15.697
15.705
15.711
15.718
15.727
15.736
15.747
15.754
15.761
15.769
15.777
15.787
15.797
15.806
15.817
15.826
15.837
15.847
15.855
15.862
15.869
15.877
15.888
15.897
15.905
15.914
15.926
15.937
15.948
15.956
15.962
15.969
15.978
15.987
15.998
16.006
16.012
16.02
16.029
16.038
16.049
16.057
16.064
16.07
16.078
16.088
16.098
16.106
16.113
16.12
16.128
16.138
16.148
16.156
16.163
16.17
16.178
16.188
16.199
16.207
16.213
16.22
16.229
16.239
16.248
16.257
16.264
16.271
16.279
16.288
16.299
16.307
16.314
16.32
16.329
16.339
16.349
16.357
16.364
16.371
16.379
16.389
16.401
16.409
16.415
16.421
16.43
16.439
16.449
16.457
16.464
16.471
16.48
16.489
16.5
16.508
16.515
16.521
16.529
16.54
16.549
16.558
16.565
16.572
16.58
16.589
16.6
16.608
16.617
16.623
16.631
16.641
16.652
16.66
16.669
16.679
16.689
16.7
16.708
16.715
16.722
16.73
16.74
16.75
16.759
16.768
16.781
16.791
16.801
16.809
16.816
16.823
16.833
16.843
16.851
16.86
16.866
16.873
16.882
16.891
16.901
16.909
16.916
16.923
16.931
16.941
16.951
16.96
16.968
16.974
16.982
16.992
17.001
17.01
17.019
17.03
17.041
17.051
17.061
17.067
17.074
17.082
17.092
17.103
17.112
17.118
17.124
17.132
17.141
17.152
17.161
17.168
17.174
17.182
17.192
17.202
17.211
17.218
17.224
17.232
17.242
17.252
17.261
17.268
17.275
17.283
17.292
17.303
17.312
17.322
17.331
17.342
17.353
17.361
17.368
17.375
17.383
17.393
17.404
17.412
17.419
17.425
17.434
17.443
17.453
17.462
17.469
17.476
17.483
17.493
17.503
17.512
17.519
17.525
17.534
17.543
17.553
17.562
17.569
17.576
17.584
17.593
17.603
17.613
17.619
17.626
17.634
17.643
17.654
17.663
17.67
17.677
17.684
17.694
17.704
17.713
17.72
17.726
17.734
17.744
17.754
17.763
17.77
17.777
17.784
17.794
17.804
17.813
17.82
17.833
17.844
17.854
17.863
17.872
17.883
17.894
17.904
17.914
17.922
17.933
17.944
17.956
17.964
17.971
17.979
17.986
17.995
18.005
18.014
18.021
18.028
18.035
18.045
18.055
18.064
18.071
18.078
18.086
18.095
18.106
18.114
18.121
18.129
18.136
18.145
18.156
18.165
18.175
18.184
18.195
18.205
18.215
18.222
18.229
18.236
18.246
18.256
18.266
18.274
18.285
18.296
18.306
18.315
18.322
18.33
18.337
18.346
18.356
18.365
18.372
18.38
18.387
18.396
18.407
18.416
18.423
18.431
18.438
18.448
18.457
18.466
18.473
18.48
18.487
18.497
18.507
18.516
18.523
18.531
18.537
18.547
18.557
18.566
18.573
18.581
18.588
18.597
18.607
18.617
18.623
18.631
18.638
18.647
18.658
18.667
18.674
18.682
18.688
18.697
18.708
18.717
18.724
18.731
18.738
18.748
18.757
18.767
18.774
18.782
18.789
18.798
18.808
18.817
18.824
18.832
18.839
18.848
18.858
18.868
18.877
18.886
18.898
18.908
18.917
18.924
18.933
18.94
18.948
18.959
18.968
18.975
18.983
18.99
18.999
19.008
19.018
19.025
19.033
19.04
19.049
19.059
19.068
19.075
19.084
19.092
19.101
19.111
19.119
19.126
19.134
19.14
19.149
19.159
19.169
19.175
19.186
19.193
19.201
19.21
19.219
19.226
19.234
19.241
19.249
19.26
19.269
19.276
19.285
19.292
19.301
19.31
19.32
19.327
19.335
19.342
19.35
19.36
19.369
19.376
19.385
19.392
19.4
19.41
19.419
19.426
19.435
19.442
19.45
19.461
19.47
19.477
19.486
19.494
19.501
19.51
19.52
19.527
19.535
19.543
19.551
19.56
19.571
19.577
19.586
19.595
19.602
19.611
19.62
19.628
19.639
19.65
19.661
19.67
19.677
19.686
19.694
19.701
19.711
19.721
19.728
19.737
19.745
19.752
19.762
19.771
19.78
19.789
19.8
19.81
19.822
19.828
19.838
19.846
19.854
19.862
19.872
19.878
19.887
19.896
19.904
19.912
19.921
19.928
19.938
19.947
19.953
19.963
19.972
19.979
19.988
19.999
20.009
20.017
20.024
20.031
20.041
20.051
20.062
20.072
20.079
20.089
20.097
20.105
20.114
20.123
20.13
20.14
20.149
20.159
20.166
20.174
20.181
20.191
20.2
20.211
20.218
20.225
20.233
20.243
20.253
20.263
20.273
20.279
20.289
20.298
20.307
20.315
20.324
20.332
20.342
20.351
20.361
20.37
20.376
20.383
20.391
20.402
20.413
20.422
20.429
20.437
20.446
20.454
20.464
20.474
20.481
20.49
20.501
20.51
20.517
20.525
20.532
20.541
20.552
20.562
20.569
20.576
20.583
20.593
20.602
20.612
20.622
20.631
20.641
20.651
20.661
20.668
20.676
20.683
20.693
20.705
20.713
20.72
20.727
20.735
20.743
20.753
20.762
20.77
20.777
20.784
20.793
20.803
20.812
20.82
20.828
20.835
20.843
20.853
20.863
20.87
20.878
20.885
20.893
20.903
20.913
20.92
20.928
20.935
20.943
20.953
20.963
20.97
20.978
20.985
20.993
21.003
21.013
21.02
21.028
21.035
21.043
21.053
21.063
21.07
21.078
21.085
21.094
21.103
21.114
21.12
21.128
21.135
21.144
21.154
21.163
21.17
21.179
21.187
21.196
21.207
21.216
21.227
21.234
21.243
21.253
21.262
21.27
21.279
21.286
21.294
21.304
21.314
21.32
21.329
21.336
21.344
21.354
21.364
21.37
21.379
21.386
21.395
21.405
21.414
21.421
21.429
21.437
21.445
21.454
21.464
21.472
21.483
21.492
21.5
21.511
21.52
21.529
21.536
21.545
21.555
21.564
21.571
21.58
21.587
21.595
21.605
21.615
21.621
21.631
21.637
21.646
21.655
21.665
21.672
21.681
21.687
21.696
21.705
21.715
21.722
21.734
21.744
21.754
21.765
21.772
21.781
21.789
21.798
21.807
21.817
21.823
21.831
21.838
21.847
21.856
21.865
21.872
21.881
21.89
21.901
21.912
21.921
21.93
21.937
21.947
21.956
21.966
21.973
21.982
21.989
21.997
22.006
22.016
22.023
22.032
22.039
22.048
22.056
22.066
22.073
22.082
22.089
22.097
22.106
22.117
22.123
22.133
22.142
22.154
22.165
22.174
22.182
22.189
22.198
22.207
22.217
22.224
22.233
22.24
22.248
22.257
22.267
22.274
22.284
22.29
22.298
22.307
22.317
22.324
22.334
22.341
22.349
22.357
22.368
22.376
22.388
22.397
22.408
22.418
22.425
22.434
22.441
22.449
22.458
22.467
22.475
22.484
22.493
22.505
22.517
22.525
22.534
22.541
22.549
22.558
22.568
22.577
22.588
22.598
22.608
22.618
22.625
22.638
22.648
22.658
22.669
22.677
22.688
22.698
22.708
22.718
22.726
22.735
22.742
22.75
22.758
22.769
22.776
22.785
22.793
22.802
22.811
22.82
22.827
22.836
22.846
22.858
22.869
22.877
22.886
22.893
22.9
22.909
22.92
22.927
22.936
22.945
22.958
22.969
22.978
22.989
22.999
23.009
23.02
23.027
23.036
23.043
23.052
23.06
23.07
23.079
23.089
23.1
23.109
23.12
23.128
23.14
23.15
23.16
23.17
23.179
23.19
23.2
23.21
23.22
23.228
23.24
23.25
23.26
23.27
23.279
23.29
23.3
23.311
23.32
23.33
23.341
23.35
23.36
23.371
23.381
23.391
23.401
23.411
23.421
23.43
23.441
23.451
23.462
23.471
23.481
23.491
23.501
23.512
23.521
23.531
23.542
23.551
23.562
23.571
23.581
23.592
23.601
23.611
23.622
23.631
23.641
23.652
23.661
23.672
23.681
23.692
23.702
23.712
23.722
23.73
23.741
23.751
23.762
23.772
23.782
23.792
23.802
23.812
23.824
23.833
23.844
23.853
23.862
23.873
23.882
23.893
23.902
23.913
23.923
23.932
23.943
23.953
23.962
23.973
23.983
23.994
24.004
24.014
24.024
24.033
24.043
24.053
24.063
24.073
24.083
24.093
24.104
24.113
24.123
24.133
24.143
24.153
24.163
24.173
24.184
24.193
24.203
24.213
24.224
24.233
24.244
24.254
24.264
24.275
24.285
24.295
24.304
24.314
24.324
24.334
24.345
24.354
24.366
24.376
24.386
24.395
24.404
24.414
24.424
24.434
24.445
24.454
24.464
24.475
24.484
24.495
24.504
24.515
24.525
24.535
24.546
24.557
24.565
24.575
24.585
24.595
24.604
24.615
24.625
24.635
24.645
24.655
24.665
24.676
24.685
24.695
24.705
24.715
24.726
24.735
24.746
24.755
24.766
24.776
24.786
24.796
24.806
24.816
24.826
24.836
24.846
24.856
24.866
24.877
24.887
24.896
24.906
24.916
24.926
24.936
24.946
24.957
24.968
24.977
24.988
24.996
25.006
25.016
25.027
25.036
25.047
25.057
25.068
25.078
25.087
25.097
25.107
25.117
25.127
25.137
25.147
25.157
25.167
25.177
25.187
25.197
25.207
25.217
25.228
25.237
25.248
25.257
25.267
25.278
25.288
25.298
25.307
25.318
25.328
25.337
25.348
25.358
25.368
25.378
25.388
25.398
25.408
25.418
25.428
25.439
25.448
25.458
25.468
25.478
25.489
25.498
25.508
25.518
25.529
25.539
25.549
25.558
25.569
25.579
25.589
25.599
25.608
25.619
25.629
25.639
25.649
25.658
25.669
25.68
25.689
25.699
25.709
25.719
25.729
25.739
25.749
25.759
25.769
25.78
25.789
25.8
25.809
25.82
25.83
25.84
25.85
25.859
25.87
25.88
25.89
25.9
25.91
25.92
25.93
25.94
25.95
25.96
25.97
25.98
25.99
26
26.01
26.02
26.031
26.04
26.051
26.06
26.07
26.081
26.09
26.101
26.109
26.119
26.13
26.14
26.15
26.159
26.17
26.181
26.19
26.201
26.21
26.221
26.231
26.241
26.25
26.26
26.271
26.283
26.293
26.302
26.31
26.321
26.331
26.341
26.351
26.361
26.372
26.383
26.392
26.401
26.41
26.42
26.431
26.442
26.454
26.461
26.47
26.481
26.491
26.502
26.512
26.521
26.532
26.542
26.552
26.561
26.57
26.581
26.592
26.602
26.611
26.62
26.632
26.641
26.652
26.661
26.67
26.681
26.691
26.701
26.711
26.72
26.731
26.741
26.75
26.759
26.769
26.776
26.784
26.793
26.804
26.812
26.822
26.832
26.842
26.852
26.861
26.871
26.882
26.892
26.902
26.912
26.922
26.933
26.944
26.953
26.963
26.973
26.984
26.994
27.004
27.013
27.022
27.033
27.042
27.05
27.06
27.067
27.074
27.084
27.094
27.104
27.113
27.122
27.132
27.141
27.147
27.155
27.163
27.173
27.182
27.191
27.198
27.206
27.214
27.223
27.233
27.243
27.25
27.259
27.267
27.275
27.285
27.294
27.305
27.313
27.322
27.334
27.341
27.348
27.357
27.365
27.374
27.385
27.393
27.4
27.409
27.416
27.425
27.435
27.445
27.455
27.463
27.474
27.484
27.493
27.501
27.509
27.517
27.527
27.536
27.546
27.556
27.565
27.573
27.584
27.591
27.598
27.608
27.615
27.624
27.634
27.642
27.649
27.658
27.665
27.675
27.684
27.692
27.7
27.709
27.716
27.725
27.735
27.744
27.753
27.76
27.766
27.775
27.785
27.793
27.8
27.809
27.817
27.827
27.837
27.847
27.857
27.865
27.874
27.885
27.891
27.899
27.908
27.916
27.925
27.935
27.942
27.949
27.959
27.966
27.976
27.985
27.992
28
28.01
28.017
28.026
28.035
28.042
28.05
28.059
28.067
28.076
28.085
28.093
28.1
28.11
28.117
28.126
28.136
28.143
28.151
28.16
28.167
28.177
28.186
28.193
28.201
28.211
28.218
28.226
28.236
28.243
28.253
28.263
28.273
28.281
28.29
28.299
28.31
28.318
28.326
28.336
28.343
28.351
28.362
28.369
28.377
28.386
28.393
28.403
28.412
28.419
28.428
28.437
28.444
28.451
28.462
28.469
28.477
28.487
28.494
28.502
28.512
28.519
28.528
28.537
28.544
28.552
28.562
28.569
28.577
28.587
28.594
28.602
28.613
28.62
28.628
28.638
28.645
28.653
28.663
28.67
28.678
28.687
28.694
28.702
28.713
28.72
28.728
28.737
28.745
28.753
28.763
28.77
28.779
28.788
28.795
28.803
28.814
28.824
28.835
28.843
28.852
28.863
28.87
28.878
28.888
28.895
28.904
28.915
28.922
28.93
28.938
28.945
28.954
28.965
28.971
28.979
28.989
28.997
29.007
29.018
29.028
29.038
29.045
29.057
29.067
29.078
29.089
29.096
29.105
29.115
29.122
29.13
29.139
29.146
29.154
29.165
29.177
29.188
29.195
29.204
29.215
29.223
29.23
29.239
29.247
29.255
29.265
29.272
29.281
29.289
29.296
29.305
29.315
29.322
29.33
29.34
29.347
29.355
29.368
29.376
29.384
29.394
29.403
29.414
29.421
29.43
29.439
29.447
29.455
29.467
29.479
29.489
29.497
29.505
29.518
29.527
29.534
29.543
29.551
29.559
29.569
29.58
29.59
29.597
29.606
29.618
29.627
29.634
29.642
29.65
29.657
29.669
29.68
29.69
29.697
29.707
29.719
29.728
29.736
29.746
29.755
29.763
29.771
29.781
29.791
29.798
29.807
29.819
29.829
29.839
29.847
29.857
29.869
29.879
29.889
29.897
29.907
29.92
29.93
29.94
29.948
29.96
29.971
29.981
29.991
29.999
30.008
30.02
30.03
30.04
30.048
30.058
30.071
30.081
30.092
30.099
30.108
30.12
30.13
30.141
30.149
30.162
30.173
30.183
30.192
30.201
30.212
30.222
30.232
30.242
30.25
30.259
30.271
30.281
30.292
30.3
30.309
30.322
30.331
30.341
30.35
30.359
30.372
30.381
30.392
30.4
30.41
30.422
30.432
30.442
30.45
30.46
30.472
30.482
30.493
30.501
30.51
30.522
30.533
30.543
30.551
30.56
30.573
30.583
30.593
30.602
30.61
30.623
30.633
30.643
30.651
30.661
30.673
30.683
30.694
30.701
30.711
30.723
30.733
30.743
30.751
30.761
30.774
30.784
30.795
30.803
30.811
30.824
30.833
30.843
30.852
30.861
30.873
30.884
30.894
30.902
30.911
30.924
30.934
30.943
30.954
30.964
30.975
30.984
30.994
31.004
31.015
31.025
31.036
31.046
31.054
31.063
31.074
31.084
31.095
31.104
31.113
31.125
31.135
31.146
31.154
31.163
31.175
31.186
31.196
31.204
31.214
31.226
31.236
31.246
31.254
31.263
31.275
31.284
31.295
31.303
31.313
31.325
31.336
31.346
31.355
31.364
31.376
31.385
31.395
31.405
31.414
31.426
31.435
31.446
31.454
31.464
31.477
31.487
31.496
31.504
31.514
31.526
31.535
31.546
31.555
31.564
31.576
31.585
31.596
31.605
31.615
31.626
31.636
31.646
31.656
31.667
31.677
31.686
31.696
31.705
31.714
31.727
31.736
31.747
31.756
31.765
31.777
31.786
31.797
31.806
31.816
31.828
31.837
31.847
31.856
31.866
31.877
31.887
31.897
31.906
31.916
31.927
31.938
31.949
31.957
31.966
31.978
31.988
31.999
32.007
32.017
32.028
32.038
32.047
32.057
32.066
32.078
32.089
32.099
32.108
32.118
32.129
32.138
32.148
32.157
32.167
32.178
32.188
32.198
32.207
32.218
32.229
32.238
32.248
32.258
32.267
32.279
32.289
32.298
32.308
32.318
32.33
32.338
32.348
32.36
32.369
32.38
32.389
32.398
32.408
32.419
32.429
32.439
32.448
32.459
32.468
32.48
32.489
32.499
32.508
32.519
32.53
32.539
32.549
32.559
32.569
32.58
32.589
32.599
32.609
32.62
32.63
32.64
32.649
32.66
32.671
32.681
32.69
32.699
32.711
32.721
32.731
32.74
32.75
32.759
32.77
32.781
32.791
32.801
32.81
32.821
32.832
32.84
32.85
32.86
32.87
32.881
32.89
32.9
32.908
32.915
32.922
32.932
32.941
32.95
32.96
32.97
32.982
32.99
33
33.011
33.02
33.032
33.042
33.052
33.061
33.072
33.082
33.091
33.1
33.111
33.122
33.132
33.142
33.151
33.161
33.171
33.182
33.191
33.202
33.213
33.223
33.233
33.241
33.251
33.262
33.273
33.283
33.292
33.301
33.311
33.321
33.333
33.342
33.352
33.362
33.369
33.377
33.385
33.393
33.404
33.413
33.423
33.433
33.442
33.451
33.462
33.472
33.482
33.492
33.502
33.511
33.522
33.533
33.542
33.552
33.56
33.569
33.576
33.586
33.593
33.603
33.612
33.622
33.632
33.642
33.653
33.663
33.673
33.684
33.693
33.703
33.712
33.719
33.727
33.736
33.744
33.753
33.76
33.768
33.776
33.785
33.793
33.803
33.812
33.82
33.828
33.836
33.844
33.853
33.863
33.872
33.882
33.892
33.902
33.909
33.917
33.925
33.935
33.944
33.953
33.961
33.968
33.977
33.986
33.994
34.004
34.012
34.019
34.028
34.037
34.045
34.054
34.062
34.07
34.077
34.086
34.095
34.104
34.112
34.119
34.127
34.137
34.145
34.154
34.162
34.169
34.177
34.187
34.195
34.206
34.214
34.221
34.229
34.237
34.245
34.254
34.262
34.269
34.278
34.288
34.296
34.305
34.313
34.321
34.329
34.338
34.346
34.355
34.364
34.375
34.384
34.395
34.404
34.411
34.419
34.428
34.437
34.445
34.455
34.463
34.47
34.479
34.489
34.496
34.506
34.514
34.522
34.53
34.539
34.547
34.557
34.567
34.577
34.587
34.595
34.606
34.613
34.62
34.629
34.639
34.647
34.656
34.663
34.671
34.68
34.689
34.697
34.706
34.714
34.721
34.731
34.74
34.747
34.757
34.764
34.771
34.78
34.79
34.798
34.808
34.817
34.827
34.838
34.847
34.857
34.863
34.87
34.88
34.89
34.897
34.907
34.914
34.922
34.931
34.941
34.949
34.957
34.966
34.976
34.986
34.995
35.005
35.012
35.021
35.03
35.041
35.048
35.057
35.065
35.072
35.081
35.092
35.099
35.108
35.115
35.122
35.133
35.143
35.15
35.158
35.167
35.177
35.186
35.196
35.206
35.213
35.224
35.235
35.245
35.253
35.26
35.269
35.278
35.287
35.297
35.308
35.314
35.322
35.333
35.343
35.352
35.362
35.371
35.382
35.393
35.4
35.408
35.416
35.424
35.433
35.444
35.451
35.459
35.467
35.474
35.485
35.495
35.503
35.51
35.519
35.526
35.536
35.548
35.557
35.564
35.574
35.584
35.595
35.602
35.61
35.617
35.624
35.635
35.647
35.655
35.662
35.673
35.683
35.693
35.7
35.709
35.716
35.724
35.736
35.747
35.757
35.763
35.773
35.784
35.796
35.803
35.812
35.82
35.828
35.838
35.849
35.858
35.865
35.877
35.888
35.899
35.911
35.917
35.926
35.937
35.948
35.958
35.965
35.974
35.984
35.996
36.003
36.011
36.019
36.029
36.039
36.05
36.059
36.066
36.078
36.089
36.099
36.11
36.117
36.126
36.138
36.149
36.16
36.167
36.176
36.188
36.199
36.209
36.217
36.226
36.237
36.249
36.26
36.267
36.276
36.288
36.299
36.31
36.318
36.326
36.339
36.35
36.361
36.368
36.376
36.388
36.4
36.411
36.418
36.428
36.439
36.45
36.461
36.467
36.477
36.489
36.501
36.511
36.518
36.527
36.541
36.552
36.562
36.569
36.577
36.59
36.601
36.611
36.618
36.628
36.641
36.654
36.662
36.669
36.679
36.69
36.701
36.711
36.719
36.728
36.741
36.752
36.762
36.769
36.778
36.79
36.802
36.812
36.819
36.829
36.842
36.852
36.862
36.869
36.879
36.891
36.902
36.913
36.92
36.929
36.941
36.952
36.963
36.97
36.979
36.992
37.002
37.013
37.021
37.031
37.044
37.054
37.063
37.071
37.079
37.092
37.103
37.113
37.12
37.129
37.142
37.154
37.165
37.172
37.182
37.193
37.203
37.214
37.22
37.23
37.243
37.255
37.264
37.271
37.28
37.293
37.304
37.314
37.321
37.33
37.343
37.354
37.365
37.372
37.382
37.395
37.404
37.414
37.422
37.434
37.444
37.454
37.465
37.471
37.481
37.493
37.504
37.515
37.522
37.531
37.544
37.555
37.565
37.571
37.582
37.594
37.605
37.615
37.624
37.635
37.645
37.656
37.665
37.672
37.682
37.695
37.705
37.716
37.724
37.735
37.746
37.756
37.766
37.773
37.785
37.796
37.806
37.816
37.822
37.833
37.846
37.856
37.866
37.873
37.883
37.896
37.906
37.916
37.923
37.933
37.946
37.957
37.967
37.974
37.983
37.992
37.999
38.007
38.016
38.023
38.034
38.047
38.058
38.067
38.073
38.082
38.093
38.107
38.117
38.123
38.133
38.141
38.148
38.157
38.167
38.174
38.182
38.19
38.198
38.207
38.217
38.224
38.234
38.247
38.257
38.267
38.274
38.284
38.292
38.299
38.308
38.317
38.325
38.337
38.348
38.359
38.368
38.374
38.383
38.392
38.399
38.408
38.417
38.424
38.434
38.443
38.449
38.459
38.468
38.475
38.484
38.496
38.508
38.517
38.525
38.537
38.549
38.558
38.568
38.575
38.583
38.59
38.599
38.609
38.618
38.626
38.639
38.649
38.66
38.669
38.675
38.684
38.691
38.699
38.709
38.72
38.728
38.738
38.749
38.76
38.768
38.776
38.783
38.79
38.799
38.81
38.819
38.826
38.834
38.84
38.85
38.86
38.869
38.876
38.884
38.891
38.9
38.91
38.919
38.926
38.935
38.941
38.951
38.96
38.969
38.977
38.985
38.992
39
39.011
39.021
39.027
39.033
39.041
39.05
39.061
39.07
39.079
39.089
39.1
39.112
39.122
39.131
39.14
39.15
39.161
39.17
39.176
39.183
39.191
39.201
39.211
39.22
39.227
39.234
39.242
39.251
39.261
39.272
39.282
39.292
39.302
39.312
39.32
39.328
39.34
39.352
39.363
39.372
39.382
39.392
39.401
39.411
39.422
39.432
39.441
39.453
39.463
39.472
39.481
39.491
39.502
39.513
39.523
39.533
39.542
39.552
39.563
39.572
39.583
39.594
39.602
39.613
39.622
39.633
39.643
39.654
39.663
39.673
39.682
39.692
39.703
39.714
39.723
39.734
39.743
39.753
39.763
39.772
39.783
39.793
39.803
39.813
39.822
39.833
39.843
39.853
39.863
39.872
39.883
39.894
39.903
39.913
39.923
39.933
39.944
39.954
39.963
39.973
39.984
39.994
40.004
40.016
40.024
40.034
40.044
40.054
40.064
40.073
40.084
40.094
40.105
40.115
40.125
40.135
40.144
40.154
40.164
40.173
40.185
40.196
40.205
40.214
40.224
40.234
40.244
40.255
40.265
40.275
40.286
40.295
40.306
40.315
40.324
40.335
40.346
40.356
40.366
40.375
40.385
40.395
40.405
40.416
40.425
40.435
40.446
40.455
40.465
40.475
40.486
40.496
40.505
40.516
40.525
40.535
40.545
40.556
40.566
40.574
40.585
40.596
40.606
40.616
40.625
40.635
40.646
40.656
40.666
40.675
40.685
40.696
40.706
40.717
40.726
40.736
40.748
40.758
40.767
40.775
40.786
40.796
40.806
40.816
40.826
40.836
40.846
40.856
40.867
40.876
40.887
40.898
40.907
40.917
40.926
40.936
40.946
40.957
40.967
40.976
40.986
40.996
41.006
41.017
41.026
41.036
41.046
41.056
41.067
41.076
41.085
41.095
41.106
41.115
41.126
41.133
41.141
41.15
41.16
41.169
41.177
41.187
41.197
41.207
41.218
41.227
41.236
41.246
41.256
41.267
41.277
41.284
41.291
41.301
41.31
41.32
41.327
41.338
41.347
41.357
41.367
41.376
41.384
41.394
41.401
41.411
41.42
41.428
41.438
41.448
41.458
41.468
41.477
41.485
41.494
41.504
41.513
41.523
41.531
41.54
41.55
41.56
41.569
41.578
41.585
41.592
41.601
41.612
41.621
41.63
41.636
41.642
41.652
41.661
41.67
41.678
41.687
41.694
41.703
41.712
41.721
41.729
41.736
41.744
41.754
41.762
41.772
41.779
41.786
41.793
41.802
41.813
41.823
41.83
41.837
41.844
41.854
41.862
41.872
41.88
41.887
41.893
41.903
41.914
41.923
41.931
41.937
41.944
41.955
41.963
41.973
41.981
41.988
41.994
42.004
42.014
42.024
42.031
42.038
42.046
42.056
42.065
42.075
42.082
42.089
42.096
42.106
42.116
42.126
42.134
42.143
42.153
42.162
42.173
42.181
42.189
42.196
42.206
42.216
42.226
42.233
42.24
42.248
42.258
42.268
42.278
42.285
42.292
42.302
42.311
42.32
42.33
42.337
42.345
42.356
42.365
42.375
42.382
42.389
42.396
42.406
42.416
42.427
42.434
42.441
42.449
42.459
42.469
42.48
42.486
42.493
42.503
42.512
42.521
42.53
42.537
42.544
42.555
42.565
42.577
42.584
42.591
42.598
42.607
42.619
42.629
42.636
42.643
42.652
42.661
42.671
42.68
42.687
42.694
42.703
42.712
42.721
42.73
42.738
42.745
42.754
42.763
42.772
42.781
42.788
42.795
42.806
42.817
42.828
42.835
42.843
42.85
42.861
42.871
42.881
42.889
42.895
42.904
42.914
42.924
42.932
42.939
42.946
42.956
42.966
42.977
42.984
42.991
42.998
43.01
43.021
43.031
43.038
43.046
43.053
43.062
43.071
43.082
43.089
43.095
43.104
43.114
43.123
43.133
43.14
43.146
43.156
43.165
43.175
43.183
43.19
43.196
43.206
43.216
43.224
43.233
43.24
43.247
43.257
43.269
43.281
43.288
43.295
43.302
43.312
43.322
43.332
43.34
43.347
43.355
43.364
43.373
43.383
43.39
43.396
43.406
43.414
43.423
43.433
43.44
43.447
43.456
43.464
43.474
43.483
43.49
43.497
43.506
43.514
43.523
43.534
43.541
43.547
43.556
43.565
43.574
43.584
43.59
43.597
43.606
43.616
43.624
43.635
43.642
43.648
43.656
43.664
43.673
43.685
43.692
43.698
43.707
43.715
43.724
43.734
43.742
43.749
43.759
43.766
43.774
43.785
43.792
43.798
43.806
43.815
43.824
43.835
43.842
43.849
43.856
43.866
43.874
43.885
43.892
43.901
43.914
43.925
43.936
43.943
43.949
43.956
43.965
43.976
43.986
43.993
44
44.008
44.016
44.025
44.035
44.043
44.05
44.058
44.066
44.076
44.085
44.092
44.099
44.107
44.116
44.126
44.135
44.143
44.149
44.158
44.166
44.175
44.185
44.192
44.199
44.208
44.216
44.225
44.236
44.243
44.25
44.258
44.266
44.275
44.286
44.293
44.3
44.307
44.316
44.326
44.336
44.343
44.35
44.358
44.366
44.376
44.387
44.394
44.401
44.408
44.417
44.426
44.436
44.443
44.45
44.458
44.467
44.477
44.488
44.496
44.505
44.516
44.526
44.537
44.544
44.551
44.558
44.567
44.577
44.588
44.595
44.602
44.609
44.618
44.627
44.637
44.644
44.651
44.659
44.668
44.678
44.689
44.696
44.702
44.709
44.717
44.728
44.739
44.747
44.755
44.767
44.777
44.788
44.795
44.801
44.809
44.818
44.828
44.838
44.846
44.853
44.86
44.869
44.879
44.889
44.895
44.902
44.909
44.919
44.928
44.938
44.945
44.952
44.959
44.968
44.98
44.99
44.997
45.003
45.011
45.019
45.028
45.038
45.045
45.052
45.059
45.068
45.079
45.089
45.096
45.102
45.109
45.12
45.13
45.14
45.147
45.153
45.16
45.169
45.179
45.189
45.196
45.203
45.21
45.219
45.229
45.241
45.247
45.255
45.262
45.271
45.279
45.29
45.297
45.304
45.311
45.319
45.33
45.34
45.349
45.358
45.37
45.38
45.39
45.397
45.404
45.411
45.42
45.43
45.44
45.449
45.458
45.469
45.48
45.49
45.497
45.504
45.511
45.52
45.53
45.54
45.548
45.555
45.562
45.571
45.58
45.591
45.598
45.604
45.611
45.622
45.633
45.642
45.649
45.656
45.662
45.671
45.681
45.691
45.699
45.708
45.72
45.731
45.741
45.749
45.756
45.763
45.772
45.782
45.791
45.798
45.805
45.812
45.822
45.831
45.842
45.849
45.855
45.862
45.871
45.881
45.893
45.9
45.906
45.913
45.922
45.932
45.942
45.949
45.956
45.962
45.972
45.984
45.994
46
46.007
46.014
46.023
46.032
46.042
46.049
46.056
46.063
46.072
46.083
46.093
46.1
46.106
46.113
46.124
46.134
46.143
46.15
46.156
46.163
46.173
46.184
46.194
46.2
46.206
46.214
46.223
46.232
46.243
46.25
46.256
46.264
46.273
46.283
46.293
46.3
46.307
46.314
46.323
46.333
46.343
46.352
46.362
46.374
46.384
46.395
46.402
46.408
46.415
46.424
46.433
46.443
46.45
46.458
46.464
46.474
46.484
46.495
46.505
46.508
46.515
46.524
46.534
46.544
46.551
46.558
46.564
46.574
46.584
46.594
46.601
46.608
46.615
46.624
46.634
46.644
46.651
46.658
46.665
46.675
46.684
46.695
46.702
46.708
46.715
46.725
46.734
46.745
46.752
46.759
46.765
46.775
46.785
46.795
46.802
46.809
46.816
46.825
46.835
46.845
46.852
46.859
46.866
46.876
46.887
46.897
46.903
46.909
46.917
46.925
46.935
46.946
46.952
46.96
46.967
46.975
46.986
46.996
47.003
47.009
47.016
47.026
47.036
47.046
47.053
47.06
47.067
47.076
47.086
47.096
47.103
47.11
47.117
47.127
47.136
47.146
47.153
47.16
47.167
47.176
47.186
47.196
47.203
47.211
47.218
47.228
47.237
47.247
47.254
47.26
47.267
47.276
47.286
47.297
47.304
47.31
47.317
47.327
47.337
47.347
47.354
47.362
47.37
47.378
47.387
47.397
47.404
47.411
47.418
47.427
47.438
47.448
47.454
47.461
47.468
47.477
47.487
47.498
47.505
47.511
47.518
47.528
47.538
47.548
47.555
47.561
47.569
47.578
47.588
47.598
47.605
47.612
47.619
47.628
47.638
47.648
47.655
47.662
47.669
47.678
47.688
47.698
47.705
47.713
47.719
47.729
47.738
47.749
47.755
47.762
47.769
47.779
47.788
47.799
47.806
47.812
47.82
47.829
47.839
47.849
47.855
47.863
47.87
47.879
47.889
47.899
47.906
47.913
47.92
47.929
47.939
47.949
47.956
47.963
47.971
47.979
47.99
47.999
48.006
48.013
48.02
48.029
48.039
48.051
48.057
48.065
48.072
48.08
48.089
48.1
48.107
48.116
48.124
48.132
48.14
48.15
48.157
48.164
48.171
48.18
48.19
48.2
48.207
48.214
48.222
48.231
48.24
48.25
48.257
48.264
48.271
48.28
48.291
48.302
48.308
48.315
48.321
48.331
48.34
48.351
48.358
48.365
48.371
48.381
48.391
48.4
48.407
48.414
48.421
48.431
48.44
48.451
48.458
48.465
48.472
48.481
48.491
48.501
48.508
48.515
48.522
48.531
48.542
48.551
48.558
48.565
48.572
48.582
48.591
48.602
48.609
48.615
48.622
48.632
48.642
48.652
48.659
48.666
48.673
48.682
48.692
48.703
48.709
48.716
48.723
48.733
48.742
48.753
48.76
48.768
48.775
48.783
48.793
48.803
48.81
48.816
48.823
48.833
48.843
48.853
48.859
48.866
48.874
48.884
48.893
48.903
48.91
48.917
48.924
48.932
48.943
48.952
48.959
48.966
48.973
48.983
48.993
49.003
49.009
49.017
49.024
49.033
49.044
49.053
49.061
49.067
49.076
49.084
49.094
49.104
49.111
49.118
49.125
49.134
49.144
49.155
49.162
49.169
49.177
49.185
49.195
49.205
49.212
49.22
49.227
49.236
49.245
49.254
49.261
49.268
49.276
49.286
49.295
49.305
49.312
49.319
49.326
49.336
49.346
49.355
49.362
49.369
49.378
49.387
49.397
49.406
49.413
49.42
49.428
49.437
49.447
49.456
49.463
49.47
49.48
49.489
49.5
49.508
49.514
49.521
49.531
49.541
49.551
49.558
49.565
49.573
49.582
49.592
49.601
49.609
49.616
49.623
49.632
49.642
49.652
49.659
49.666
49.673
49.683
49.692
49.702
49.709
49.716
49.723
49.733
49.742
49.753
49.76
49.768
49.778
49.788
49.798
49.807
49.814
49.821
49.83
49.84
49.85
49.859
49.866
49.873
49.883
49.893
49.903
49.91
49.917
49.924
49.933
49.943
49.954
49.961
49.969
49.979
49.99
50
50.009
50.016
50.023
50.033
50.043
50.054
50.061
50.067
50.074
50.084
50.094
50.104
50.111
50.118
50.126
50.134
50.144
50.154
50.161
50.168
50.175
50.185
50.194
50.204
50.211
50.219
50.226
50.234
50.244
50.255
50.262
50.269
50.276
50.285
50.294
50.305
50.312
50.318
50.326
50.335
50.344
50.355
50.362
50.369
50.376
50.385
50.395
50.405
50.413
50.422
50.43
50.442
50.453
50.461
50.468
50.477
50.486
50.495
50.506
50.512
50.519
50.527
50.536
50.546
50.555
50.563
50.57
50.577
50.586
50.595
50.606
50.613
50.621
50.628
50.636
50.646
50.656
50.663
50.672
50.683
50.695
50.706
50.713
50.722
50.734
50.745
50.756
50.763
50.771
50.783
50.795
50.806
50.815
50.826
50.837
50.846
50.856
50.866
50.876
50.886
50.897
50.907
50.914
50.923
50.932
50.944
50.957
50.967
50.978
50.987
50.997
51.007
51.015
51.025
51.037
51.047
51.057
51.065
51.077
51.088
51.098
51.107
51.116
51.126
51.137
51.147
51.158
51.166
51.177
51.188
51.197
51.207
51.216
51.227
51.237
51.248
51.258
51.267
51.277
51.288
51.298
51.308
51.317
51.327
51.338
51.349
51.358
51.368
51.378
51.389
51.398
51.409
51.417
51.428
51.439
51.448
51.459
51.468
51.478
51.489
51.499
51.509
51.518
51.528
51.539
51.549
51.559
51.568
51.579
51.589
51.599
51.609
51.618
51.628
51.639
51.649
51.66
51.669
51.68
51.69
51.7
51.71
51.718
51.729
51.739
51.749
51.76
51.769
51.779
51.789
51.8
51.81
51.819
51.83
51.84
51.85
51.86
51.87
51.88
51.89
51.9
51.91
51.919
51.93
51.94
51.95
51.96
51.97
51.98
51.991
52
52.012
52.021
52.031
52.042
52.051
52.061
52.07
52.08
52.091
52.101
52.111
52.12
52.13
52.141
52.151
52.161
52.171
52.181
52.191
52.201
52.211
52.22
52.232
52.242
52.252
52.261
52.271
52.281
52.292
52.301
52.311
52.321
52.331
52.341
52.352
52.362
52.372
52.382
52.392
52.402
52.413
52.422
52.432
52.442
52.452
52.463
52.472
52.483
52.492
52.503
52.512
52.522
52.532
52.543
52.552
52.563
52.572
52.583
52.592
52.603
52.613
52.623
52.632
52.642
52.653
52.663
52.672
52.683
52.693
52.703
52.713
52.723
52.733
52.743
52.754
52.764
52.774
52.784
52.793
52.803
52.813
52.823
52.834
52.844
52.853
52.864
52.874
52.884
52.894
52.903
52.914
52.924
52.933
52.944
52.954
52.965
52.975
52.984
52.995
53.004
53.015
53.024
53.034
53.044
53.054
53.065
53.075
53.084
53.095
53.104
53.115
53.125
53.134
53.145
53.155
53.165
53.175
53.185
53.195
53.204
53.215
53.225
53.234
53.245
53.255
53.266
53.275
53.285
53.295
53.305
53.315
53.326
53.335
53.346
53.355
53.366
53.375
53.386
53.395
53.406
53.416
53.426
53.435
53.446
53.456
53.466
53.476
53.486
53.496
53.506
53.516
53.526
53.536
53.546
53.556
53.566
53.577
53.586
53.596
53.606
53.616
53.626
53.636
53.647
53.656
53.667
53.676
53.687
53.696
53.707
53.717
53.727
53.737
53.747
53.757
53.768
53.777
53.787
53.797
53.807
53.817
53.828
53.837
53.847
53.857
53.867
53.877
53.888
53.897
53.908
53.917
53.928
53.937
53.949
53.959
53.969
53.979
53.987
53.998
54.008
54.018
54.028
54.037
54.048
54.058
54.068
54.079
54.089
54.099
54.109
54.119
54.128
54.138
54.148
54.158
54.168
54.178
54.188
54.198
54.208
54.218
54.229
54.239
54.248
54.259
54.269
54.279
54.289
54.299
54.309
54.319
54.33
54.339
54.349
54.359
54.369
54.38
54.389
54.399
54.41
54.419
54.43
54.439
54.449
54.459
54.469
54.48
54.489
54.499
54.51
54.519
54.53
54.539
54.551
54.561
54.571
54.581
54.59
54.6
54.61
54.62
54.63
54.64
54.65
54.66
54.67
54.68
54.69
54.7
54.71
54.72
54.73
54.74
54.75
54.76
54.771
54.78
54.79
54.8
54.811
54.821
54.831
54.84
54.85
54.861
54.871
54.881
54.891
54.901
54.911
54.921
54.932
54.941
54.951
54.961
54.971
54.982
54.991
55.002
55.011
55.022
55.031
55.041
55.051
55.062
55.073
55.082
55.092
55.101
55.112
55.122
55.132
55.141
55.151
55.162
55.172
55.182
55.191
55.201
55.212
55.222
55.232
55.239
55.247
55.254
55.262
55.273
55.282
55.292
55.302
55.313
55.322
55.333
55.341
55.35
55.361
55.373
55.383
55.391
55.401
55.412
55.423
55.433
55.44
55.451
55.462
55.473
55.483
55.49
55.498
55.505
55.514
55.523
55.533
55.541
55.549
55.558
55.565
55.574
55.584
55.591
55.6
55.608
55.616
55.624
55.634
55.64
55.65
55.658
55.665
55.674
55.684
55.691
55.7
55.71
55.717
55.725
55.734
55.741
55.75
55.76
55.767
55.776
55.785
55.791
55.8
55.81
55.817
55.825
55.835
55.841
55.851
55.86
55.868
55.876
55.886
55.893
55.902
55.913
55.923
55.932
55.94
55.948
55.956
55.965
55.975
55.985
55.992
56.001
56.011
56.019
56.026
56.036
56.043
56.053
56.063
56.074
56.081
56.088
56.095
56.104
56.114
56.126
56.136
56.142
56.15
56.157
56.166
56.175
56.186
56.193
56.202
56.212
56.221
56.228
56.237
56.244
56.254
56.264
56.274
56.281
56.288
56.296
56.305
56.315
56.325
56.335
56.341
56.348
56.356
56.366
56.377
56.386
56.392
56.401
56.409
56.418
56.427
56.437
56.444
56.455
56.465
56.475
56.48
56.489
56.496
56.505
56.514
56.525
56.533
56.54
56.547
56.555
56.565
56.575
56.583
56.59
56.597
56.605
56.616
56.626
56.634
56.64
56.647
56.656
56.665
56.676
56.683
56.69
56.697
56.706
56.716
56.726
56.734
56.741
56.748
56.756
56.766
56.776
56.783
56.791
56.797
56.807
56.816
56.826
56.833
56.841
56.848
56.856
56.866
56.876
56.882
56.891
56.898
56.906
56.916
56.926
56.933
56.941
56.948
56.956
56.966
56.976
56.983
56.991
56.999
57.007
57.016
57.026
57.033
57.041
57.049
57.057
57.067
57.076
57.083
57.091
57.099
57.107
57.117
57.127
57.133
57.141
57.148
57.158
57.168
57.178
57.184
57.192
57.199
57.207
57.217
57.227
57.233
57.242
57.249
57.258
57.267
57.277
57.284
57.292
57.299
57.308
57.317
57.327
57.335
57.343
57.35
57.359
57.367
57.377
57.384
57.393
57.4
57.408
57.418
57.428
57.435
57.443
57.45
57.458
57.468
57.478
57.484
57.493
57.5
57.508
57.518
57.528
57.534
57.544
57.55
57.559
57.568
57.578
57.585
57.594
57.6
57.609
57.618
57.629
57.635
57.643
57.65
57.659
57.668
57.679
57.685
57.695
57.702
57.71
57.72
57.729
57.736
57.744
57.751
57.759
57.768
57.78
57.786
57.795
57.802
57.81
57.819
57.829
57.836
57.845
57.851
57.86
57.869
57.879
57.886
57.895
57.901
57.91
57.919
57.929
57.936
57.945
57.952
57.96
57.969
57.98
57.987
57.995
58.002
58.01
58.019
58.029
58.037
58.045
58.052
58.061
58.07
58.079
58.087
58.095
58.102
58.111
58.12
58.13
58.137
58.146
58.152
58.161
58.17
58.181
58.187
58.196
58.203
58.211
58.22
58.23
58.237
58.246
58.253
58.261
58.271
58.28
58.287
58.297
58.303
58.311
58.321
58.33
58.337
58.347
58.354
58.362
58.371
58.381
58.388
58.397
58.404
58.412
58.421
58.431
58.438
58.447
58.454
58.462
58.471
58.481
58.489
58.497
58.504
58.512
58.522
58.531
58.538
58.548
58.554
58.562
58.572
58.581
58.589
58.598
58.604
58.613
58.622
58.632
58.639
58.648
58.655
58.663
58.672
58.682
58.691
58.7
58.707
58.713
58.722
58.733
58.74
58.748
58.755
58.763
58.773
58.782
58.789
58.799
58.805
58.813
58.823
58.832
58.84
58.849
58.856
58.864
58.873
58.883
58.89
58.899
58.906
58.914
58.923
58.933
58.94
58.949
58.956
58.964
58.973
58.983
58.99
59
59.007
59.014
59.023
59.033
59.04
59.05
59.057
59.064
59.073
59.084
59.091
59.1
59.106
59.115
59.124
59.133
59.141
59.15
59.157
59.165
59.174
59.184
59.191
59.201
59.208
59.215
59.224
59.234
59.242
59.25
59.257
59.265
59.274
59.284
59.291
59.301
59.308
59.315
59.325
59.334
59.342
59.352
59.359
59.366
59.376
59.385
59.392
59.401
59.408
59.416
59.425
59.435
59.442
59.451
59.458
59.466
59.475
59.485
59.493
59.502
59.509
59.517
59.525
59.535
59.542
59.552
59.559
59.566
59.576
59.585
59.593
59.602
59.61
59.617
59.625
59.636
59.643
59.652
59.659
59.667
59.676
59.685
59.694
59.703
59.71
59.717
59.726
59.736
59.744
59.752
59.76
59.767
59.776
59.786
59.794
59.803
59.81
59.817
59.827
59.836
59.844
59.853
59.861
59.868
59.876
59.887
59.894
59.903
59.912
59.918
59.927
59.936
59.945
59.954
59.961
59.968
59.977
59.988
59.995
60.005
60.013
60.019
60.028
60.037
60.045
60.054
60.063
60.07
60.078
60.087
60.096
60.104
60.112
60.119
60.128
60.137
60.145
60.154
60.162
60.169
60.177
60.188
60.196
60.205
60.213
60.219
60.228
60.238
60.245
60.255
60.264
60.271
60.279
60.288
60.296
60.305
60.314
60.32
60.328
60.338
60.348
60.358
60.367
60.377
60.388
60.398
60.408
60.417
60.427
60.438
60.446
60.456
60.463
60.471
60.479
60.489
60.498
60.508
60.519
60.529
60.539
60.548
60.558
60.569
60.579
60.589
60.597
60.606
60.616
60.628
60.639
60.648
60.659
60.669
60.679
60.69
60.699
60.71
60.719
60.729
60.74
60.748
60.757
60.765
60.773
60.78
60.791
60.8
60.809
60.821
60.831
60.842
60.85
60.86
60.869
60.88
60.89
60.899
60.91
60.92
60.93
60.94
60.951
60.961
60.971
60.981
60.991
61
61.011
61.02
61.03
61.04
61.05
61.06
61.07
61.081
61.091
61.1
61.111
61.121
61.131
61.141
61.15
61.161
61.17
61.181
61.191
61.201
61.211
61.222
61.232
61.243
61.251
61.262
61.271
61.281
61.291
61.302
61.311
61.322
61.332
61.342
61.351
61.362
61.372
61.382
61.392
61.402
61.412
61.423
61.432
61.442
61.452
61.462
61.471
61.482
61.492
61.503
61.512
61.522
61.533
61.543
61.552
61.562
61.572
61.582
61.593
61.602
61.612
61.623
61.632
61.643
61.652
61.663
61.672
61.683
61.693
61.703
61.713
61.723
61.733
61.744
61.753
61.763
61.773
61.783
61.793
61.803
61.814
61.823
61.834
61.844
61.853
61.864
61.873
61.883
61.894
61.903
61.914
61.923
61.934
61.944
61.954
61.964
61.973
61.984
61.994
62.004
62.014
62.024
62.035
62.044
62.055
62.064
62.074
62.084
62.095
62.104
62.115
62.125
62.135
62.147
62.155
62.165
62.174
62.184
62.195
62.206
62.216
62.225
62.235
62.245
62.255
62.266
62.276
62.285
62.295
62.305
62.315
62.325
62.335
62.345
62.356
62.365
62.375
62.385
62.396
62.405
62.416
62.425
62.436
62.446
62.456
62.466
62.475
62.486
62.497
62.506
62.516
62.526
62.536
62.546
62.556
62.566
62.576
62.586
62.596
62.607
62.616
62.626
62.636
62.647
62.656
62.667
62.676
62.686
62.697
62.706
62.717
62.726
62.737
62.747
62.757
62.767
62.776
62.787
62.797
62.807
62.817
62.827
62.837
62.847
62.857
62.868
62.877
62.887
62.898
62.907
62.918
62.927
62.938
62.948
62.957
62.968
62.976
62.988
62.998
63.007
63.018
63.027
63.038
63.048
63.058
63.068
63.077
63.088
63.098
63.109
63.118
63.128
63.138
63.149
63.159
63.168
63.177
63.188
63.199
63.209
63.219
63.229
63.24
63.25
63.259
63.27
63.278
63.289
63.299
63.309
63.319
63.328
63.339
63.349
63.359
63.369
63.379
63.389
63.4
63.409
63.419
63.428
63.439
63.449
63.46
63.469
63.479
63.489
63.5
63.51
63.52
63.529
63.539
63.55
63.56
63.57
63.579
63.589
63.6
63.61
63.62
63.629
63.639
63.65
63.66
63.67
63.679
63.69
63.7
63.711
63.72
63.73
63.74
63.751
63.76
63.771
63.779
63.79
63.8
63.811
63.821
63.83
63.84
63.851
63.861
63.872
63.88
63.891
63.901
63.911
63.922
63.93
63.94
63.951
63.962
63.971
63.98
63.99
64.001
64.011
64.022
64.03
64.041
64.051
64.062
64.072
64.081
64.09
64.101
64.111
64.122
64.13
64.141
64.151
64.162
64.172
64.181
64.191
64.201
64.212
64.221
64.231
64.24
64.251
64.26
64.271
64.28
64.291
64.3
64.309
64.318
64.326
64.335
64.344
64.353
64.363
64.373
64.381
64.392
64.402
64.412
64.422
64.431
64.441
64.451
64.46
64.47
64.479
64.487
64.495
64.504
64.514
64.524
64.532
64.542
64.552
64.561
64.571
64.581
64.59
64.6
64.607
64.615
64.625
64.633
64.643
64.653
64.663
64.673
64.682
64.692
64.702
64.709
64.718
64.727
64.735
64.744
64.756
64.765
64.775
64.783
64.792
64.803
64.81
64.819
64.829
64.838
64.846
64.855
64.865
64.875
64.884
64.893
64.903
64.912
64.922
64.931
64.94
64.949
64.957
64.966
64.977
64.984
64.993
65.004
65.011
65.02
65.029
65.039
65.048
65.057
65.066
65.077
65.085
65.094
65.104
65.111
65.12
65.13
65.139
65.149
65.157
65.167
65.177
65.185
65.194
65.204
65.212
65.221
65.23
65.24
65.25
65.259
65.268
65.277
65.285
65.294
65.304
65.312
65.321
65.332
65.341
65.351
65.36
65.369
65.378
65.386
65.395
65.405
65.413
65.423
65.433
65.443
65.454
65.461
65.47
65.48
65.488
65.499
65.508
65.518
65.528
65.536
65.545
65.555
65.562
65.572
65.582
65.593
65.602
65.61
65.621
65.632
65.64
65.65
65.66
65.67
65.68
65.687
65.697
65.705
65.713
65.724
65.734
65.745
65.755
65.762
65.773
65.783
65.794
65.804
65.811
65.822
65.833
65.844
65.854
65.862
65.874
65.885
65.894
65.904
65.911
65.922
65.933
65.944
65.955
65.962
65.973
65.985
65.995
66.006
66.012
66.024
66.036
66.047
66.056
66.063
66.074
66.085
66.096
66.106
66.114
66.125
66.136
66.146
66.157
66.164
66.175
66.186
66.197
66.207
66.214
66.226
66.236
66.247
66.257
66.264
66.276
66.286
66.297
66.307
66.315
66.326
66.337
66.347
66.358
66.365
66.376
66.387
66.397
66.408
66.416
66.427
66.437
66.448
66.457
66.466
66.477
66.487
66.498
66.508
66.516
66.528
66.538
66.548
66.558
66.566
66.577
66.588
66.598
66.608
