-0.15145
-0.15235
-0.15169
-0.14882
-0.14799
-0.1511
-0.15248
-0.15018
-0.15261
-0.14556
-0.14702
-0.1515
-0.14132
-0.14889
-0.15161
-0.15197
-0.14862
-0.15192
-0.15231
-0.14519
-0.15063
-0.14843
-0.15722
-0.14788
-0.15016
-0.14572
-0.14581
-0.15149
-0.15158
-0.15616
-0.15151
-0.15259
-0.14712
-0.14942
-0.14929
-0.15612
-0.1523
-0.14871
-0.14427
-0.15053
-0.15195
-0.14705
-0.14488
-0.15116
-0.14599
-0.15162
-0.15156
-0.15125
-0.14815
-0.1513
-0.14911
-0.15174
-0.15231
-0.15169
-0.15211
-0.15341
-0.15292
-0.15137
-0.14799
-0.15287
-0.14967
-0.14302
-0.15107
-0.15139
-0.15785
-0.1456
-0.15359
-0.15237
-0.14723
-0.15035
-0.15379
-0.15249
-0.15318
-0.14998
-0.15132
-0.14969
-0.15455
-0.14488
-0.14857
-0.15143
-0.14991
-0.15989
-0.15277
-0.15293
-0.15203
-0.15348
-0.14837
-0.15151
-0.15044
-0.15415
-0.14528
-0.15137
-0.15148
-0.15316
-0.15113
-0.15187
-0.15387
-0.15379
-0.15155
-0.15213
-0.16037
-0.14989
-0.15389
-0.1438
-0.15127
-0.15137
-0.15492
-0.15098
-0.15231
-0.15025
-0.15682
-0.15297
-0.15299
-0.15384
-0.15065
-0.15514
-0.15125
-0.15107
-0.15157
-0.15905
-0.15101
-0.15282
-0.15568
-0.15302
-0.14567
-0.15449
-0.15105
-0.14856
-0.15131
-0.1517
-0.15059
-0.15372
-0.14861
-0.15286
-0.15242
-0.15182
-0.15367
-0.15289
-0.14776
-0.15256
-0.14529
-0.15156
-0.15589
-0.15304
-0.151
-0.1563
-0.15317
-0.15213
-0.15516
-0.15565
-0.15431
-0.14293
-0.14807
-0.15217
-0.15858
-0.15109
-0.15059
-0.15328
-0.14995
-0.152
-0.15055
-0.14891
-0.15274
-0.15084
-0.15706
-0.15431
-0.14959
-0.16101
-0.15183
-0.15153
-0.15104
-0.14875
-0.14983
-0.15845
-0.15835
-0.14979
-0.15115
-0.14921
-0.14911
-0.15135
-0.15662
-0.14799
-0.15104
-0.14331
-0.14973
-0.15317
-0.15413
-0.14473
-0.15063
-0.15076
-0.15098
-0.14923
-0.15283
-0.15773
-0.15568
-0.14721
-0.14742
-0.1528
-0.15324
-0.14827
-0.15104
-0.15281
-0.15294
-0.15317
-0.15409
-0.15273
-0.15345
-0.14553
-0.14971
-0.15471
-0.15251
-0.15404
-0.14982
-0.15465
-0.15286
-0.15775
-0.15946
-0.1547
-0.1545
-0.14874
-0.14456
-0.15355
-0.15571
-0.15381
-0.15177
-0.14805
-0.15295
-0.15282
-0.15214
-0.14955
-0.14895
-0.14942
-0.15122
-0.15265
-0.15174
-0.15205
-0.15131
-0.15281
-0.15421
-0.14421
-0.15251
-0.15215
-0.14991
-0.15209
-0.15117
-0.15311
-0.15207
-0.15255
-0.15093
-0.15209
-0.15256
-0.14534
-0.15281
-0.1484
-0.15115
-0.15126
-0.15296
-0.14782
-0.15413
-0.15287
-0.14915
-0.1486
-0.15263
-0.15426
-0.1465
-0.15272
-0.15272
-0.15181
-0.15104
-0.15062
-0.14746
-0.15117
-0.1532
-0.15084
-0.15043
-0.15103
-0.14591
-0.14545
-0.15094
-0.15258
-0.15186
-0.14913
-0.15269
-0.14425
-0.15092
-0.15264
-0.14704
-0.15346
-0.15364
-0.1486
-0.15562
-0.15172
-0.15401
-0.14495
-0.15087
-0.15307
-0.15843
-0.15156
-0.14393
-0.15357
-0.15328
-0.15221
-0.14282
-0.15395
-0.1474
-0.14733
-0.15085
-0.14989
-0.14896
-0.14892
-0.15221
-0.15355
-0.15312
-0.14773
-0.15317
-0.14935
-0.15316
-0.15186
-0.14693
-0.15562
-0.15269
-0.14973
-0.15192
-0.15081
-0.15554
-0.15088
-0.15171
-0.15564
-0.1512
-0.15116
-0.14245
-0.14852
-0.15237
-0.14991
-0.15122
-0.15146
-0.1519
-0.15118
-0.14571
-0.15142
-0.14785
-0.15285
-0.15798
-0.15071
-0.15118
-0.15039
-0.15498
-0.14537
-0.15536
-0.15111
-0.15238
-0.15325
-0.14606
-0.14265
-0.14967
-0.15288
-0.14884
-0.15152
-0.15108
-0.15215
-0.15122
-0.15014
-0.14535
-0.1526
-0.15979
-0.15803
-0.15446
-0.14947
-0.15498
-0.15063
-0.14968
-0.15156
-0.15354
-0.15964
-0.15136
-0.15342
-0.15512
-0.15606
-0.1512
-0.14886
-0.14812
-0.15257
-0.14857
-0.1548
-0.15271
-0.15662
-0.15562
-0.15229
-0.1543
-0.14305
-0.15192
-0.15335
-0.14941
-0.15429
-0.15125
-0.1516
-0.15527
-0.15109
-0.1476
-0.1525
-0.14942
-0.15258
-0.15011
-0.15265
-0.14692
-0.14912
-0.15195
-0.15353
-0.1521
-0.15268
-0.15185
-0.15481
-0.15227
-0.15076
-0.15521
-0.14801
-0.14885
-0.14403
-0.14949
-0.14624
-0.14807
-0.15416
-0.14997
-0.15326
-0.15648
-0.14864
-0.15684
-0.15298
-0.15872
-0.14247
-0.1305
-0.098817
-0.05299
0.015595
0.13111
0.09896
0.087486
0.097913
0.084325
0.078382
0.086612
0.081034
0.063325
0.041406
0.055836
0.072643
0.043868
0.055998
0.012488
0.065796
0.049846
0.086685
0.1122
0.16569
0.24951
0.28592
0.24464
0.1868
0.16684
0.14756
0.11666
0.006537
-0.002059
0.0046825
0.00022144
0.009643
0.0031863
0.0092362
0.011008
-0.003165
-0.0014884
0.0030994
0.0028529
0.0015648
-0.0050989
0.0022475
0.0072059
-0.0012225
-0.76612
-0.58264
-1.1608
-1.1102
-1.0291
-0.99051
-1.1249
-0.99233
-1.0542
-1.0733
-0.84445
-0.56217
-0.24358
-0.10755
-0.074038
0.04561
0.077208
0.049521
0.048169
0.044376
0.042668
0.057274
0.082673
0.13227
0.21703
0.10647
-0.56969
-0.49538
-0.64904
-0.67662
-0.81876
-0.84037
-0.81514
-0.66001
-0.45287
-0.2119
-0.22413
-0.18906
-0.34035
-0.14558
0.031851
0.030926
0.048222
0.041366
0.053541
0.076681
-0.87584
-1.0301
-1.1858
-1.2783
-1.3504
-1.4146
-1.4555
-1.4956
-1.4995
-1.2908
-1.2689
-1.072
-0.81207
-0.52663
-0.38449
-0.15052
-0.041542
-0.0013336
0.0063169
0.025198
0.0068225
0.011212
0.0019622
0.0038499
0.0053846
0.0062102
-0.18093
-0.5288
-0.57958
-0.72939
-0.67433
-0.49956
-0.54225
-0.44235
-0.36105
-0.10176
-0.0014595
0.061819
0.10113
0.069848
0.049526
0.064969
0.035091
0.03404
0.043592
0.057949
0.16637
0.33061
0.082892
-0.2472
-0.58824
-0.77418
-0.67243
-0.65434
-0.59813
-0.37418
-0.55916
-0.72312
-0.92557
-0.82554
-0.78263
-0.48237
-0.12139
0.092125
-0.013182
0.010262
0.094609
-0.020886
0.039738
0.011127
-0.0046501
-0.78347
-0.85214
-1.0059
-1.0405
-1.1601
-1.1368
-1.1778
-1.2099
-1.2493
-1.2105
-1.1551
-1.0393
-0.70742
-0.53471
-0.24318
-0.070788
-0.011232
-0.001743
-0.00098042
0.0025725
-0.00065849
-0.0076251
0.0024265
0.0005625
-0.00035859
0.0063426
-0.0066264
0.0032535
0.0079528
-0.00015805
0.001924
0.0050105
0.051519
-0.030471
-0.25031
-0.21468
-0.15493
-0.13432
-0.26998
0.1286
0.14308
0.11616
0.10997
0.056137
0.066753
0.078002
0.072815
0.077345
0.077057
0.10018
0.10115
-0.18377
-0.52066
-0.71913
-0.69813
-0.78793
-0.98648
-0.77518
-0.76062
-0.80609
-1.0259
-1.2232
-1.2413
-1.2763
-1.2616
-1.1873
-1.0011
-0.98009
-1.0514
-0.86965
-0.66123
-0.28264
-0.12648
-0.036061
-0.048343
-0.056832
-0.17714
-0.24764
-0.50026
-0.64462
-0.71513
-1.0051
-1.0692
-1.0494
-1.095
-1.1126
-0.80925
-0.70349
-0.44029
-0.25744
-0.095452
-0.082182
-0.0093883
-0.00011065
-0.00078964
-0.0034214
-0.0091727
-0.0021941
-4.1173e-06
7.8052e-05
0.0025662
0.002759
0.0057757
0.0056389
-0.12792
-0.63636
-0.66268
-0.63125
-0.59448
-0.55069
-0.62565
-0.65099
-0.30189
-0.067973
0.064992
0.084909
0.079399
0.065877
0.054236
0.040149
0.041487
0.061989
0.067812
0.06233
-0.20568
-0.57121
-0.80823
-0.84464
-1.0086
-0.84925
-0.52576
-0.56096
-1.2047
-0.9966
-0.73296
-0.56668
-0.4796
-0.39495
-0.38366
-0.22488
-0.10811
0.026996
0.12801
0.021081
0.00038405
-0.16989
-0.34312
-0.57309
-0.75533
-0.85785
-0.78483
-0.88861
-1.027
-0.98005
-0.80189
-0.72609
-0.47785
-0.27842
-0.082879
-0.02418
-0.0063509
-0.00095828
-0.0019745
-0.007644
-0.0050573
0.0023004
-0.0002328
-0.0031301
-0.0041172
0.0046725
0.0018697
-0.0042511
0.071697
-0.30115
-0.49275
-0.54469
-0.5766
-0.50969
-0.5774
-0.64038
-0.28451
-0.19653
-0.016269
-0.047807
0.083545
0.090771
0.083053
0.057901
0.068095
0.091394
0.13175
-0.076454
-0.42232
-0.71023
-0.67573
-0.88372
-1.1132
-0.97383
-0.79606
-0.62784
-0.84297
-1.0368
-1.2632
-0.56792
-0.41543
-0.2296
-0.31856
-0.10494
-0.039153
-0.012242
0.036544
0.066908
-0.024006
-0.11748
-0.27114
-0.52793
-0.6812
-0.75406
-0.8146
-0.86147
-0.97097
-0.82252
-0.64745
-0.62822
-0.49462
-0.17037
-0.024808
-0.002713
-0.001608
0.013584
0.021831
-0.004899
-0.0010972
0.0015332
0.0021054
0.0023324
0.00026473
0.0072533
-0.0051659
-0.0047421
0.0024984
-0.32253
-0.45722
-0.49613
-0.48031
-0.46201
-0.54525
-0.5174
-0.30602
-0.1454
-0.037199
-0.010843
0.022354
0.054214
0.069418
0.074878
0.10729
0.12168
0.11862
0.096014
0.070155
-0.62235
-0.59221
-0.72835
-0.91904
-0.72377
-0.62578
-0.56911
-0.76783
-1.0215
-1.0837
-1.1675
-1.1623
-1.0122
-0.69527
-0.38436
-0.23446
-0.13418
-0.34814
-0.049527
-0.05263
0.039103
0.048852
0.090373
0.046753
-0.078471
-0.43454
-0.59466
-0.70287
-0.79537
-0.79363
-0.84731
-0.87909
-0.91638
-1.0092
-1.0271
-1.0062
-0.98791
-0.86927
-0.83684
-0.6712
-0.26822
-0.079252
-0.0086983
-0.052973
-0.00089216
-0.0010334
-0.013105
-0.00074537
0.0030524
-0.0048455
-0.0015892
0.00059806
0.007072
-0.00044807
0.0037864
-7.1056e-06
0.0074896
0.00013412
-0.0043304
0.016953
-0.37439
-0.49987
-0.53764
-0.60539
-0.5044
-0.6449
-0.63962
-0.41779
-0.3115
-0.11163
-0.024834
-0.015133
0.026925
0.042786
0.06146
0.080464
0.092901
0.10936
0.09321
0.086835
0.094757
0.049102
-0.19587
-0.51501
-0.63259
-0.59772
-0.84584
-1.0636
-0.93424
-0.71267
-0.69248
-0.86992
-1.0358
-1.1972
-1.2504
-1.2407
-0.97038
-0.80184
-0.58165
-0.47235
-0.36056
-0.50598
-0.25162
-0.11337
-0.0112
0.018649
0.057803
0.033171
-0.15716
-0.30789
-0.56773
-0.81908
-0.76421
-0.95103
-1.0832
-0.98206
-0.86321
-0.67361
-0.69107
-0.45706
-0.16287
-0.041808
-0.013184
-0.031831
-0.00074584
-0.0014085
-0.0097205
-0.0081304
-0.015848
-0.00029525
-0.0017321
0.00079602
-0.0025647
-0.00027775
0.0032715
-0.069848
-0.45005
-0.55867
-0.53665
-0.59765
-0.5376
-0.69168
-0.61201
-0.32333
-0.25154
-0.053013
0.061068
0.071248
0.079863
0.081273
0.069752
0.06376
0.081256
0.068499
-0.14515
-0.53976
-0.58996
-0.65681
-1.0184
-1.1291
-0.8993
-0.75548
-0.72283
-0.90997
-1.2492
-0.9586
-0.86481
-0.77868
-0.68379
-0.60577
-0.42547
-0.22028
-0.08074
-0.048456
-0.010323
-0.093594
-0.15243
-0.35286
-0.54435
-0.6993
-0.86406
-0.90079
-1.0331
-0.92312
-0.89388
-0.64432
-0.64277
-0.42721
-0.15663
-0.04101
-0.0083035
-0.02365
-0.00016991
-0.0012004
-0.0089729
-0.0045311
0.00011805
-7.6122e-05
-0.00087355
0.00071248
-0.00042174
-0.0048731
-0.032715
-0.003697
-0.49668
-0.64645
-0.64481
-0.66554
-0.63948
-0.71763
-0.81547
-0.47346
0.016803
0.042574
0.060934
0.060992
0.068844
0.064451
0.049757
0.055777
0.071428
0.096595
-0.15621
-0.48812
-0.60898
-0.65459
-0.90555
-1.0903
-0.78997
-1.0526
-1.2635
-1.3373
-1.175
-0.94225
-0.78028
-0.73345
-0.63256
-0.43641
-0.51624
-0.3707
-0.14395
-0.10373
-0.0077558
0.042212
-0.028542
-0.1296
-0.29338
-0.88051
-0.85279
-0.89818
-1.0478
-1.0375
-1.0272
-1.0169
-0.72809
-0.62355
-0.37504
-0.13436
-0.030208
-0.0032284
-0.00059048
-0.0025039
-0.0023043
-0.0033726
-0.0037148
-0.0032179
0.00033155
-0.0047881
-0.00088597
0.00039662
-0.0036602
-0.0026777
0.0037956
0.070497
-0.16224
-0.42444
-0.45235
-0.53886
-0.45739
-0.62991
-0.66226
-0.021634
-0.036654
0.027291
0.036908
0.069883
0.078832
0.089701
0.097458
0.081454
0.079818
0.091059
-0.034779
-0.3889
-0.50061
-0.59359
-0.9518
-1.0884
-1.1577
-1.1265
-1.3325
-1.3711
-1.2817
-0.9706
-0.95946
-0.89639
-0.79626
-0.592
-0.54869
-0.28283
-0.18611
-0.053027
-0.0019054
0.0037472
-0.0059335
-0.16521
-0.28068
-0.7685
-0.74736
-0.69097
-0.95491
-1.1239
-1.0419
-1.0207
-1.0033
-0.70296
-0.50573
-0.37677
-0.1707
-0.028105
0.010159
-0.0010984
-0.0011273
-0.0021705
-0.0029019
-0.0012583
-0.0045907
-0.0030926
0.0023866
0.0028224
0.0022365
0.0012571
-0.00031191
-0.060143
-0.47284
-0.62684
-0.49654
-0.62581
-0.61073
-0.64815
-0.74493
0.020801
0.0428
0.040988
0.050367
0.061853
0.062419
0.067164
0.063984
0.068653
0.066222
0.070115
-0.19406
-0.58022
-0.54921
-0.79538
-0.94105
-1.0871
-0.7601
-0.74193
-0.76261
-1.1894
-1.1219
-1.0558
-0.91753
-0.83726
-0.84788
-0.67283
-0.71258
-0.33625
-0.24578
-0.083711
-0.0084768
-0.009382
-0.049178
-0.13329
-0.37527
-0.60119
-0.78704
-0.89672
-0.87279
-0.86859
-0.83062
-0.96209
-1.0557
-1.0722
-1.07
-1.0282
-0.64623
-0.65616
-0.43661
-0.17849
-0.055424
-0.00049267
0.0028116
0.007016
-0.00087998
0.0019264
-0.0058084
-0.0040249
0.00062152
-0.0024878
0.0025383
-0.0028005
-2.0393e-05
0.00014251
-0.0076288
-0.0014006
-0.27225
-0.55006
-0.44719
-0.48989
-0.51456
-0.58024
-0.67624
-0.3206
-0.17108
-0.10603
-0.036143
-0.012301
0.015002
0.025994
0.03545
0.060445
0.072724
0.077241
0.072908
0.07993
0.06452
-0.059989
-0.38902
-0.59585
-0.60408
-0.9059
-1.1255
-1.319
-0.95245
-0.7692
-0.91158
-0.94807
-1.1348
-1.4195
-1.3963
-1.2026
-0.95631
-0.95066
-0.8734
-0.7045
-0.59931
-0.70287
-0.39575
-0.2474
-0.038741
0.058589
0.096317
-0.034086
-0.01124
-0.17414
-0.39182
-0.61121
-0.80509
-0.78438
-0.7939
-0.82667
-0.86622
-0.89655
-1.1494
-1.1125
-0.9302
-0.49536
-0.5274
-0.32828
-0.095739
-0.018443
-0.0052406
-0.036698
-0.00076084
0.00043516
-0.0063419
-0.0046878
1.9292e-05
-0.0040403
-0.0028021
-0.001387
-0.00028437
0.0021375
0.0019868
0.0038001
-0.0033201
-0.0019433
-0.0035036
0.033792
-0.33254
-0.54091
-0.50939
-0.44325
-0.46977
-0.508
-0.50502
-0.32932
-0.21628
0.0050049
0.014408
0.021287
0.058703
0.054277
0.067588
0.068572
0.069226
0.084155
0.09449
0.10463
0.057722
-0.20401
-0.56094
-0.68026
-0.88918
-1.1078
-1.2448
-1.3133
-1.1225
-0.98998
-0.90263
-0.99044
-1.1633
-1.2491
-1.2907
-1.097
-0.4903
-0.12796
0.04631
0.09548
0.14538
0.238
0.1456
0.16668
0.16239
0.16758
0.18924
0.041604
-0.25875
-0.30139
-0.43596
-0.42857
-0.55732
-0.69908
-0.93488
-1.1601
-1.3115
-1.2803
-1.3699
-1.3878
-1.3238
-0.9555
-0.54692
-0.27222
-0.14956
-0.046952
0.014496
0.0048027
-0.0059879
0.0066571
-0.0027355
0.0066335
0.00012923
0.0088014
0.003169
0.0041776
0.0061407
0.0057511
0.0066651
0.0019991
0.0019298
0.0036242
-0.046528
-0.55154
-0.36004
-0.5358
-0.40313
-0.2614
-0.26071
-0.36982
-0.24682
-0.11565
-0.047097
-0.012388
-0.0069187
0.070301
0.064984
0.049392
0.050213
0.067881
0.088993
0.081581
0.07036
0.091794
0.084001
0.10638
0.077477
-0.23087
-0.35059
-0.65025
-0.84908
-1.0667
-0.94704
-0.9381
-0.87638
-1.0346
-1.1614
-1.1677
-1.2154
-0.96345
-0.5743
-0.23896
-0.026726
0.031444
0.011221
0.086747
0.19638
0.1314
0.12866
0.14976
0.15826
-0.045752
-0.41853
-0.49771
-0.64675
-0.69913
-0.74766
-0.92059
-1.1304
-1.2397
-1.3114
-1.3481
-1.3595
-1.3151
-1.2911
-1.0111
-0.64812
-0.47209
-0.25565
-0.065303
0.053769
0.013038
-0.0018136
-0.0001862
-0.0048678
-0.00045183
0.0020474
0.0044756
0.0061315
-0.00051621
0.0060779
0.0067669
0.006487
0.0023775
0.00092312
0.0025805
0.0033429
0.0022531
-0.11523
-0.040884
-0.016735
0.045897
0.027186
0.047607
0.1037
0.13704
0.13886
0.17388
0.11158
0.10103
0.091527
0.085744
0.086563
0.049283
0.094996
0.08226
0.092493
0.10977
0.088518
-0.038927
-0.012997
-0.30206
-0.71467
-1.0097
-1.0644
-1.045
-1.0561
-0.94419
-0.99309
-1.2015
-1.2194
-1.1729
-1.1292
-0.99863
-0.81917
-0.58741
-0.47135
-0.30564
-0.19606
-0.11003
0.085073
0.18638
0.17236
0.16682
0.17588
0.17238
0.058212
-0.15116
-0.40199
-0.72092
-0.52826
-0.66747
-0.83161
-0.81585
-1.018
-1.0868
-1.0803
-1.0796
-1.0167
-0.57768
-0.29556
-0.098125
0.011476
0.11261
0.045055
-0.025004
0.0037543
-0.00018768
-0.002335
-0.0015045
0.0018446
0.0044231
0.0006675
0.0059646
0.0048975
0.0060439
0.0012508
0.0048664
-0.002463
-0.0068065
0.0045585
-0.0092297
0.012248
0.10535
0.12729
0.14523
0.13654
0.076828
0.037676
0.14433
0.17663
0.23436
0.15814
0.11175
0.090205
0.072019
0.066989
0.092922
0.10269
0.11373
0.058436
-0.030273
-0.069342
-0.05542
-0.14228
-0.42264
-0.76844
-0.99304
-1.1511
-1.1991
-1.2048
-1.1085
-1.1525
-1.2927
-1.4498
-1.2427
-1.1139
-0.83657
-0.64868
-0.40067
-0.22963
-0.12952
-0.1405
-0.15988
0.14222
0.11276
0.16248
0.13055
0.11998
0.11886
0.21818
0.078416
-0.11891
-0.24969
-0.47959
-0.72443
-0.72832
-0.77619
-0.82385
-0.97212
-0.92218
-0.95903
-0.91692
-0.50541
-0.26912
-0.078598
0.085868
0.10947
0.030099
-0.016668
0.0054653
0.0008859
5.4615e-05
0.0049616
0.0094534
0.012079
0.0093149
0.0073963
0.010081
0.0073621
0.0053195
0.0070785
0.0039699
-0.00097617
0.0054713
-0.052959
-0.015083
0.031153
0.075522
0.061621
0.052644
0.084766
0.084298
0.10529
0.17989
0.17975
0.16865
0.16376
0.14989
0.13692
0.099606
0.10273
0.13026
0.14039
0.14956
0.13263
0.090007
0.01541
-0.16188
-0.13385
-0.22974
-0.66725
-0.97341
-1.1203
-1.3363
-1.1583
-1.2717
-1.2456
-1.3509
-1.2811
-1.1967
-1.0079
-0.72431
-0.41704
-0.27461
-0.15076
-0.12016
-0.025211
-0.091572
0.022805
0.1556
0.16404
0.090381
0.16404
-0.02344
-0.047033
-0.21624
-0.4694
-0.56105
-0.76094
-0.7474
-0.76834
-0.85983
-0.8036
-0.80246
-0.82184
-0.75791
-0.26642
-0.048107
0.0064595
0.086577
0.063085
0.0041973
-0.0014805
0.0077198
0.0019892
0.0058805
0.0068547
0.0091136
0.00936
0.0067791
0.010296
0.0085472
0.012269
0.011588
0.0061632
0.0075975
-0.0040583
0.0025271
0.19461
0.12404
0.13299
0.17369
0.26732
0.29231
0.27428
0.28383
0.27182
0.30795
0.28573
0.31257
0.28084
0.25987
0.26106
0.23935
0.23226
0.22722
0.29127
0.21073
0.2596
0.30449
0.2442
0.13939
-0.041628
-0.075615
-0.14436
-0.48873
-0.85417
-0.91514
-1.2209
-1.1144
-1.123
-1.3014
-1.1625
-1.1338
-0.91688
-0.55644
-0.24665
-0.04724
-0.058454
0.034468
0.15714
0.13325
0.21919
0.20782
0.16698
0.085454
0.16081
0.089936
0.050466
-0.15281
-0.52992
-0.5774
-0.78232
-0.80011
-0.67214
-0.8941
-0.95356
-0.96246
-0.95882
-0.94155
-0.5408
-0.242
-0.018325
0.071944
0.085509
0.020714
0.0028327
-0.0018606
0.0025194
0.0083454
0.0076826
0.0082159
0.012736
0.010369
0.0098822
0.010074
0.012443
0.010965
0.0096743
0.0085526
-0.00048473
0.0023826
0.14632
0.19208
0.095323
0.17791
0.24271
0.23914
0.2743
0.33003
0.35239
0.31966
0.29015
0.28354
0.22428
0.22434
0.22351
0.16757
0.15956
0.18556
0.2095
0.17726
0.24853
0.23696
0.087755
-0.03395
-0.043622
-0.12892
-0.57088
-0.83036
-1.0773
-1.2434
-1.0815
-1.0934
-1.0467
-1.1555
-1.1973
-1.1086
-1.0136
-0.9337
-0.66081
-0.44365
-0.29631
-0.21696
-0.19758
-0.058091
0.14568
0.22773
0.19914
0.10626
0.1221
0.13302
0.16373
-0.079517
-0.23073
-0.4191
-0.678
-0.65965
-0.7061
-0.70769
-0.72559
-0.72917
-0.73289
-0.71946
-0.28222
0.031653
0.012675
0.11297
0.088397
0.0039085
0.002835
0.00064646
0.003424
0.0076503
0.0088088
0.0056355
-0.0024518
0.0016509
-0.00038371
-6.1044e-06
0.0041352
0.0036721
0.0023618
0.0032006
-0.0034643
0.0052117
0.12991
0.14779
0.10753
0.17109
0.21447
0.23789
0.27597
0.27361
0.27069
0.29451
0.34376
0.31738
0.27408
0.18782
0.18829
0.19862
0.17987
0.19543
0.19157
0.22781
0.19416
0.037566
0.0079468
0.0055335
-0.20087
-0.48124
-0.77385
-0.96118
-1.1002
-1.3495
-1.0972
-1.1362
-1.1923
-1.2337
-1.1146
-1.0089
-0.95993
-0.74167
-0.46415
-0.25275
-0.21813
-0.20861
-0.082901
-0.052951
0.074778
0.12011
0.1744
0.12488
0.13748
0.1321
0.16137
-0.0033447
-0.23033
-0.33875
-0.59439
-0.56068
-0.51539
-0.65512
-0.6434
-0.75428
-0.67918
-0.70215
-0.29067
-0.075677
-0.035584
0.082092
0.068147
0.008918
-0.0010181
0.0012292
0.00021999
0.0054789
0.0070033
-0.0039731
0.0035997
0.0021228
-0.0056631
0.0022711
0.0054647
0.0038864
0.00089388
-0.00035784
-0.0028302
0.00046949
0.1123
0.17737
0.16266
0.18648
0.21714
0.27407
0.2861
0.30139
0.28496
0.31657
0.32235
0.27626
0.22006
0.20675
0.13858
0.13603
0.15407
0.16165
0.18416
0.19058
0.22747
0.11145
-0.013409
0.040695
-0.050301
-0.34095
-0.52696
-0.62592
-0.9877
-1.1048
-1.2052
-1.2233
-1.3286
-1.2804
-1.2434
-1.148
-1.1414
-1.0455
-0.94331
-0.81209
-0.75877
-0.62911
-0.33093
-0.03038
0.13031
0.076464
0.057799
0.067596
0.077254
0.019837
0.062681
0.064119
-0.024497
-0.1474
-0.33931
-0.49628
-0.69044
-0.87486
-0.97014
-1.0082
-1.0851
-1.103
-1.0843
-1.1177
-1.054
-1.008
-0.96092
-0.88702
-0.80536
-0.74291
-0.70114
-0.64332
-0.55911
-0.36759
-0.12422
0.072037
0.12899
0.10633
0.093685
0.097784
0.11799
0.13694
0.13825
0.14126
0.14391
0.14943
0.14454
0.12793
0.09676
0.06173
-0.010513
-0.020931
-0.079366
-0.09379
-0.13065
-0.16027
-0.18062
-0.22635
-0.24557
-0.24405
-0.23068
-0.15761
-0.07712
-0.028884
0.027876
0.063642
0.095979
0.094643
0.10616
0.13242
0.12914
0.12415
0.13354
0.12669
0.13845
0.13062
0.10482
0.10645
0.092731
0.094188
0.094222
0.090851
0.078094
0.067926
0.077695
0.070137
0.0488
0.025734
0.030686
0.040883
0.055601
0.059333
0.065165
0.071974
0.081785
0.071093
0.06131
0.064337
0.062066
0.065286
0.070962
0.067967
0.085988
0.070705
0.069159
0.085271
0.076628
0.071679
0.060437
0.063772
0.058031
0.063668
0.080573
0.099301
0.08706
0.07896
0.080067
0.090001
0.10454
0.095091
0.072265
0.066195
0.078715
0.074701
0.07633
0.086211
0.086599
0.092533
0.086517
0.077843
0.085593
0.090801
0.094331
0.082802
0.08209
0.072235
0.0078141
0.021898
0.029011
0.039345
0.058607
0.0692
0.076187
0.080145
0.085724
0.11084
0.11433
0.11138
0.11271
0.10013
0.096735
0.089902
0.07819
0.066093
0.056073
0.059975
0.048551
0.055034
0.048741
0.048006
0.042783
0.053216
0.059701
0.061719
0.065593
0.071879
0.07115
0.079012
0.072411
0.071016
0.070377
0.061572
0.051087
0.05549
0.057495
0.042984
0.04962
0.059376
0.057704
0.052445
0.053675
0.059031
0.051198
0.051408
0.041894
-0.017356
-0.0063618
9.8127e-05
-0.0059884
0.0034316
0.021198
0.020475
0.0053567
0.010419
0.0091998
0.019183
-0.0022168
-0.00068332
-0.0067721
-0.0073313
0.0097616
0.0036194
0.011207
0.020978
0.01067
0.0095577
0.00656
0.0089471
0.010932
0.0080022
0.0102
0.0034289
0.0026562
-0.003551
-0.006397
-0.01377
-0.02029
-0.022116
-0.027669
-0.021725
-0.025846
-0.023314
-0.031558
-0.021231
-0.033566
-0.031499
-0.030763
-0.027865
-0.023649
-0.017694
-0.02229
-0.020613
-0.012246
-0.014447
-0.022453
-0.021039
-0.025519
-0.019286
-0.021318
-0.020604
-0.020398
-0.019952
-0.018825
-0.019809
-0.021332
-0.020033
-0.017489
-0.013597
-0.02293
-0.023434
-0.02628
-0.023736
-0.030544
-0.020637
-0.028586
-0.028292
-0.028004
-0.025811
-0.022021
-0.017978
-0.021027
-0.018613
-0.01514
-0.017574
-0.018269
-0.017239
-0.01895
-0.017376
-0.010742
-0.020424
-0.019318
-0.011986
-0.009919
-0.02316
-0.029091
-0.048879
-0.049042
-0.041953
-0.050533
-0.035477
-0.039779
-0.045204
-0.045919
-0.04812
-0.045419
-0.045736
-0.045573
-0.046853
-0.064171
-0.057
-0.055844
-0.05744
-0.056675
-0.054115
-0.058867
-0.056531
-0.05554
-0.060037
-0.062473
-0.064094
-0.062484
-0.067801
-0.060885
-0.067326
-0.060397
-0.069281
-0.066907
-0.065791
-0.070354
-0.068714
-0.069788
-0.062499
-0.069645
-0.069652
-0.075134
-0.075106
-0.072054
-0.073565
-0.075338
-0.074728
-0.077312
-0.075079
-0.07563
-0.072193
-0.073145
-0.075739
-0.070853
-0.072487
-0.072847
-0.070562
-0.077046
-0.070831
-0.070808
-0.072552
-0.076169
-0.075472
-0.073038
-0.073175
-0.06991
-0.068616
-0.073024
-0.076262
-0.073771
-0.080391
-0.10893
-0.1098
-0.15056
-0.25409
-0.28383
-0.36048
-0.33454
-0.20576
-0.19694
-0.13936
-0.11798
-0.068259
-0.05217
-0.074674
-0.07111
-0.204
-0.20429
-0.23433
-0.24216
-0.20627
-0.24289
-0.2434
-0.28335
-0.35115
-0.44762
-0.55331
-0.65112
-0.74469
-0.9115
-1.0429
-1.1122
-1.1922
-1.474
-1.5337
-1.6363
-1.7412
-1.4292
-1.5421
-1.3849
-1.2496
-1.1341
-1.0048
-0.76176
-0.38086
-0.085378
-0.22351
0.049783
0.046901
0.061102
0.088053
0.11912
0.14392
0.14328
0.10209
0.10256
-0.77044
-0.79873
-0.96725
-1.0749
-1.0608
-0.66001
-0.52779
-0.38795
-0.14609
0.0041896
0.011736
0.00044792
-0.0012915
0.0013323
0.0020311
0.0037419
0.0050005
0.0011742
0.0059144
-0.0097282
0.0046574
0.0010974
-0.13716
-0.32151
-0.47231
-0.54453
-0.6632
-0.6806
-0.65931
-0.51048
-0.43732
-0.21095
-0.11293
0.0027816
0.094191
0.072067
0.079191
0.07021
0.067205
0.06483
0.078603
0.10406
0.1987
-0.03031
-0.28687
-0.62937
-0.68498
-0.73423
-0.83121
-0.75542
-0.64041
-0.58767
-0.589
-0.6947
-0.27389
-0.14379
0.059279
-0.042769
-0.041235
0.055885
0.083783
0.058673
0.051107
-0.037765
-0.18563
-0.45793
-0.74254
-0.89627
-0.99896
-1.0341
-1.1298
-1.2113
-1.0155
-0.86692
-0.87828
-0.65315
-0.37949
-0.086246
0.015126
0.0017042
-0.0015277
0.0075182
6.0993e-05
0.0017259
0.010293
0.0046662
0.0030708
0.0017891
0.010025
0.0096443
0.0051769
0.0040362
0.16337
0.24303
0.16152
0.087603
0.036672
0.036632
0.017135
0.076221
0.12678
0.16917
0.19158
0.17468
0.12231
0.12411
0.12031
0.12518
0.13539
0.13978
0.139
0.12705
0.11093
-0.097395
-0.38891
-0.59474
-0.63131
-0.59708
-0.87669
-0.9123
-0.91926
-0.83433
-0.95925
-1.0202
-1.1635
-1.2154
-1.2444
-1.1802
-1.0614
-1.0093
-0.89167
-0.92606
-0.9979
-0.94902
-0.83978
-0.1276
-0.19696
-0.31794
-0.44073
-0.63484
-0.72477
-0.7449
-0.59217
-0.67096
-0.70482
-0.76843
-0.78481
-0.74479
-0.72458
-0.39526
-0.33632
-0.080437
0.0095837
-0.0018676
-0.0060516
0.0091695
-0.0044654
0.0061337
0.0032541
0.0054103
0.0066834
0.0032148
-0.00017303
-0.0040567
0.0070736
0.006951
0.049019
0.10659
-0.23881
-0.30943
-0.29794
-0.16205
-0.0049726
0.065988
0.041598
0.070715
0.098463
0.11711
0.11042
0.093381
0.096141
0.07882
0.066335
0.067574
0.079905
0.13545
0.19696
-0.15698
-0.42742
-0.66324
-0.7671
-0.67814
-0.8325
-0.63751
-1.0187
-1.0555
-1.0741
-0.98852
-0.7489
-0.51605
-0.45145
-0.37186
-0.3817
-0.26423
-0.22644
-0.12573
-0.1086
-0.089713
-0.1201
-0.25221
-0.3309
-0.54024
-0.60495
-0.71145
-0.74873
-0.8388
-0.86162
-0.82408
-0.87993
-1.0722
-1.0001
-0.70409
-0.52742
-0.62368
-0.39298
-0.095544
0.014793
0.014011
-0.042901
0.0031822
0.0012005
-0.0037606
0.0027464
-0.0021581
-0.00075807
0.0019933
-0.00097441
0.0048547
-0.0044287
-0.0029469
-0.0029443
0.0016292
-0.0040144
-0.0012645
0.21013
0.20956
0.018982
-0.12291
-0.14633
-0.12482
-0.19835
-0.094395
-0.0027492
0.029695
0.085154
0.074702
0.088932
0.11279
0.12444
0.11524
0.12682
0.12656
0.11374
0.11737
0.13048
0.13567
0.16686
-0.13184
-0.29296
-0.59057
-0.64574
-0.70335
-0.65418
-0.75301
-0.79587
-0.65931
-0.80001
-0.93323
-1.0335
-1.1415
-1.0858
-1.0149
-0.84314
-0.68719
-0.55785
-0.40624
-0.37671
-0.30862
-0.18353
-0.13367
-0.072546
-0.055871
-0.080022
-0.10487
-0.32311
-0.50036
-0.59515
-0.69575
-0.74788
-0.74163
-0.7721
-0.76743
-0.91645
-0.94983
-0.91216
-0.86238
-0.48918
-0.52736
-0.377
-0.12181
-0.020868
0.0086499
-0.068904
-0.0025512
-0.00030984
-0.0032645
0.0042513
-0.0074907
-0.0011842
-0.0035718
-0.0067691
0.0023777
-0.0020611
-0.0041914
-0.0071605
0.0022935
-0.00081326
-0.00011492
0.14159
0.16736
-0.010834
-0.1507
-0.26743
-0.14725
-0.23076
-0.16398
0.00058801
0.023129
0.085776
0.093513
0.1071
0.1208
0.14287
0.14232
0.14622
0.12914
0.11644
0.11059
0.12208
0.12646
0.15684
-0.061506
-0.33477
-0.55379
-0.69341
-0.76344
-0.70004
-0.80347
-0.58688
-0.6819
-0.71983
-0.96631
-1.0083
-1.075
-1.1197
-0.97791
-0.86627
-0.67005
-0.4535
-0.25433
-0.2333
-0.17773
-0.17421
-0.099285
-0.079473
0.00083744
-0.032814
-0.14207
-0.32725
-0.54151
-0.62645
-0.69902
-0.77358
-0.72029
-0.84925
-0.76331
-0.81415
-0.9358
-0.87494
-0.73773
-0.59478
-0.692
-0.53764
-0.11583
-0.036588
8.1134e-05
-0.026416
-0.00070056
-0.001357
-0.0092301
0.0040113
-0.0020157
0.00018925
-0.0027583
-0.0035902
0.0030567
-0.0010016
-0.0039566
-0.0038564
0.0030806
-0.011635
0.0044563
0.17425
0.12384
-0.049615
-0.19788
-0.23711
-0.18554
-0.25102
-0.12064
-0.063561
0.068514
0.1189
0.093048
0.098792
0.11014
0.1283
0.12595
0.12135
0.12274
0.10529
0.096556
0.092216
0.11334
0.13994
-0.074279
-0.3055
-0.59113
-0.67346
-0.74695
-0.70409
-0.79538
-0.73249
-0.68645
-0.82373
-0.99429
-1.1425
-1.2049
-1.2183
-1.0843
-0.84376
-0.69481
-0.55549
-0.43259
-0.46002
-0.47328
-0.34586
-0.25459
-0.1875
-0.096477
-0.057376
-0.21312
-0.3229
-0.53097
-0.66868
-0.71355
-0.77536
-0.79402
-0.83584
-0.85566
-0.90089
-0.94192
-0.3326
-0.12715
0.0043484
0.010929
-0.050445
-0.0015173
0.00054171
0.0029331
0.0033765
-0.00066601
0.0020911
-0.0015725
0.0024466
-0.0018389
-0.0041064
0.00093663
-0.0039365
0.034036
-0.11359
-0.2026
-0.21396
-0.22981
-0.30388
-0.37266
-0.1486
0.0030478
0.070304
0.10293
0.12528
0.093896
0.093968
0.10156
0.11033
0.1124
0.11672
0.11361
0.11321
0.12155
0.14367
-0.091982
-0.31176
-0.61336
-0.73615
-0.68295
-0.90284
-0.9885
-1.0991
-1.2155
-1.2104
-1.0787
-0.87599
-0.70763
-0.55711
-0.4962
-0.53855
-0.43907
-0.32965
-0.20255
-0.1179
-0.017624
-0.019547
-0.13439
-0.30566
-0.60912
-0.87033
-0.9174
-1.0054
-1.0099
-0.88169
-0.75233
-0.65928
-0.53995
-0.41205
-0.18978
-0.031399
-0.0017876
-0.0033826
-0.0030295
0.0010939
0.0027525
0.0043627
0.0039361
0.0035717
0.0020028
0.00018504
0.0034467
-0.0035657
0.0018351
-0.0028068
0.002461
-0.0045245
0.0046722
0.18936
-0.015329
-0.17571
-0.36419
-0.33152
-0.27016
0.042865
0.062703
0.083102
0.082635
0.093359
0.096108
0.095317
0.10208
0.1087
0.090669
0.096723
0.11036
0.13551
-0.12545
-0.27846
-0.60986
-0.60433
-0.6953
-0.73904
-0.78708
-0.724
-0.59706
-0.8799
-1.0177
-1.0972
-1.1194
-1.1346
-1.0602
-0.86231
-0.74983
-0.68565
-0.6094
-0.53895
-0.36054
-0.12251
-0.22974
-0.43695
-0.63558
-0.7577
-0.83059
-0.82715
-0.84813
-0.84739
-0.86488
-0.99645
-1.0182
-0.99934
-0.87678
-0.61946
-0.58337
-0.4227
-0.10909
0.013482
0.0061781
-0.010345
0.0034366
-0.0026073
-0.00090655
0.0020765
0.0022903
0.00018986
-0.00096407
-0.00060165
0.00096281
0.0013042
0.002902
-0.0050198
-0.00030211
-0.0019016
0.0034433
0.25558
-0.23814
-0.37509
-0.27958
-0.16874
-0.040593
0.051488
0.054375
0.065936
0.060719
0.070844
0.095117
0.11244
0.12509
0.11964
0.092805
0.1004
0.10617
0.050386
-0.11464
-0.43528
-0.63913
-0.62431
-0.65652
-0.87209
-0.81823
-0.80247
-0.74672
-0.94261
-1.06
-1.1677
-1.2167
-1.1958
-1.1092
-0.88728
-0.75131
-0.69679
-0.57081
-0.46303
-0.48577
-0.12225
-0.21586
-0.37477
-0.51819
-0.68153
-0.74167
-0.85233
-0.73807
-0.80348
-0.77991
-0.94802
-1.0033
-0.78639
-0.81964
-0.60709
-0.57813
-0.37481
-0.081311
0.023012
0.0050097
-0.003737
0.0034024
-0.024977
-0.00068111
-0.00019365
-0.002026
0.001142
-0.0044394
-0.00092374
0.0034277
0.0017507
-0.0088822
-0.007263
0.0056775
-0.0014807
-0.30321
-0.42325
-0.37922
-0.4345
-0.38486
-0.22992
-0.11791
0.013234
0.02728
0.039884
0.055635
0.06089
0.10009
0.10965
0.10482
0.10805
0.085221
0.081505
0.10855
0.096231
-0.13107
-0.34887
-0.5964
-0.58128
-0.72101
-0.84943
-0.68254
-0.75515
-0.75065
-0.83659
-0.97859
-1.0642
-1.107
-1.125
-1.0095
-0.86791
-0.67323
-0.5443
-0.41916
-0.37217
-0.34294
-0.25561
-0.13209
-0.034313
-0.54689
-0.72889
-0.8222
-0.78946
-0.83661
-0.83815
-0.87276
-1.0761
-0.93333
-0.98651
-0.97803
-0.66157
-0.59607
-0.33016
-0.13924
0.0041635
-0.0017224
-0.0029986
0.00062593
-0.00099533
-0.010685
0.0038127
0.0018558
0.003494
-0.0021255
0.0026328
0.0058449
0.0022901
0.00032385
-0.0088067
0.0074989
-0.0021472
0.0016674
0.11117
-0.0059111
-0.20246
-0.34328
-0.43905
-0.3425
-0.33616
-0.38103
-0.23208
-0.11423
-0.051235
0.044321
0.035732
0.067281
0.069569
0.082853
0.097826
0.10521
0.11361
0.10623
0.096541
0.10513
0.10652
-0.12639
-0.34742
-0.55679
-0.62177
-0.68885
-0.78279
-0.79264
-0.80208
-0.70411
-0.82273
-1.002
-1.1524
-1.1476
-1.1466
-1.0657
-0.86472
-0.69237
-0.56045
-0.47414
-0.3987
-0.40159
-0.17046
-0.10445
-0.017609
0.025286
-0.046314
-0.15899
-0.39082
-0.60578
-0.72796
-0.84302
-0.82778
-0.86027
-0.89654
-0.89856
-1.0434
-0.98002
-0.91369
-0.86084
-0.65798
-0.54841
-0.41306
-0.15241
-0.030425
0.0022447
-0.0048934
-0.00037552
-0.0018314
-0.0090514
0.0015967
-0.00077842
0.0032868
0.0011912
0.0031869
0.0015106
0.00026923
-0.0049359
-0.0064256
0.00066965
-0.013665
0.0020134
0.1233
0.080985
-0.14864
-0.2807
-0.28711
-0.30393
-0.36921
-0.35564
-0.14453
-0.069494
0.01671
0.020848
0.065022
0.084613
0.093297
0.099965
0.092971
0.081057
0.08517
0.079462
0.086836
0.10015
0.017581
-0.22102
-0.40433
-0.64944
-0.62299
-0.71286
-0.89329
-0.90632
-0.85486
-0.66235
-0.87296
-1.0943
-1.1885
-1.2373
-1.208
-1.1026
-0.85609
-0.72492
-0.67979
-0.5868
-0.58144
-0.35097
-0.29565
-0.2174
-0.082396
-0.039524
-0.066617
-0.13689
-0.32813
-0.51488
-0.66473
-0.78011
-0.79284
-0.80949
-0.83125
-0.82978
-0.91455
-0.98686
-0.97037
-0.8271
-0.53783
-0.49371
-0.41944
-0.13041
-0.052485
0.0034398
-0.00089216
-0.0017578
0.0018653
-0.0083129
0.0048513
0.0042747
0.0033256
-0.00095811
0.0079734
0.010356
0.0001965
0.0054489
-0.00049006
0.0025803
-0.0039144
0.0010162
0.17038
-0.11203
-0.33481
-0.48089
-0.3386
-0.28462
-0.41472
-0.33586
-0.15296
-0.093731
0.036611
0.024654
0.066481
0.081715
0.09528
0.093546
0.091469
0.084532
0.077423
0.079799
0.077061
0.096653
0.14546
-0.029837
-0.27471
-0.62132
-0.66581
-0.74861
-0.87932
-0.79296
-0.75294
-0.66069
-0.90764
-0.97185
-1.119
-1.2014
-1.173
-1.1026
-0.8815
-0.73994
-0.69587
-0.61949
-0.50702
-0.48079
-0.19354
-0.28488
-0.17171
-0.1136
-0.15757
-0.23088
-0.45286
-0.57153
-0.71388
-0.80973
-0.82577
-0.89337
-0.69646
-0.87879
-1.0225
-0.91363
-0.73891
-0.90208
-0.67013
-0.52842
-0.38858
-0.12402
-0.033104
0.00055525
-0.0086157
0.00031063
-0.0010388
-0.0055023
0.00066999
-0.0039396
-0.0010777
-0.0024544
0.0052212
0.0065852
-0.0037966
0.0040672
0.0031767
0.0048617
0.0020664
4.374e-05
0.21841
-0.075946
-0.27382
-0.36882
-0.30241
-0.2881
-0.4387
-0.34085
-0.13492
-0.084645
0.032914
0.042183
0.051704
0.097019
0.10528
0.094703
0.10434
0.0967
0.090824
0.11514
0.10748
0.12301
0.1168
-0.13167
-0.39299
-0.64069
-0.65422
-0.6944
-0.88959
-0.85797
-0.79306
-0.75083
-0.90215
-0.97644
-1.0935
-1.1829
-1.1388
-1.0375
-0.83371
-0.7591
-0.68331
-0.57992
-0.43205
-0.39385
-0.28212
-0.21834
-0.19591
-0.15015
-0.20647
-0.17859
-0.32652
-0.52983
-0.58399
-0.71656
-0.79417
-0.67013
-0.82105
-0.78771
-0.94966
-0.93756
-0.87189
-0.81481
-0.53957
-0.50185
-0.31136
-0.043279
0.024997
0.025355
0.0065716
-0.0010394
0.0040439
0.0062696
0.0016165
0.0077071
-0.0031756
0.0078124
0.0025038
0.0085571
0.010843
0.006018
0.0051724
0.0043727
-0.0018082
0.00075115
-0.20166
-0.61316
-0.61058
-0.75342
-0.6822
-0.66653
-0.90226
-0.89686
-0.74501
-0.68718
-0.50574
-0.46417
-0.44904
-0.24916
-0.085035
0.04973
0.097902
0.13178
0.11257
0.11116
0.10279
0.085218
0.073472
0.082199
0.099572
0.10041
0.10128
0.10632
0.075459
-0.043192
-0.21131
-0.30111
-0.45844
-0.5886
-0.66122
-0.75494
-0.82011
-0.87806
-0.9317
-0.96253
-1.0306
-1.0529
-1.0729
-1.0354
-0.94683
-0.89599
-0.84569
-0.72278
-0.6539
-0.61956
-0.5029
-0.3721
-0.29381
-0.23909
-0.20524
-0.17374
-0.14219
-0.11295
-0.10583
-0.11112
-0.1414
-0.18728
-0.2505
-0.32045
-0.33492
-0.38749
-0.46581
-0.53337
-0.60668
-0.65943
-0.70414
-0.71683
-0.68467
-0.68745
-0.67802
-0.66302
-0.65982
-0.64937
-0.6217
-0.58327
-0.52577
-0.51149
-0.49264
-0.5007
-0.47767
-0.47462
-0.47667
-0.47346
-0.4778
-0.49978
-0.51343
-0.53418
-0.52679
-0.54388
-0.54875
-0.55265
-0.55564
-0.55568
-0.54562
-0.53568
-0.55211
-0.56232
-0.56903
-0.556
-0.54238
-0.55382
-0.55221
-0.55294
-0.55611
-0.55644
-0.55016
-0.55434
-0.5605
-0.56336
-0.56862
-0.56882
-0.56677
-0.56221
-0.56949
-0.55558
-0.5571
-0.5608
-0.54797
-0.55539
-0.55394
-0.54251
-0.55398
-0.55293
-0.54742
-0.55731
-0.55306
-0.54559
-0.55115
-0.55363
-0.55407
-0.55286
-0.55302
-0.55225
-0.54771
-0.54547
-0.54327
-0.53328
-0.53967
-0.5393
-0.53542
-0.54138
-0.53717
-0.53652
-0.54234
-0.54415
-0.53454
-0.54282
-0.53128
-0.54445
-0.54309
-0.534
-0.54188
-0.5374
-0.5405
-0.52181
-0.52818
-0.52648
-0.52192
-0.52307
-0.53055
-0.52652
-0.53082
-0.5279
-0.51738
-0.52583
-0.52303
-0.51717
-0.52318
-0.5214
-0.51972
-0.51188
-0.50942
-0.51622
-0.51096
-0.5061
-0.51685
-0.50656
-0.51402
-0.51831
-0.51142
-0.51028
-0.49225
-0.48573
-0.48957
-0.49938
-0.49935
-0.50867
-0.50445
-0.51172
-0.51743
-0.51858
-0.52208
-0.51833
-0.52223
-0.52261
-0.51471
-0.52467
-0.52212
-0.51947
-0.51125
-0.5172
-0.51722
-0.51757
-0.51313
-0.5061
-0.50582
-0.50311
-0.50957
-0.514
-0.50649
-0.50192
-0.49659
-0.49654
-0.49337
-0.49455
-0.48454
-0.49773
-0.48999
-0.52112
-0.31429
-0.28625
-0.26269
-0.2546
-0.26586
-0.26186
-0.25151
-0.25396
-0.41192
-0.43464
-0.46342
-0.47746
-0.5532
-0.59185
-0.57858
-0.6075
-0.58801
-0.61048
-0.63348
-0.64542
-0.65748
-0.72158
-0.70144
-0.78587
-0.80708
-0.87442
-1.0116
-1.0926
-1.2148
-1.3833
-1.5047
-1.6595
-1.6738
-1.6881
-1.6961
-1.6551
-1.5815
-1.4946
-1.5601
-1.4774
-1.3795
-0.7601
-0.62279
-0.1516
-0.23331
0.018091
0.034464
0.068473
0.069418
0.088443
0.10002
0.066081
0.082612
0.063914
0.11899
0.003987
-0.16382
-0.31479
-0.64735
-0.70393
-0.8049
-0.81473
-0.79791
-0.71784
-0.78693
-0.76615
-0.51715
-0.18731
-0.064424
-0.044568
-0.0091684
0.00049494
-0.023971
-0.00022458
-0.0010404
-0.0051664
-0.0039189
-0.0036855
0.0033049
-0.0017277
-0.30868
-0.45334
-0.75471
-0.6506
-0.59919
-0.55585
-0.59144
-0.61889
-0.57331
-0.35709
-0.092705
-0.043215
0.04066
0.042248
0.053151
0.035688
0.048298
0.052841
0.098152
0.15088
0.14906
0.14235
0.18739
0.22711
0.34459
0.44546
-2.729e-05
-0.14702
-0.44322
-0.47739
-0.45248
-0.49892
-0.61533
-0.73166
-0.90765
-0.73536
-0.68257
-0.61215
-0.43626
-0.37705
-0.26685
-0.20732
-0.09168
-0.078805
-0.056377
-0.036638
-0.17028
-0.62243
-0.8891
-1.0515
-1.0027
-1.0191
-1.0755
-1.2317
-1.1955
-1.1762
-0.68283
-0.56451
-0.43694
-0.17354
-0.078864
-0.029981
-0.0037151
-0.0017834
-0.0021974
-0.0066775
-0.003827
-0.0029816
-0.0061479
-0.0079441
-0.0064441
-0.0019332
-0.0034206
-0.0037573
-0.0060059
-0.0013723
0.21139
0.12215
0.1011
0.20163
0.28119
0.2515
0.23734
0.24754
0.31843
0.28773
0.27588
0.27777
0.29508
0.29403
0.29853
0.29253
0.31104
0.30699
0.30607
0.18236
-0.02176
-0.0093998
0.13785
0.0098847
-0.13955
-0.46174
-0.43693
-0.5924
-0.76886
-0.7148
-0.7745
-0.91851
-0.96158
-0.94737
-0.74367
-0.70663
-0.62559
-0.71452
-0.60039
-0.24183
-0.098044
-0.036793
0.04542
-0.026627
-0.33621
-0.49945
-0.66163
-0.55666
-0.62672
-0.72635
-0.79588
-0.90519
-0.85357
-0.86734
-0.89443
-0.81265
-0.54662
-0.48511
-0.34849
-0.13223
-0.04603
-0.033424
-0.00065355
0.0092994
-0.00058597
-0.013352
4.9918e-05
-0.0030816
-0.007223
-0.0072967
-0.0035214
-0.00626
0.0017423
-0.0034907
-0.010447
-0.0045923
-0.0072522
0.0010825
0.21049
0.19554
0.24182
0.29503
0.32351
0.29932
0.27831
0.29298
0.30403
0.32486
0.34003
0.29176
0.31949
0.34868
0.33857
0.32396
0.29523
0.1006
-0.077843
0.11116
0.059672
0.021949
-0.13085
-0.47108
-0.62653
-0.67372
-0.74804
-0.78143
-0.86975
-0.94597
-0.96614
-0.96047
-0.91601
-0.87021
-0.79133
-0.72607
-0.65068
-0.52994
-0.59203
-0.56239
-0.38133
-0.067283
-0.039695
0.0066433
0.080163
-0.043104
-0.20669
-0.44714
-0.49042
-0.92549
-0.86479
-0.8776
-0.96774
-0.92594
-0.65327
-0.46592
-0.35169
-0.17327
-0.041329
-0.0089805
-0.00092307
-0.0011676
-0.020766
-0.0038021
-0.00014472
-0.0068404
-3.8752e-05
-0.0058632
-0.0058604
-0.006806
-0.003852
-0.0062269
-0.01041
-0.0051113
0.0019903
-0.0046297
0.030595
0.1048
0.24531
0.30965
0.28805
0.25678
0.28907
0.32456
0.3052
0.29757
0.25908
0.30641
0.35903
0.36453
0.3638
0.35189
0.32196
0.14156
0.018158
-0.031057
0.024846
0.0435
-0.1299
-0.32102
-0.41379
-0.72208
-0.67384
-0.73209
-0.85233
-0.88938
-0.9322
-0.91144
-0.90152
-0.81215
-0.75659
-0.62017
-0.38576
-0.046033
-0.029851
0.068379
0.10582
-0.010636
-0.3316
-0.45813
-0.52916
-0.53467
-0.62253
-0.66973
-0.7728
-0.83226
-0.85348
-0.906
-0.89668
-0.98241
-0.65149
-0.62995
-0.43216
-0.13471
-0.026705
-0.011963
0.0022791
0.0098181
0
-0.0076971
-0.0046373
-0.010142
-0.0086276
-0.0043104
-0.004045
-0.004091
0.00083286
0.0007858
-0.0045303
-0.00073294
0.00082729
0.21796
0.27274
0.121
0.23923
0.32098
0.28644
0.3598
0.34984
0.32147
0.32196
0.33945
0.32515
0.34648
0.36248
0.38633
0.37196
0.38
0.36917
0.31495
0.18734
0.10481
0.22941
0.10715
0.039342
-0.019738
-0.23606
-0.3484
-0.5527
-0.65893
-0.72218
-0.76826
-0.8284
-0.79319
-0.74673
-0.62571
-0.5706
-0.51461
-0.34467
-0.24497
-0.3707
-0.32735
-0.22405
0.07418
0.052377
0.12003
0.10254
-0.11035
-0.34693
-0.56757
-0.50466
-0.57914
-0.55565
-0.66645
-0.79745
-0.8973
-0.97043
-0.98289
-1.0145
-1.0138
-0.89297
-0.80303
-0.55569
-0.28769
-0.066372
-0.019576
0.0012344
0.0040276
-0.0070174
-0.0020462
-0.0048367
0.0025935
-0.0041349
-0.0050517
-0.0060539
-0.0072105
-0.0054467
-0.004373
-0.0097371
-0.0069637
0.0016441
0.31628
0.20656
0.19222
0.28206
0.33197
0.28329
0.34083
0.34235
0.38581
0.405
0.3885
0.33306
0.38376
0.37783
0.33207
0.35084
0.37983
0.40088
0.40091
0.40407
0.41218
0.41573
0.45355
0.43059
0.3554
0.29027
-0.10328
-0.33198
-0.36237
-0.39941
-0.59934
-0.60092
-0.69211
-0.79255
-0.73995
-0.60488
-0.46607
-0.31276
-0.2062
-0.041288
-0.04262
-0.24351
0.13009
0.034513
0.064912
0.17753
0.11668
0.018243
-0.27281
-0.44066
-0.4921
-0.50902
-0.55384
-0.65181
-0.72396
-0.88663
-0.96131
-1.0652
-1.0717
-1.071
-0.93751
-0.86548
-0.75747
-0.65935
-0.25812
-0.066092
-0.010114
0.0034433
8.5964e-05
-0.015874
0.0034846
0.0040314
0.0017921
-0.0050648
0.0028756
0.00063315
0.087736
0.13073
0.12464
0.1237
0.079279
-0.052338
-0.064048
-0.025017
0.0361
0.12927
0.18279
0.36371
0.31063
0.34394
0.34141
0.34171
0.34342
0.36085
0.3814
0.39914
0.42061
0.45868
0.44592
0.46257
0.49762
0.51332
0.59145
0.62713
0.66629
0.72434
0.50073
0.20312
-0.12008
-0.31187
-0.38289
-0.50562
-0.58991
-0.60966
-0.56865
-0.4588
-0.2492
-0.19736
-0.18744
0.079461
-0.11664
-0.21295
-0.040117
0.052924
0.084434
0.15167
0.10277
-0.36745
-0.49985
-0.51521
-0.56204
-0.64692
-0.76615
-0.94039
-1.0636
-1.0403
-1.1272
-1.1064
-1.0383
-0.9873
-0.85737
-0.66237
-0.25994
-0.092067
-0.01248
0.0025486
-0.0010247
-0.0030149
0.0035822
0.0048971
0.0043776
0.0060256
0.0037864
0.0094156
-0.0023508
0.008302
0.0092171
-0.17312
-0.44646
-0.66996
-0.76202
-0.81671
-0.83893
-0.77306
-0.65964
-0.52496
-0.27623
-0.28327
-0.086672
0.082643
0.16952
0.17652
0.15517
0.16024
0.16963
0.17709
0.20727
0.23001
0.23087
0.27017
0.28494
0.30265
0.34871
0.47029
0.70702
0.89342
0.72743
0.45255
-0.014864
-0.25903
-0.47387
-0.51299
-0.6578
-0.82345
-0.83207
-0.77105
-0.6684
-0.48199
-0.45469
-0.33279
-0.10993
0.048124
-0.22493
0.0018376
-0.080374
0.056409
0.12028
0.07856
0.098994
0.0027488
-0.24024
-0.42612
-0.45093
-0.52339
-0.52643
-0.56701
-0.7688
-0.88359
-0.98829
-1.0535
-1.0837
-0.97038
-0.88826
-0.83399
-0.7866
-0.52115
-0.1635
-0.036916
-0.019387
0.00035802
-0.018524
-0.0046426
-0.010233
0.006713
0.0011009
-0.0021841
0.001014
0.0020096
0.0019429
0.0051892
-0.062052
-0.25522
-0.55826
-0.66563
-0.73949
-0.84552
-0.83546
-0.82789
-0.69862
-0.55144
-0.35151
-0.27881
-0.09964
0.12342
0.12451
0.12895
0.17707
0.17859
0.19919
0.21067
0.20969
0.22773
0.28741
0.40134
0.61819
0.87865
0.48861
0.30487
0.0037206
-0.24836
-0.37013
-0.40219
-0.57651
-0.7008
-0.83378
-0.92343
-0.81569
-0.69472
-0.52755
-0.45237
-0.34888
-0.20854
-0.084797
-0.14805
-0.16491
-0.13718
-0.04384
0.061384
0.057382
0.080034
-0.022537
-0.24779
-0.48919
-0.48685
-0.55091
-0.64273
-0.70838
-0.83668
-0.9324
-0.97609
-1.1028
-1.1476
-0.92844
-0.93804
-0.81813
-0.77611
-0.45461
-0.10588
-0.050472
-0.012371
0.00056307
-0.01218
-0.0022296
0.0016387
-0.0054806
0.0041192
0.0032126
0.0022594
0.0066324
-0.0016025
0.0082304
-0.0060582
-0.31647
-0.46896
-0.59903
-0.67396
-0.75462
-0.77162
-0.77819
-0.61149
-0.50664
-0.31242
-0.29091
-0.09196
-0.0046227
0.097403
0.14093
0.12022
0.10821
0.12383
0.17077
0.18219
0.19856
0.1802
0.16568
0.15677
0.24908
0.37736
0.49006
0.70524
0.41189
0.24245
-0.1081
-0.21898
-0.33857
-0.39422
-0.49033
-0.70833
-0.82048
-0.83728
-0.765
-0.68784
-0.58175
-0.44098
-0.35201
-0.28186
-0.27423
-0.27691
-0.16207
-0.017343
0.035701
0.089942
0.16111
0.069269
-0.11187
-0.29108
-0.42261
-0.48432
-0.48803
-0.54009
-0.58403
-0.70751
-0.85278
-1.0053
-1.1346
-1.2073
-1.2161
-1.1974
-1.1184
-1.1486
-1.0708
-1.0052
-0.93707
-0.91054
-0.87733
-0.80455
-0.81504
-0.69208
-0.62373
-0.53398
-0.37679
-0.21161
-0.10101
-0.021255
0.0025631
0.019304
0.028692
0.044759
0.066425
0.063243
0.075974
0.070186
0.054964
0.044223
-0.048438
-0.10208
-0.1741
-0.26764
-0.33528
-0.40742
-0.43226
-0.43964
-0.4747
-0.48972
-0.49404
-0.49061
-0.48565
-0.48064
-0.46456
-0.44926
-0.43724
-0.41128
-0.38554
-0.35146
-0.3288
-0.29655
-0.24673
-0.16809
-0.15657
-0.15933
-0.14851
-0.16219
-0.14563
-0.15053
-0.17596
-0.1848
-0.1859
-0.19091
-0.22292
-0.25381
-0.28888
-0.31866
-0.33554
-0.34675
-0.35639
-0.35397
-0.34628
-0.33957
-0.32692
-0.32997
-0.33826
-0.33239
-0.33334
-0.33536
-0.33562
-0.35109
-0.34123
-0.33696
-0.31489
-0.28408
-0.30825
-0.29769
-0.29291
-0.29386
-0.29933
-0.30499
-0.30296
-0.29919
-0.28236
-0.28544
-0.30285
-0.32965
-0.32256
-0.33333
-0.33098
-0.34108
-0.34062
-0.33052
-0.31993
-0.32092
-0.29605
-0.29725
-0.31951
-0.31743
-0.32168
-0.32103
-0.33168
-0.34286
-0.34448
-0.33309
-0.33874
-0.34768
-0.34269
-0.36223
-0.35687
-0.37692
-0.37707
-0.36739
-0.37515
-0.36742
-0.36563
-0.37469
-0.36619
-0.37565
-0.3725
-0.38637
-0.3827
-0.38585
-0.38518
-0.38646
-0.38878
-0.40592
-0.42079
-0.43381
-0.44682
-0.4408
-0.4456
-0.4375
-0.43813
-0.44423
-0.44428
-0.456
-0.45963
-0.46126
-0.45752
-0.46534
-0.46179
-0.46776
-0.47096
-0.47158
-0.47626
-0.48479
-0.48152
-0.4832
-0.47349
-0.48554
-0.47713
-0.47208
-0.47892
-0.48261
-0.4811
-0.47871
-0.47691
-0.47444
-0.47132
-0.45639
-0.45242
-0.45262
-0.44518
-0.44261
-0.44712
-0.44686
-0.44124
-0.43804
-0.44668
-0.45361
-0.44813
-0.45329
-0.45494
-0.44795
-0.45672
-0.45488
-0.45671
-0.4542
-0.45163
-0.44541
-0.44855
-0.45595
-0.44037
-0.4491
-0.44439
-0.44028
-0.43674
-0.4397
-0.44241
-0.44452
-0.44932
-0.44913
-0.45188
-0.46071
-0.46754
-0.47031
-0.48012
-0.48305
-0.48251
-0.48355
-0.49505
-0.49558
-0.49867
-0.50241
-0.50225
-0.50182
-0.51031
-0.49916
-0.50983
-0.51668
-0.51615
-0.5322
-0.53186
-0.52929
-0.53697
-0.54927
-0.54533
-0.55351
-0.55373
-0.56092
-0.5702
-0.56832
-0.58309
-0.58871
-0.58279
-0.57846
-0.59034
-0.59462
-0.59745
-0.60061
-0.6029
-0.59507
-0.60609
-0.59599
-0.60013
-0.59117
-0.59555
-0.60252
-0.57941
-0.58262
-0.58265
-0.5722
-0.56619
-0.56928
-0.56598
-0.57113
-0.55831
-0.5641
-0.5703
-0.56267
-0.56881
-0.56696
-0.56843
-0.56643
-0.5678
-0.56581
-0.56768
-0.55556
-0.55981
-0.56435
-0.55113
-0.55469
-0.552
-0.55374
-0.55057
-0.55823
-0.55314
-0.55368
-0.55902
-0.55178
-0.5585
-0.5603
-0.55995
-0.55145
-0.56681
-0.56485
-0.56212
-0.5595
-0.56151
-0.56731
-0.57398
-0.5728
-0.57158
-0.57834
-0.58017
-0.58346
-0.58167
-0.5857
-0.58982
-0.584
-0.58436
-0.59472
-0.59569
-0.59635
-0.59032
-0.59838
-0.59168
-0.59689
-0.59867
-0.59816
-0.60361
-0.59535
-0.59318
-0.5964
-0.60069
-0.5965
-0.59383
-0.60473
-0.60747
-0.6116
-0.60742
-0.61129
-0.60447
-0.62039
-0.60606
-0.60848
-0.62524
-0.61266
-0.61039
-0.6127
-0.61089
-0.61701
-0.60589
-0.61263
-0.61213
-0.60662
-0.60004
-0.60326
-0.59163
-0.5956
-0.59015
-0.59425
-0.59569
-0.59847
-0.58561
-0.58592
-0.59345
-0.58752
-0.5867
-0.59391
-0.57715
-0.58531
-0.58502
-0.57909
-0.58623
-0.58725
-0.58818
-0.58668
-0.58437
-0.58928
-0.5833
-0.58961
-0.59192
-0.58907
-0.58883
-0.59759
-0.58745
-0.58569
-0.59278
-0.59375
-0.60038
-0.6021
-0.60443
-0.59943
-0.60989
-0.60049
-0.61551
-0.61696
-0.61232
-0.61627
-0.62102
-0.61798
-0.6152
-0.61854
-0.62279
-0.61525
-0.62359
-0.61983
-0.62324
-0.62808
-0.62703
-0.62593
-0.63506
-0.62569
-0.63554
-0.62726
-0.62505
-0.62604
-0.62379
-0.62558
-0.62376
-0.62669
-0.62568
-0.61748
-0.62164
-0.62599
-0.61544
-0.6253
-0.6247
-0.61308
-0.62445
-0.61315
-0.62354
-0.62568
-0.6218
-0.61431
-0.61611
-0.61589
-0.61416
-0.61663
-0.61675
-0.61722
-0.60855
-0.61529
-0.61297
-0.61308
-0.60511
-0.6045
-0.61482
-0.6145
-0.61622
-0.61598
-0.61651
-0.61267
-0.62211
-0.62347
-0.61789
-0.61147
-0.62294
-0.61965
-0.62803
-0.62848
-0.6241
-0.61911
-0.62165
-0.63213
-0.62685
-0.61812
-0.61659
-0.61815
-0.64521
-0.68398
-0.77727
-0.78007
-0.7893
-0.80126
-0.8
-0.78437
-0.79166
-0.8063
-0.82151
-0.73436
-0.75936
-0.75653
-0.76985
-0.69662
-0.65686
-0.57258
-0.6053
-0.55628
-0.57691
-0.42666
-0.40509
-0.17304
-0.12564
-0.073919
-0.015113
-0.020038
0.0020316
0.0008603
0.0010174
0.0065247
-0.00013875
-0.013895
-0.017008
-0.0064917
-0.0048528
-0.0030107
-0.0054884
-0.0089587
-0.0015612
0.0041848
-0.0027697
0.11555
-0.73709
-1.1814
-1.392
-1.1588
-0.91849
-1.0254
-1.0942
-1.1356
-1.108
-1.123
-1.0642
-0.82433
-0.78266
-0.50342
-0.20421
-0.25139
-0.14129
0.019123
0.096374
0.14829
0.15978
0.15951
0.1549
0.21302
0.22647
0.14305
-0.060516
-0.24992
-0.31025
-0.32256
-0.07498
-0.043514
-0.042856
0.15639
0.3352
0.45601
0.30404
0.15953
0.15098
0.22746
0.26059
0.28109
0.24926
0.20214
0.19047
0.22774
0.24481
0.054692
0.01067
-0.24341
-0.63343
-0.74713
-0.96595
-1.2696
-1.5541
-1.6789
-1.6439
-1.503
-1.4657
-1.2318
-0.9948
-0.80325
-0.5426
-0.42764
-0.37552
-0.23967
-0.11178
-0.023382
-0.00096358
-0.0008441
-0.0083863
-0.0045614
-0.0001374
0.0044047
0.0030469
0.0097703
-0.0080581
-0.39499
-0.94771
-1.3657
-1.6715
-1.5433
-1.2354
-1.2732
-1.2267
-1.0053
-0.85863
-0.67091
-0.50968
-0.38897
-0.15058
0.084781
0.10063
0.095966
0.10228
0.10351
0.080107
0.047936
0.025548
0.0045246
0.0058838
0.0058441
0.0041033
0.012772
0.014144
0.042186
0.15853
0.39767
0.54971
0.87835
0.029036
-0.16497
-0.23842
-0.045685
0.13874
0.27396
0.19914
-0.026686
0.00035711
0.1322
0.4068
0.24784
0.11495
0.053851
0.081197
0.075377
0.11623
0.12116
0.14033
0.15137
0.12158
-0.045423
-0.11591
-0.50636
-0.90508
-0.98147
-0.90683
-1.1677
-1.4466
-1.536
-1.6212
-1.5973
-1.5073
-1.2756
-1.1052
-0.86342
-0.68151
-0.58774
-0.54338
-0.48197
-0.23363
-0.057348
-0.018603
-0.0010099
-0.028307
-0.0031894
0.0059484
6.1464e-05
0.00071454
0.00091973
-0.13436
-0.89575
-1.2382
-1.6827
-1.8421
-1.3672
-1.1827
-1.2386
-0.98081
-0.76825
-0.68836
-0.54131
-0.37345
-0.20029
0.10676
0.29199
0.29268
0.23096
0.20484
0.21318
0.17832
0.12292
0.065864
0.022712
0.011578
0.006968
0.0089715
0.0074117
0.0078422
0.077462
0.1467
0.24604
0.39764
0.70607
1.0011
0.97243
0.51413
0.37764
0.55928
0.75423
0.67303
0.65094
0.56673
0.45882
0.24188
0.17107
0.15016
0.14678
0.15579
0.10267
0.062632
0.046412
0.04977
0.080884
0.15614
0.31303
0.20741
-0.14269
-0.36175
-0.7675
-1.0253
-1.1925
-1.1583
-1.2785
-1.4035
-1.3937
-1.444
-1.3008
-1.1612
-0.85845
-0.64223
-0.56501
-0.60635
-0.60452
-0.45843
-0.27623
-0.075158
-0.0041125
-0.0092607
-0.0049436
-0.0056827
-0.015171
-0.21356
-0.55479
-1.5215
-1.8037
-1.9593
-1.7819
-1.594
-1.5188
-1.396
-1.2049
-1.1033
-0.84617
-0.57871
-0.63193
-0.54151
-0.5227
-0.43332
-0.27814
0.055042
0.30085
0.29272
0.35084
0.33605
0.21559
0.085683
0.044792
0.012185
0.0091045
0.0059613
0.0095402
0.0093258
0.033862
0.098845
0.22765
0.36632
0.60106
0.80455
1.0087
1.0007
0.79357
0.86506
1.0658
1.0291
0.8392
0.57756
0.32826
0.12503
0.046663
0.05655
0.051583
0.028717
0.018845
0.010607
0.016017
0.015245
0.015794
0.018015
0.14081
0.17159
0.30551
0.32251
0.37125
-0.2951
-0.46766
-0.63172
-0.93277
-1.0935
-1.0588
-1.0031
-0.97715
-0.82385
-0.79632
-0.69641
-0.62521
-0.56256
-0.39949
-0.34425
-0.099767
-0.048513
-0.059389
-0.0081993
0.0043944
-0.012098
-0.013296
-0.078203
-0.20639
-0.94355
-1.5886
-1.792
-1.6663
-1.585
-1.5876
-1.7013
-1.4056
-1.1335
-1.0761
-0.83134
-0.69643
-0.81037
-0.72047
-0.80347
-0.58332
-0.3512
-0.036839
0.30591
0.32425
0.3439
0.38256
0.29062
0.17945
0.10808
0.043292
0.016678
0.039805
0.10577
0.14342
0.25773
0.39001
0.53363
0.70306
0.9501
1.3146
1.4964
1.5364
1.4119
1.2109
0.94846
0.93758
0.62138
0.36433
0.17466
0.075046
0.023421
0.014995
0.012566
0.003861
0.00031745
0.0070695
0.0098695
0.011189
0.0089688
0.0096118
0.0019884
0.18245
0.16823
0.19837
0.26545
0.26158
0.37214
0.43121
0.037844
-0.021253
-0.4126
-0.80042
-1.1291
-0.95965
-0.95601
-0.96987
-0.98036
-1.0553
-1.1768
-1.2748
-1.3494
-1.4409
-1.4834
-1.4837
-1.4687
-1.4589
-1.4641
-1.5268
-1.6257
-1.6386
-1.6792
-1.6839
-1.658
-1.6334
-1.5975
-1.5605
-1.4171
-1.2499
-1.1035
-0.94309
-0.68597
-0.51841
-0.43283
-0.17765
0.062141
0.011433
0.09054
0.13163
0.10794
0.083214
0.060672
0.051213
0.042249
0.039467
0.047254
0.060605
0.073864
0.083821
0.092348
0.10322
0.12895
0.15395
0.17382
0.19986
0.18763
0.10266
-0.05488
-0.20382
-0.34604
-0.46766
-0.45516
-0.5314
-0.65492
-0.70965
-0.76228
-0.77871
-0.7808
-0.76912
-0.72078
-0.66914
-0.62098
-0.52057
-0.41488
-0.29715
-0.18839
-0.036278
0.060356
0.105
0.12983
0.13674
0.14634
0.15626
0.14282
0.14678
0.1461
0.13421
0.11216
0.066253
0.029857
-0.066135
-0.1654
-0.21704
-0.22831
-0.25947
-0.29011
-0.31317
-0.3281
-0.33472
-0.32646
-0.3208
-0.29741
-0.2719
-0.24222
-0.2256
-0.19663
-0.17762
-0.15455
-0.11825
-0.093906
-0.088827
-0.098753
-0.11367
-0.12254
-0.13545
-0.14999
-0.17168
-0.177
-0.19171
-0.19571
-0.19981
-0.20197
-0.19227
-0.19022
-0.17064
-0.15831
-0.13643
-0.11373
-0.097839
-0.088237
-0.084005
-0.087773
-0.096376
-0.11069
-0.12535
-0.14692
-0.16454
-0.17212
-0.18547
-0.1967
-0.19388
-0.19603
-0.19998
-0.19896
-0.18755
-0.17468
-0.17761
-0.16762
-0.15578
-0.15087
-0.14568
-0.14036
-0.13366
-0.14373
-0.13525
-0.1437
-0.14494
-0.14881
-0.14656
-0.14929
-0.16121
-0.15406
-0.16172
-0.1638
-0.16493
-0.15812
-0.16433
-0.16176
-0.15416
-0.15851
-0.15643
-0.15923
-0.15862
-0.15855
-0.15851
-0.16456
-0.16685
-0.17107
-0.16987
-0.17336
-0.17546
-0.16725
-0.17601
-0.17763
-0.16607
-0.17516
-0.17494
-0.17137
-0.1713
-0.1712
-0.16647
-0.16892
-0.17023
-0.1712
-0.16906
-0.16494
-0.17033
-0.17343
-0.1751
-0.173
-0.17859
-0.17359
-0.17288
-0.17305
-0.17008
-0.17241
-0.17349
-0.16582
-0.17294
-0.17767
-0.17276
-0.17469
-0.17416
-0.16858
-0.17789
-0.17936
-0.18258
-0.17771
-0.17763
-0.17943
-0.17901
-0.17877
-0.17764
-0.17829
-0.17759
-0.17697
-0.17341
-0.17044
-0.16834
-0.1657
-0.16801
-0.17083
-0.16471
-0.1614
-0.16748
-0.16915
-0.15863
-0.16583
-0.16904
-0.16614
-0.1718
-0.16891
-0.17092
-0.16962
-0.17318
-0.16773
-0.17839
-0.16944
-0.17021
-0.17159
-0.17075
-0.17052
-0.17194
-0.17232
-0.16977
-0.17136
-0.16699
-0.17608
-0.17626
-0.17718
-0.17842
-0.18139
-0.17667
-0.18218
-0.17599
-0.17925
-0.17907
-0.17853
-0.1813
-0.17865
-0.17441
-0.17555
-0.1822
-0.17735
-0.17808
-0.18129
-0.18367
-0.18357
-0.17551
-0.17807
-0.17504
-0.18217
-0.17776
-0.17784
-0.17462
-0.17867
-0.17622
-0.17558
-0.1721
-0.1726
-0.17333
-0.1731
-0.17782
-0.18087
-0.17005
-0.17726
-0.17922
-0.1767
-0.18122
-0.17982
-0.18552
-0.18153
-0.18494
-0.1828
-0.18343
-0.18335
-0.18333
-0.18627
-0.18184
-0.18354
-0.18466
-0.17935
-0.18747
-0.17942
-0.18486
-0.17875
-0.18224
-0.18466
-0.18743
-0.18904
-0.19218
-0.195
-0.19065
-0.19595
-0.18885
-0.20038
-0.19756
-0.20484
-0.20426
-0.1976
-0.20018
-0.20438
-0.20572
-0.20568
-0.20655
-0.20839
-0.2048
-0.20384
-0.20224
-0.19636
-0.19894
-0.19742
-0.19689
-0.19632
-0.19856
-0.20119
-0.18881
-0.19752
-0.20197
-0.19248
-0.20223
-0.20474
-0.2026
-0.20334
-0.20247
-0.20183
-0.2019
-0.2022
-0.20255
-0.19676
-0.19801
-0.1995
-0.20264
-0.19827
-0.20468
-0.19956
-0.20359
-0.19915
-0.20718
-0.20166
-0.20617
-0.20496
-0.19995
-0.20903
-0.20878
-0.20755
-0.20177
-0.20316
-0.20234
-0.20347
-0.20631
-0.20724
-0.2061
-0.20419
-0.20673
-0.19586
-0.20485
-0.19851
-0.20042
-0.20437
-0.20326
-0.20316
-0.20712
-0.20569
-0.2024
-0.20453
-0.20462
-0.20343
-0.19593
-0.20603
-0.20416
-0.1991
-0.20625
-0.20398
-0.20609
-0.20734
-0.20873
-0.21205
-0.20084
-0.20685
-0.20548
-0.20468
-0.20711
-0.20526
-0.20569
-0.21088
-0.21151
-0.21459
-0.20773
-0.20874
-0.20812
-0.20363
-0.20855
-0.20696
-0.20543
-0.21071
-0.20902
-0.20466
-0.2069
-0.21004
-0.21288
-0.21466
-0.21092
-0.21141
-0.2122
-0.2086
-0.20711
-0.21
-0.20852
-0.20826
-0.20331
-0.20743
-0.20924
-0.21499
-0.21015
-0.21129
-0.20769
-0.21
-0.20962
-0.20653
-0.21005
-0.20742
-0.21064
-0.2087
-0.20387
-0.21307
-0.20595
-0.20806
-0.21213
-0.21259
-0.21114
-0.20917
-0.20455
-0.20995
-0.21032
-0.20981
-0.21117
-0.22035
-0.21189
-0.21253
-0.21311
-0.21054
-0.20839
-0.20889
-0.21408
-0.21302
-0.20462
-0.21121
-0.21295
-0.20819
-0.2092
-0.21369
-0.21176
-0.2114
-0.21461
-0.2148
-0.21004
-0.21442
-0.21219
-0.21118
-0.21593
-0.21335
-0.21393
-0.20527
-0.21176
-0.21624
-0.21018
-0.21571
-0.21487
-0.21577
-0.21702
-0.2222
-0.20964
-0.21503
-0.21741
-0.21486
-0.21631
-0.2145
-0.2182
-0.22513
-0.21936
-0.21557
-0.20793
-0.21829
-0.22107
-0.21755
-0.22025
-0.2177
-0.2188
-0.21884
-0.21868
-0.20754
-0.21659
-0.22133
-0.21981
-0.21996
-0.21746
-0.21687
-0.22068
-0.22028
-0.21982
-0.22822
-0.21827
-0.22383
-0.22068
-0.21823
-0.22313
-0.22798
-0.21787
-0.21985
-0.22126
-0.21394
-0.22247
-0.22479
-0.22193
-0.21815
-0.21971
-0.21636
-0.22678
-0.21808
-0.2131
-0.22191
-0.22081
-0.21277
-0.21985
-0.22083
-0.22612
-0.21438
-0.21737
-0.21951
-0.21048
-0.21958
-0.2197
-0.22464
-0.21917
-0.22367
-0.22098
-0.2227
-0.22328
-0.2246
-0.22023
-0.22697
-0.22627
-0.22475
-0.22636
-0.22784
-0.22156
-0.22574
-0.23049
-0.22817
-0.22484
-0.22033
-0.22525
-0.22578
-0.21486
-0.22369
-0.22669
-0.22921
-0.22558
-0.22349
-0.22429
-0.22584
-0.22616
-0.22889
-0.23148
-0.22517
-0.22722
-0.22163
-0.22639
-0.22395
-0.21446
-0.22508
-0.22641
-0.22365
-0.21991
-0.22726
-0.22576
-0.22537
-0.23083
-0.21988
-0.22793
-0.22708
-0.22724
-0.22616
-0.22509
-0.2271
-0.22873
-0.22595
-0.22535
-0.22749
-0.23661
-0.22818
-0.22959
-0.22397
-0.22667
-0.23015
-0.22814
-0.22888
-0.23153
-0.22686
-0.22088
-0.22881
-0.22785
-0.23042
-0.23035
-0.22613
-0.22166
-0.22832
-0.23063
-0.23205
-0.22959
-0.2314
-0.22728
-0.23022
-0.22914
-0.2342
-0.23333
-0.22746
-0.22591
-0.22438
-0.2295
-0.22378
-0.22568
-0.22701
-0.22427
-0.23979
-0.23215
-0.2308
-0.22454
-0.22578
-0.23
-0.23157
-0.23256
-0.23115
-0.22932
-0.22997
-0.23115
-0.23192
-0.23401
-0.23171
-0.23139
-0.23606
-0.23133
-0.22959
-0.23132
-0.23318
-0.23424
-0.23056
-0.23102
-0.23379
-0.23181
-0.22974
-0.23162
-0.2266
-0.23327
-0.22873
-0.22759
-0.23101
-0.22953
-0.23256
-0.22919
-0.22717
