0
0.0093498
0.022299
0.029066
0.038905
0.049869
0.06001
0.069325
0.080198
0.089939
0.098829
0.10921
0.12012
0.12971
0.13826
0.14914
0.1578
0.16877
0.17726
0.18723
0.19782
0.20728
0.21727
0.22807
0.23995
0.24995
0.26029
0.27038
0.2809
0.29151
0.30036
0.31006
0.32019
0.33094
0.34074
0.35073
0.35972
0.36997
0.38006
0.38926
0.39979
0.40944
0.41884
0.42863
0.44072
0.45081
0.46103
0.47096
0.4814
0.49132
0.50115
0.51105
0.521
0.53197
0.54109
0.55103
0.56108
0.57092
0.581
0.59107
0.60097
0.60947
0.61973
0.62973
0.64002
0.64915
0.65981
0.67066
0.68275
0.69245
0.7023
0.71302
0.722
0.73185
0.7427
0.75269
0.76293
0.77156
0.78227
0.79258
0.80128
0.81207
0.82127
0.832
0.84127
0.85089
0.86098
0.87093
0.88091
0.89007
0.90015
0.91494
0.92303
0.93409
0.94306
0.95402
0.96303
0.97472
0.98318
0.99431
1.0032
1.0143
1.0242
1.0343
1.0433
1.0522
1.0632
1.0731
1.0822
1.0912
1.1021
1.112
1.1213
1.1352
1.1439
1.1548
1.164
1.1748
1.1849
1.1959
1.2043
1.2151
1.2241
1.2342
1.2442
1.2551
1.2641
1.2744
1.2852
1.2944
1.3031
1.3147
1.3231
1.3336
1.3423
1.3531
1.3649
1.3749
1.3849
1.3959
1.4058
1.4155
1.426
1.4358
1.4452
1.4551
1.4661
1.4749
1.4845
1.4954
1.5051
1.5142
1.524
1.5334
1.5437
1.5559
1.5649
1.5747
1.5862
1.5973
1.6059
1.616
1.6261
1.6361
1.6459
1.6569
1.6665
1.6761
1.6861
1.6969
1.707
1.7162
1.7271
1.7353
1.7452
1.7543
1.7648
1.7752
1.7842
1.7944
1.8047
1.8174
1.8274
1.837
1.8472
1.8572
1.8671
1.8771
1.887
1.8962
1.9073
1.9178
1.9272
1.9381
1.9487
1.9579
1.9677
1.9762
1.9871
1.9964
2.0055
2.0153
2.0262
2.0363
2.0481
2.0578
2.0681
2.0781
2.088
2.0981
2.108
2.1182
2.129
2.1389
2.1489
2.1588
2.1674
2.1789
2.1879
2.1974
2.2064
2.2169
2.2273
2.2371
2.2462
2.2564
2.2663
2.2764
2.2863
2.2964
2.3062
2.3164
2.3295
2.339
2.3491
2.3592
2.3691
2.3798
2.3897
2.3998
2.4098
2.4199
2.4299
2.4395
2.4494
2.4598
2.4693
2.4783
2.488
2.4973
2.5072
2.5173
2.5273
2.5399
2.5499
2.5601
2.5699
2.5808
2.5899
2.6008
2.6099
2.6209
2.631
2.6398
2.6502
2.6595
2.6693
2.679
2.6883
2.6989
2.709
2.7189
2.7285
2.7394
2.7496
2.7586
2.7713
2.7814
2.791
2.8017
2.8123
2.8224
2.832
2.8414
2.8512
2.8613
2.8712
2.8818
2.8909
2.901
2.911
2.921
2.9309
2.94
2.9492
2.96
2.9698
2.98
2.9898
3.0004
3.0125
3.0218
3.0329
3.0418
3.0528
3.0629
3.0725
3.0829
3.0937
3.103
3.1133
3.1233
3.1316
3.1422
3.1512
3.1612
3.1702
3.1802
3.1909
3.2009
3.2109
3.2202
3.2302
3.2429
3.2938
3.3039
3.3133
3.324
3.3351
3.344
3.3543
3.3632
3.3728
3.3831
3.3933
3.4023
3.4121
3.4223
3.4321
3.4418
3.4513
3.462
3.4718
3.482
3.4951
3.5441
3.5541
3.5641
3.5756
3.5846
3.5946
3.6052
3.614
3.6233
3.6334
3.6433
3.6539
3.663
3.6737
3.6822
3.692
3.7035
3.7134
3.7226
3.7353
3.7451
3.7952
3.8052
3.8153
3.8251
3.8361
3.8453
3.8553
3.8642
3.8743
3.8842
3.8944
3.9041
3.9143
3.9232
3.9341
3.9437
3.9547
3.9665
3.9745
4.0263
4.0362
4.0463
4.0569
4.0668
4.0769
4.0863
4.0963
4.1069
4.1153
4.1253
4.1354
4.1453
4.1546
4.1654
4.1758
4.1845
4.1959
4.2048
4.2468
4.2567
4.267
4.277
4.287
4.2964
4.3082
4.3178
4.3278
4.3369
4.3466
4.3563
4.3657
4.3763
4.3865
4.3953
4.406
4.4154
4.4258
4.4678
4.4779
4.4879
4.4989
4.5088
4.5188
4.5288
4.5389
4.5494
4.5593
4.5675
4.5773
4.589
4.598
4.6074
4.6173
4.6273
4.6374
4.6462
4.657
4.6668
4.6767
4.7195
4.7296
4.7393
4.7491
4.7591
4.7691
4.7791
4.7898
4.7997
4.8087
4.8194
4.8287
4.8385
4.8473
4.8578
4.8681
4.878
4.8873
4.8998
4.9085
4.9197
4.9298
4.9408
4.9504
4.9608
4.9708
4.9816
4.9906
5.0015
5.01
5.021
5.0297
5.04
5.0499
5.059
5.0687
5.0788
5.0886
5.099
5.1082
5.1208
5.1307
5.1414
5.151
5.161
5.1717
5.1818
5.1919
5.2011
5.2114
5.2216
5.2321
5.2402
5.2508
5.2592
5.2692
5.2801
5.2897
5.2999
5.3525
5.3624
5.3729
5.3821
5.3919
5.402
5.4112
5.421
5.4329
5.4411
5.4517
5.4601
5.4702
5.4807
5.4903
5.5002
5.5109
5.5207
5.5302
5.543
5.5949
5.6039
5.6133
5.6238
5.6342
5.6433
5.6547
5.6637
5.6733
5.6841
5.692
5.7013
5.7123
5.7218
5.7318
5.7414
5.7513
5.7619
5.7719
5.7819
5.7918
5.8017
5.8148
5.8248
5.8742
5.8832
5.8933
5.9024
5.9138
5.923
5.9334
5.9431
5.953
5.9622
5.9738
5.985
5.9944
6.0047
6.0158
6.0249
6.0365
6.0457
6.0952
6.1059
6.1155
6.1242
6.1344
6.1432
6.1534
6.1633
6.1732
6.1836
6.194
6.2037
6.214
6.224
6.2344
6.2432
6.2561
6.266
6.2761
6.286
6.297
6.3062
6.3169
6.3262
6.3362
6.3461
6.3554
6.3652
6.3761
6.4244
6.4344
6.4448
6.4569
6.4678
6.4773
6.4877
6.497
6.5071
6.5171
6.5279
6.5373
6.548
6.5562
6.5668
6.5768
6.5868
6.597
6.6068
6.6159
6.6301
6.6388
6.6478
6.6575
6.6666
6.6786
6.6879
6.6987
6.7081
6.7188
6.7281
6.7388
6.7488
6.7588
6.7688
6.7787
6.7882
6.7982
6.8088
6.8567
6.8668
6.8767
6.8869
6.8969
6.9063
6.9167
6.9269
6.939
6.949
6.9597
6.9698
6.9798
6.9897
6.9991
7.009
7.0197
7.029
7.039
7.0492
7.0589
7.0685
7.0778
7.0889
7.0973
7.1072
7.1177
7.1279
7.138
7.1499
7.1593
7.1699
7.1807
7.1903
7.201
7.2107
7.2217
7.2307
7.2401
7.2493
7.2607
7.27
7.3187
7.3293
7.3383
7.3482
7.3587
7.3688
7.3807
7.3919
7.4017
7.4117
7.4217
7.4313
7.4418
7.4511
7.4617
7.4715
7.4802
7.4901
7.5394
7.5494
7.5597
7.5692
7.5793
7.5893
7.5992
7.6093
7.6193
7.6293
7.6437
7.6518
7.6592
7.6738
7.6828
7.7328
7.7418
7.7519
7.7613
7.771
7.7809
7.7905
7.8002
7.8101
7.821
7.8302
7.8407
7.8507
7.8627
7.8747
7.8839
7.8948
7.9039
7.9541
7.9623
7.9735
7.9822
7.9938
8.0012
8.0112
8.0219
8.0329
8.0418
8.0514
8.062
8.0718
8.0818
8.0918
8.1012
8.1148
8.124
8.1341
8.144
8.195
8.2045
8.2133
8.2242
8.2333
8.2433
8.2533
8.2623
8.2739
8.2823
8.2938
8.3023
8.3157
8.3223
8.3328
8.345
8.3953
8.406
8.4158
8.4258
8.4354
8.4458
8.4543
8.4643
8.4743
8.4843
8.4934
8.5043
8.5135
8.5233
8.5341
8.5433
8.5942
8.6058
8.6159
8.6259
8.6369
8.646
8.6569
8.6669
8.6769
8.6867
8.6953
8.7052
8.7158
8.7253
8.7359
8.7453
8.7554
8.7658
8.7752
8.825
8.8377
8.8469
8.857
8.8669
8.8777
8.8878
8.8977
8.9081
8.9179
8.9271
8.9362
8.9462
8.9567
8.9672
8.9754
8.9866
8.9963
9.0457
9.0562
9.0678
9.0788
9.0888
9.0987
9.1088
9.1181
9.128
9.1382
9.149
9.158
9.1688
9.1781
9.1878
9.198
9.208
9.2165
9.2268
9.2369
9.2868
9.299
9.3093
9.319
9.3289
9.3398
9.3492
9.3598
9.3698
9.3798
9.3893
9.3992
9.4092
9.4191
9.4286
9.4384
9.4483
9.4583
9.4672
9.478
9.5277
9.5404
9.5504
9.56
9.57
9.58
9.5899
9.6008
9.6105
9.6192
9.6292
9.6383
9.6483
9.6582
9.6688
9.6782
9.6888
9.699
9.7087
9.719
9.7284
9.739
9.751
9.7609
9.7709
9.7811
9.7917
9.8019
9.8115
9.8224
9.8313
9.8409
9.8503
9.8608
9.8706
9.8797
9.8891
9.8998
9.9091
9.9203
9.9304
9.9402
9.9493
9.9592
9.9722
9.9818
9.9916
10.003
10.013
10.022
10.034
10.043
10.053
10.063
10.073
10.083
10.091
10.101
10.111
10.12
10.131
10.141
10.15
10.161
10.171
10.181
10.194
10.204
10.214
10.223
10.235
10.243
10.254
10.263
10.273
10.284
10.294
10.304
10.314
10.322
10.334
10.342
10.354
10.362
10.372
10.382
10.391
10.402
10.411
10.421
10.431
10.442
10.455
10.465
10.475
10.484
10.494
10.505
10.514
10.525
10.535
10.544
10.554
10.564
10.575
10.584
10.594
10.602
10.613
10.622
10.633
10.685
10.695
10.705
10.715
10.725
10.735
10.746
10.754
10.765
10.776
10.785
10.794
10.803
10.814
10.823
10.833
10.843
10.855
10.903
10.914
10.924
10.934
10.944
10.957
10.966
10.977
10.987
10.997
11.007
11.015
11.026
11.035
11.044
11.054
11.064
11.115
11.125
11.136
11.144
11.158
11.168
11.178
11.188
11.198
11.207
11.218
11.227
11.236
11.246
11.257
11.267
11.276
11.287
11.296
11.345
11.356
11.366
11.377
11.386
11.399
11.408
11.418
11.428
11.438
11.449
11.459
11.467
11.478
11.487
11.536
11.546
11.556
11.567
11.577
11.587
11.597
11.607
11.617
11.626
11.639
11.649
11.659
11.67
11.68
11.69
11.74
11.749
11.759
11.768
11.778
11.789
11.797
11.808
11.818
11.828
11.84
11.85
11.86
11.87
11.88
11.89
11.941
11.95
11.96
11.971
11.98
11.99
12
12.009
12.018
12.028
12.039
12.049
12.059
12.069
12.079
12.089
12.132
12.142
12.152
12.162
12.172
12.182
12.191
12.201
12.211
12.219
12.229
12.239
12.25
12.26
12.269
12.28
12.29
12.3
12.314
12.362
12.373
12.383
12.394
12.401
12.414
12.423
12.431
12.442
12.451
12.462
12.471
12.481
12.491
12.501
12.51
12.555
12.564
12.575
12.584
12.594
12.604
12.613
12.624
12.633
12.642
12.654
12.661
12.671
12.681
12.691
12.701
12.711
12.721
12.764
12.775
12.784
12.795
12.804
12.816
12.824
12.834
12.845
12.855
12.864
12.873
12.884
12.894
12.904
12.913
12.923
12.933
12.982
12.994
13.003
13.016
13.025
13.036
13.045
13.055
13.066
13.076
13.085
13.095
13.105
13.115
13.123
13.133
13.143
13.153
13.197
13.206
13.217
13.226
13.237
13.247
13.257
13.267
13.277
13.286
13.295
13.306
13.316
13.325
13.335
13.346
13.394
13.405
13.415
13.424
13.434
13.444
13.454
13.464
13.475
13.488
13.498
13.508
13.518
13.527
13.537
13.548
13.557
13.568
13.616
13.626
13.635
13.645
13.656
13.665
13.676
13.686
13.696
13.706
13.715
13.725
13.739
13.749
13.759
13.769
13.779
13.788
13.798
13.808
13.848
13.858
13.868
13.877
13.887
13.897
13.907
13.916
13.926
13.937
13.947
13.956
13.969
13.98
13.99
14
14.01
14.02
14.03
14.04
14.05
14.06
14.068
14.078
14.09
14.098
14.108
14.118
14.128
14.138
14.148
14.158
14.2
14.21
14.22
14.23
14.241
14.251
14.261
14.271
14.28
14.291
14.301
14.31
14.32
14.33
14.338
14.348
14.358
14.368
14.378
14.388
14.399
14.409
14.421
14.431
14.441
14.451
14.461
14.471
14.482
14.492
14.502
14.511
14.522
14.53
14.541
14.55
14.56
14.57
14.58
14.59
14.6
14.61
14.62
14.633
14.642
14.652
14.663
14.673
14.683
14.693
14.703
14.714
14.721
14.734
14.741
14.751
14.762
14.772
14.782
14.791
14.8
14.811
14.821
14.831
14.84
14.851
14.86
14.87
14.881
14.891
14.903
14.913
14.924
14.935
14.944
14.953
14.962
14.973
14.982
14.991
15.002
15.012
15.022
15.032
15.042
15.052
15.062
15.072
15.085
15.096
15.104
15.114
15.125
15.135
15.145
15.156
15.164
15.175
15.185
15.195
15.203
15.213
15.223
15.235
15.242
15.254
15.262
15.273
15.283
15.294
15.303
15.315
15.325
15.336
15.346
15.356
15.366
15.376
15.386
15.396
15.406
15.415
15.425
15.434
15.445
15.454
15.464
15.474
15.483
15.494
15.503
15.513
15.523
15.534
15.546
15.557
15.567
15.577
15.587
15.597
15.607
15.616
15.626
15.635
15.646
15.656
15.665
15.674
15.684
15.696
15.705
15.715
15.724
15.735
15.748
15.757
15.768
15.778
15.788
15.798
15.807
15.817
15.826
15.836
15.846
15.856
15.866
15.876
15.886
15.896
15.906
15.915
15.925
15.939
15.949
15.958
15.969
15.979
15.989
15.999
16.009
16.019
16.028
16.038
16.049
16.057
16.067
16.077
16.087
16.097
16.106
16.117
16.127
16.137
16.147
16.159
16.169
16.179
16.189
16.2
16.21
16.22
16.229
16.24
16.249
16.259
16.269
16.278
16.288
16.297
16.307
16.317
16.327
16.338
16.348
16.361
16.37
16.381
16.39
16.401
16.41
16.42
16.431
16.44
16.451
16.46
16.471
16.48
16.49
16.5
16.509
16.519
16.528
16.538
16.548
16.558
16.568
16.578
16.588
16.599
16.612
16.621
16.632
16.647
16.651
16.661
16.67
16.68
16.69
16.7
16.709
16.719
16.73
16.739
16.749
16.76
16.77
16.782
16.792
16.803
16.814
16.823
16.833
16.843
16.854
16.863
16.873
16.883
16.893
16.903
16.911
16.921
16.931
16.941
16.95
16.961
16.971
16.98
16.99
17.001
17.013
17.023
17.033
17.044
17.053
17.063
17.074
17.084
17.095
17.104
17.113
17.122
17.133
17.142
17.151
17.161
17.171
17.181
17.191
17.201
17.211
17.221
17.236
17.244
17.254
17.265
17.274
17.284
17.295
17.304
17.314
17.324
17.335
17.345
17.354
17.363
17.373
17.383
17.393
17.403
17.413
17.423
17.433
17.443
17.453
17.462
17.473
17.486
17.497
17.506
17.516
17.526
17.537
17.545
17.556
17.566
17.576
17.586
17.595
17.605
17.615
17.624
17.635
17.643
17.653
17.663
17.673
17.683
17.693
17.703
17.713
17.727
17.737
17.746
17.757
17.767
17.776
17.786
17.797
17.807
17.817
17.826
17.836
17.846
17.855
17.865
17.876
17.885
17.894
17.904
17.914
17.925
17.935
17.945
17.956
17.965
17.976
17.985
17.998
18.008
18.017
18.027
18.037
18.048
18.058
18.068
18.078
18.088
18.097
18.107
18.117
18.126
18.137
18.146
18.156
18.165
18.176
18.185
18.195
18.206
18.218
18.228
18.238
18.248
18.258
18.268
18.278
18.289
18.298
18.308
18.318
18.328
18.338
18.347
18.358
18.367
18.378
18.388
18.396
18.407
18.417
18.427
18.437
18.447
18.457
18.467
18.479
18.489
18.499
18.509
18.519
18.529
18.54
18.55
18.559
18.57
18.579
18.589
18.599
18.609
18.618
18.627
18.638
18.648
18.658
18.667
18.677
18.688
18.698
18.71
18.721
18.731
18.741
18.751
18.761
18.77
18.781
18.79
18.8
18.81
18.82
18.829
18.84
18.85
18.858
18.868
18.879
18.889
18.898
18.908
18.918
18.928
18.938
18.949
18.961
18.971
18.981
18.991
19.002
19.011
19.022
19.031
19.041
19.051
19.061
19.071
19.081
19.091
19.101
19.11
19.119
19.129
19.139
19.149
19.16
19.17
19.18
19.19
19.202
19.212
19.223
19.233
19.242
19.253
19.262
19.273
19.283
19.293
19.303
19.313
19.322
19.331
19.341
19.351
19.361
19.371
19.38
19.39
19.401
19.413
19.423
19.433
19.443
19.453
19.463
19.473
19.483
19.494
19.504
19.513
19.523
19.534
19.544
19.553
19.562
19.572
19.582
19.591
19.601
19.611
19.621
19.631
19.641
19.651
19.661
19.671
19.684
19.695
19.705
19.715
19.725
19.735
19.745
19.754
19.764
19.774
19.785
19.793
19.804
19.815
19.824
19.834
19.844
19.852
19.862
19.874
19.883
19.893
19.902
19.912
19.923
19.933
19.945
19.955
19.965
19.976
19.986
19.996
20.006
20.015
20.026
20.036
20.044
20.054
20.064
20.074
20.083
20.093
20.103
20.113
20.124
20.133
20.143
20.153
20.163
20.177
20.187
20.197
20.207
20.217
20.227
20.237
20.247
20.257
20.267
20.276
20.286
20.296
20.306
20.316
20.325
20.335
20.346
20.354
20.365
20.374
20.385
20.397
20.407
20.417
20.427
20.438
20.447
20.458
20.467
20.478
20.488
20.498
20.508
20.517
20.526
20.537
20.546
20.556
20.566
20.576
20.585
20.595
20.605
20.616
20.626
20.637
20.646
20.655
20.668
20.678
20.688
20.699
20.708
20.719
20.729
20.739
20.749
20.759
20.769
20.778
20.788
20.798
20.808
20.818
20.828
20.837
20.848
20.856
20.867
20.877
20.886
20.896
20.907
20.916
20.927
20.939
20.949
20.96
20.97
20.98
20.99
21
21.009
21.019
21.029
21.04
21.048
21.058
21.068
21.077
21.087
21.097
21.107
21.117
21.127
21.137
21.147
21.161
21.171
21.18
21.19
21.2
21.21
21.221
21.231
21.24
21.25
21.26
21.27
21.28
21.29
21.301
21.309
21.32
21.329
21.339
21.349
21.359
21.368
21.379
21.389
21.399
21.409
21.418
21.428
21.442
21.451
21.462
21.471
21.481
21.492
21.502
21.512
21.522
21.532
21.541
21.551
21.561
21.569
21.579
21.589
21.599
21.609
21.619
21.63
21.639
21.649
21.66
21.672
21.682
21.693
21.703
21.713
21.722
21.733
21.742
21.755
21.763
21.771
21.782
21.792
21.801
21.811
21.821
21.83
21.841
21.85
21.86
21.87
21.88
21.89
21.9
21.911
21.923
21.933
21.944
21.954
21.963
21.975
21.984
21.994
22.004
22.012
22.023
22.032
22.041
22.051
22.062
22.071
22.082
22.091
22.102
22.111
22.121
22.134
22.144
22.155
22.165
22.175
22.184
22.194
22.204
22.214
22.224
22.234
22.244
22.254
22.263
22.273
22.283
22.294
22.303
22.312
22.323
22.333
22.343
22.353
22.365
22.376
22.386
22.396
22.406
22.416
22.425
22.435
22.445
22.455
22.466
22.475
22.484
22.495
22.505
22.514
22.525
22.534
22.544
22.554
22.564
22.574
22.583
22.594
22.603
22.613
22.627
22.637
22.647
22.657
22.667
22.677
22.686
22.695
22.706
22.715
22.726
22.735
22.745
22.754
22.765
22.774
22.785
22.795
22.805
22.816
22.825
22.835
22.847
22.858
22.868
22.878
22.887
22.898
22.908
22.916
22.926
22.937
22.946
22.956
22.965
22.976
22.986
22.996
23.005
23.016
23.026
23.035
23.045
23.059
23.069
23.079
23.088
23.098
23.108
23.118
23.127
23.137
23.148
23.157
23.166
23.176
23.187
23.196
23.206
23.216
23.227
23.236
23.246
23.257
23.266
23.279
23.289
23.3
23.309
23.319
23.33
23.339
23.35
23.36
23.369
23.378
23.39
23.397
23.408
23.417
23.427
23.437
23.447
23.458
23.467
23.48
23.49
23.501
23.511
23.52
23.531
23.54
23.55
23.561
23.57
23.581
23.591
23.6
23.609
23.62
23.63
23.639
23.649
23.659
23.669
23.679
23.688
23.699
23.709
23.722
23.732
23.741
23.751
23.762
23.771
23.782
23.792
23.802
23.812
23.821
23.833
23.841
23.851
23.859
23.87
23.879
23.889
23.899
23.909
23.919
23.929
23.94
23.952
23.962
23.972
23.983
23.994
24.003
24.012
24.021
24.031
24.041
24.051
24.06
24.07
24.08
24.09
24.1
24.11
24.121
24.13
24.141
24.15
24.163
24.173
24.183
24.194
24.204
24.213
24.223
24.233
24.244
24.253
24.263
24.273
24.283
24.293
24.301
24.311
24.321
24.331
24.342
24.356
24.364
24.374
24.384
24.395
24.404
24.413
24.424
24.435
24.444
24.454
24.463
24.473
24.483
24.495
24.503
24.512
24.523
24.533
24.543
24.554
24.562
24.573
24.582
24.592
24.602
24.614
24.625
24.635
24.645
24.655
24.665
24.676
24.685
24.695
24.706
24.716
24.725
24.735
24.783
24.793
24.803
24.814
24.823
24.833
24.843
24.854
24.864
24.876
24.886
24.896
24.906
24.917
24.926
24.936
24.947
24.996
25.005
25.016
25.024
25.034
25.044
25.056
25.065
25.075
25.084
25.095
25.104
25.115
25.127
25.138
25.148
25.157
25.167
25.216
25.227
25.236
25.246
25.256
25.266
25.275
25.285
25.296
25.305
25.315
25.325
25.336
25.378
25.388
25.399
25.408
25.418
25.428
25.438
25.449
25.458
25.468
25.478
25.488
25.497
25.508
25.517
25.527
25.536
25.547
25.556
25.599
25.61
25.62
25.63
25.639
25.649
25.659
25.669
25.679
25.689
25.699
25.709
25.718
25.728
25.737
25.748
25.757
25.807
25.818
25.827
25.84
25.85
25.86
25.87
25.88
25.89
25.901
25.911
25.92
25.931
25.94
25.951
25.959
26.008
26.018
26.028
26.038
26.048
26.058
26.069
26.078
26.091
26.102
26.111
26.122
26.131
26.141
26.151
26.161
26.17
26.181
26.191
26.24
26.249
26.259
26.27
26.281
26.289
26.299
26.309
26.322
26.332
26.342
26.353
26.363
26.372
26.383
26.393
26.403
26.411
26.421
26.432
26.442
26.49
26.501
26.511
26.521
26.53
26.54
26.554
26.563
26.573
26.583
26.593
26.603
26.613
26.623
26.633
26.643
26.658
26.668
26.676
26.724
26.733
26.743
26.753
26.767
26.777
26.786
26.797
26.806
26.817
26.827
26.837
26.845
26.855
26.864
26.874
26.884
26.934
26.944
26.958
26.968
26.977
26.988
26.997
27.007
27.017
27.027
27.037
27.048
27.058
27.067
27.077
27.086
27.096
27.107
27.115
27.165
27.176
27.186
27.195
27.205
27.219
27.228
27.239
27.248
27.259
27.268
27.279
27.288
27.297
27.308
27.317
27.327
27.338
27.386
27.396
27.406
27.417
27.427
27.44
27.449
27.459
27.469
27.479
27.489
27.499
27.509
27.519
27.529
27.578
27.588
27.599
27.607
27.617
27.627
27.637
27.647
27.657
27.667
27.678
27.69
27.7
27.71
27.72
27.731
27.743
27.751
27.76
27.771
27.781
27.79
27.801
27.849
27.859
27.868
27.878
27.888
27.898
27.909
27.918
27.928
27.938
27.948
27.961
27.971
27.982
27.993
28.002
28.011
28.021
28.032
28.04
28.05
28.06
28.069
28.079
28.089
28.099
28.109
28.119
28.132
28.143
28.153
28.162
28.172
28.182
28.193
28.202
28.213
28.222
28.231
28.242
28.251
28.261
28.27
28.32
28.33
28.34
28.35
28.36
28.373
28.383
28.394
28.403
28.413
28.423
28.434
28.443
28.453
28.462
28.473
28.481
28.491
28.541
28.555
28.564
28.575
28.584
28.595
28.604
28.614
28.623
28.636
28.645
28.654
28.664
28.673
28.683
28.692
28.702
28.752
28.762
28.773
28.785
28.795
28.806
28.816
28.826
28.835
28.846
28.855
28.865
28.875
28.885
28.895
28.905
28.916
28.924
28.935
28.943
28.954
28.963
28.974
28.983
29.027
29.036
29.046
29.057
29.067
29.077
29.086
29.096
29.106
29.115
29.126
29.136
29.145
29.154
29.165
29.174
29.184
29.195
29.204
29.214
29.224
29.237
29.247
29.257
29.267
29.277
29.287
29.297
29.307
29.317
29.326
29.338
29.348
29.356
29.366
29.376
29.386
29.396
29.406
29.416
29.426
29.436
29.445
29.456
29.466
29.476
29.488
29.498
29.508
29.518
29.528
29.538
29.548
29.558
29.567
29.577
29.588
29.597
29.607
29.617
29.627
29.636
29.646
29.656
29.666
29.676
29.687
29.696
29.706
29.716
29.726
29.74
29.75
29.76
29.769
29.779
29.789
29.799
29.809
29.818
29.83
29.839
29.848
29.858
29.869
29.879
29.888
29.899
29.907
29.918
29.927
29.937
29.947
29.957
29.967
29.977
29.987
30.002
30.01
30.02
30.03
30.04
30.05
30.06
30.071
30.081
30.089
30.099
30.109
30.119
30.128
30.138
30.149
30.159
30.169
30.178
30.188
30.198
30.212
30.222
30.231
30.242
30.252
30.261
30.271
30.281
30.29
30.3
30.311
30.319
30.33
30.34
30.35
30.359
30.37
30.379
30.389
30.399
30.409
30.419
30.429
30.439
30.453
30.462
30.473
30.482
30.493
30.503
30.513
30.523
30.532
30.543
30.553
30.562
30.571
30.581
30.591
30.601
30.611
30.62
30.63
30.64
30.65
30.66
30.67
30.68
30.69
30.7
30.71
30.72
30.733
30.743
30.755
30.764
30.774
30.783
30.793
30.803
30.814
30.823
30.833
30.843
30.853
30.862
30.872
30.882
30.893
30.902
30.911
30.921
30.931
30.941
30.951
30.961
30.974
30.984
30.995
31.004
31.014
31.024
31.035
31.044
31.053
31.065
31.075
31.085
31.095
31.103
31.114
31.122
31.132
31.142
31.152
31.162
31.172
31.182
31.194
31.203
31.214
31.226
31.236
31.245
31.255
31.265
31.275
31.285
31.296
31.306
31.316
31.324
31.334
31.344
31.354
31.364
31.374
31.383
31.393
31.403
31.413
31.423
31.433
31.443
31.454
31.467
31.476
31.486
31.497
31.507
31.516
31.527
31.537
31.547
31.556
31.565
31.576
31.585
31.595
31.605
31.614
31.624
31.635
31.644
31.655
31.664
31.675
31.684
31.697
31.707
31.718
31.728
31.737
31.747
31.757
31.767
31.777
31.787
31.797
31.806
31.855
31.865
31.876
31.885
31.896
31.909
31.918
31.928
31.938
31.948
31.958
31.968
31.979
31.989
31.999
32.008
32.017
32.066
32.076
32.086
32.096
32.106
32.116
32.126
32.139
32.149
32.159
32.169
32.18
32.189
32.199
32.208
32.219
32.229
32.238
32.249
32.258
32.268
32.277
32.288
32.298
32.307
32.36
32.37
32.38
32.39
32.4
32.41
32.42
32.431
32.441
32.449
32.459
32.469
32.479
32.488
32.498
32.508
32.518
32.528
32.538
32.548
32.562
32.571
32.62
32.631
32.641
32.65
32.659
32.67
32.68
32.69
32.699
32.709
32.719
32.729
32.739
32.749
32.759
32.773
32.783
32.792
32.802
32.813
32.822
32.832
32.842
32.852
32.861
32.872
32.881
32.891
32.902
32.91
32.92
32.931
32.94
32.95
33.003
33.013
33.023
33.033
33.043
33.054
33.064
33.073
33.084
33.093
33.103
33.114
33.123
33.133
33.142
33.153
33.161
33.174
33.182
33.192
33.202
33.212
33.221
33.231
33.244
33.255
33.264
33.275
33.284
33.295
33.304
33.316
33.324
33.334
33.384
33.393
33.402
33.413
33.422
33.433
33.442
33.454
33.466
33.476
33.486
33.496
33.505
33.516
33.525
33.536
33.546
33.555
33.566
33.576
33.586
33.595
33.604
33.614
33.623
33.635
33.643
33.654
33.663
33.674
33.683
33.696
33.706
33.716
33.726
33.736
33.747
33.796
33.806
33.816
33.825
33.835
33.844
33.855
33.864
33.875
33.884
33.894
33.904
33.915
33.927
33.937
33.947
33.957
33.967
33.978
33.988
33.998
34.008
34.017
34.027
34.037
34.047
34.056
34.066
34.076
34.086
34.096
34.105
34.116
34.125
34.136
34.145
34.156
34.165
34.179
34.229
34.238
34.248
34.259
34.268
34.278
34.288
34.298
34.309
34.317
34.327
34.336
34.347
34.356
34.366
34.376
34.386
34.396
34.406
34.416
34.426
34.439
34.449
34.459
34.469
34.48
34.489
34.499
34.51
34.52
34.528
34.538
34.549
34.558
34.568
34.617
34.627
34.638
34.647
34.657
34.667
34.677
34.688
34.7
34.711
34.72
34.73
34.74
34.75
34.761
34.77
34.781
34.789
34.799
34.809
34.82
34.83
34.839
34.849
34.858
34.868
34.878
34.888
34.898
34.908
34.918
34.928
34.941
34.951
34.961
34.971
34.981
34.993
35.002
35.012
35.022
35.03
35.041
35.05
35.099
35.109
35.119
35.129
35.14
35.15
35.162
35.172
35.183
35.193
35.202
35.213
35.222
35.234
35.242
35.251
35.261
35.271
35.281
35.291
35.301
35.311
35.32
35.33
35.34
35.35
35.36
35.37
35.38
35.394
35.403
35.413
35.424
35.434
35.444
35.454
35.464
35.474
35.483
35.493
35.502
35.512
35.522
35.535
35.542
35.551
35.561
35.571
35.581
35.591
35.601
35.611
35.625
35.634
35.644
35.655
35.664
35.675
35.684
35.693
35.705
35.715
35.724
35.735
35.743
35.754
35.762
35.772
35.782
35.793
35.803
35.815
35.826
35.835
35.845
35.856
35.865
35.875
35.885
35.896
35.906
35.915
35.925
35.934
35.945
35.955
35.964
35.974
35.984
35.994
36.003
36.014
36.023
36.034
36.043
36.053
36.063
36.073
36.083
36.096
36.106
36.117
36.127
36.136
36.146
36.156
36.166
36.176
36.186
36.195
36.205
36.214
36.225
36.235
36.244
36.255
36.264
36.275
36.284
36.294
36.308
36.317
36.327
36.338
36.348
36.357
36.367
36.377
36.387
36.397
36.408
36.417
36.426
36.436
36.447
36.456
36.466
36.476
36.486
36.495
36.505
36.516
36.525
36.536
36.546
36.558
36.568
36.578
36.588
36.598
36.608
36.619
36.629
36.639
36.649
36.658
36.676
36.682
36.69
36.702
36.71
36.721
36.731
36.741
36.751
36.761
36.771
36.781
36.791
36.801
36.81
36.822
36.831
36.84
36.85
36.86
36.869
36.879
36.888
36.898
36.908
36.918
36.928
36.938
36.949
36.961
36.971
36.981
36.991
37.002
37.011
37.022
37.032
37.042
37.051
37.061
37.07
37.08
37.089
37.099
37.109
37.119
37.133
37.142
37.153
37.163
37.173
37.182
37.193
37.202
37.213
37.222
37.233
37.243
37.252
37.261
37.271
37.281
37.29
37.3
37.31
37.32
37.33
37.34
37.35
37.361
37.375
37.384
37.393
37.403
37.414
37.423
37.433
37.443
37.453
37.463
37.472
37.482
37.492
37.502
37.514
37.522
37.531
37.541
37.551
37.561
37.571
37.581
37.596
37.604
37.615
37.625
37.635
37.644
37.655
37.665
37.674
37.684
37.694
37.704
37.716
37.724
37.734
37.742
37.754
37.762
37.773
37.782
37.792
37.802
37.813
37.822
37.832
37.842
37.853
37.862
37.873
37.882
37.895
37.905
37.915
37.925
37.935
37.946
37.957
37.966
37.975
37.986
37.995
38.004
38.014
38.025
38.035
38.044
38.055
38.063
38.073
38.083
38.094
38.104
38.116
38.127
38.136
38.146
38.156
38.166
38.176
38.186
38.196
38.206
38.216
38.225
38.235
38.245
38.255
38.266
38.276
38.285
38.294
38.304
38.315
38.324
38.335
38.344
38.357
38.367
38.377
38.387
38.398
38.407
38.417
38.427
38.436
38.447
38.456
38.467
38.476
38.485
38.495
38.505
38.516
38.525
38.535
38.545
38.556
38.565
38.575
38.588
38.598
38.608
38.618
38.628
38.638
38.648
38.659
38.669
38.677
38.687
38.697
38.707
38.716
38.727
38.736
38.746
38.756
38.766
38.776
38.786
38.796
38.806
38.82
38.829
38.839
38.849
38.859
38.869
38.878
38.888
38.898
38.908
38.917
38.928
38.937
38.947
38.957
38.967
38.977
38.987
38.998
39.008
39.021
39.03
39.04
39.05
39.06
39.07
39.08
39.09
39.101
39.111
39.121
39.13
39.139
39.149
39.158
39.168
39.178
39.188
39.198
39.208
39.218
39.228
39.238
39.25
39.261
39.271
39.282
39.292
39.301
39.311
39.321
39.332
39.342
39.352
39.361
39.37
39.379
39.39
39.399
39.41
39.419
39.429
39.44
39.45
39.46
39.469
39.479
39.493
39.502
39.513
39.523
39.533
39.542
39.552
39.562
39.572
39.584
39.591
39.601
39.611
39.62
39.631
39.641
39.65
39.661
39.671
39.68
39.69
39.702
39.714
39.724
39.734
39.743
39.754
39.763
39.773
39.783
39.793
39.803
39.813
39.822
39.832
39.842
39.851
39.861
39.871
39.881
39.891
39.901
39.911
39.921
39.931
39.941
39.951
39.961
39.971
39.984
39.995
40.005
40.054
40.064
40.076
40.083
40.094
40.104
40.114
40.124
40.132
40.142
40.152
40.162
40.172
40.183
40.193
40.202
40.212
40.225
40.235
40.286
40.295
40.306
40.315
40.325
40.336
40.345
40.355
40.363
40.374
40.383
40.393
40.404
40.415
40.423
40.437
40.446
40.456
40.466
40.476
40.526
40.536
40.546
40.556
40.565
40.574
40.585
40.594
40.604
40.614
40.624
40.634
40.644
40.655
40.664
40.677
40.687
40.697
40.707
40.717
40.727
40.738
40.747
40.757
40.806
40.816
40.826
40.836
40.846
40.856
40.865
40.876
40.886
40.896
40.905
40.918
40.928
40.938
40.948
40.958
40.968
40.978
40.988
40.998
41.008
41.018
41.027
41.038
41.047
41.057
41.106
41.116
41.126
41.137
41.146
41.157
41.166
41.179
41.189
41.199
41.209
41.219
41.228
41.238
41.249
41.259
41.269
41.278
41.289
41.298
41.307
41.317
41.327
41.371
41.38
41.389
41.4
41.41
41.42
41.43
41.44
41.45
41.46
41.47
41.479
41.488
41.499
41.508
41.518
41.528
41.538
41.548
41.558
41.568
41.578
41.588
41.602
41.612
41.622
41.632
41.641
41.651
41.661
41.672
41.682
41.692
41.74
41.75
41.759
41.769
41.779
41.789
41.8
41.815
41.822
41.832
41.842
41.852
41.862
41.872
41.881
41.893
41.903
41.911
41.922
41.931
41.941
41.95
41.96
41.97
41.98
41.99
42
42.01
42.02
42.033
42.043
42.054
42.064
42.074
42.083
42.095
42.103
42.151
42.161
42.171
42.182
42.191
42.201
42.211
42.221
42.231
42.244
42.255
42.265
42.275
42.284
42.295
42.304
42.315
42.324
42.335
42.345
42.354
42.363
42.373
42.382
42.393
42.402
42.414
42.422
42.433
42.442
42.453
42.462
42.475
42.485
42.495
42.505
42.554
42.564
42.574
42.584
42.593
42.603
42.613
42.624
42.635
42.643
42.654
42.663
42.673
42.686
42.696
42.706
42.716
42.726
42.736
42.746
42.756
42.766
42.816
42.824
42.835
42.845
42.856
42.864
42.875
42.884
42.897
42.907
42.918
42.927
42.937
42.947
42.957
42.967
42.977
42.987
42.997
43.007
43.016
43.026
43.035
43.046
43.056
43.065
43.075
43.085
43.096
43.139
43.148
43.158
43.168
43.179
43.189
43.198
43.208
43.218
43.227
43.238
43.247
43.257
43.267
43.277
43.287
43.296
43.306
43.316
43.326
43.336
43.346
43.359
43.369
43.379
43.429
43.438
43.448
43.457
43.467
43.477
43.487
43.497
43.507
43.517
43.527
43.54
43.55
43.56
43.57
43.58
43.59
43.6
43.611
43.621
43.631
43.639
43.649
43.659
43.669
43.679
43.688
43.698
43.708
43.718
43.728
43.738
43.749
43.761
43.771
43.781
43.791
43.801
43.811
43.822
43.831
43.842
43.851
43.862
43.911
43.92
43.93
43.939
43.949
43.961
43.974
43.982
43.993
44.002
44.012
44.022
44.033
44.043
44.054
44.063
44.071
44.081
44.091
44.102
44.11
44.12
44.13
44.14
44.15
44.16
44.17
44.183
44.193
44.203
44.214
44.223
44.233
44.243
44.254
44.263
44.274
44.282
44.293
44.302
44.314
44.322
44.331
44.341
44.351
44.361
44.371
44.381
44.391
44.444
44.456
44.464
44.476
44.485
44.495
44.504
44.512
44.523
44.533
44.543
44.552
44.562
44.573
44.583
44.594
44.602
44.613
44.622
44.635
44.645
44.655
44.665
44.675
44.686
44.696
44.705
44.715
44.726
44.737
44.745
44.754
44.764
44.814
44.823
44.836
44.847
44.856
44.866
44.876
44.886
44.896
44.906
44.916
44.926
44.935
44.945
44.955
44.966
44.975
44.986
44.995
45.004
45.015
45.024
45.034
45.044
45.055
45.064
45.077
45.087
45.097
45.147
45.157
45.166
45.176
45.186
45.195
45.206
45.215
45.227
45.236
45.246
45.256
45.265
45.275
45.285
45.295
45.306
45.318
45.328
45.338
45.348
45.358
45.368
45.378
45.387
45.398
45.407
45.416
45.426
45.437
45.447
45.456
45.466
45.476
45.486
45.499
45.507
45.519
45.529
45.539
45.549
45.559
45.569
45.579
45.589
45.598
45.648
45.657
45.667
45.677
45.687
45.697
45.707
45.72
45.73
45.74
45.75
45.761
45.771
45.78
45.79
45.8
45.811
45.821
45.829
45.838
45.848
45.858
45.87
45.879
45.889
45.899
45.908
45.918
45.929
45.939
45.951
45.961
45.972
45.982
45.992
46.002
46.011
46.021
46.031
46.04
46.05
46.06
46.07
46.08
46.09
46.1
46.111
46.12
46.13
46.141
46.149
46.159
46.17
46.183
46.193
46.202
46.213
46.222
46.232
46.242
46.253
46.262
46.273
46.282
46.293
46.302
46.313
46.321
46.333
46.341
46.351
46.361
46.371
46.381
46.391
46.4
46.41
46.42
46.43
46.44
46.453
46.464
46.473
46.483
46.495
46.503
46.514
46.523
46.533
46.543
46.552
46.562
46.572
46.582
46.592
46.602
46.611
46.621
46.631
46.641
46.687
46.696
46.705
46.714
46.723
46.734
46.742
46.753
46.762
46.774
46.782
46.793
46.802
46.812
46.825
46.835
46.845
46.855
46.866
46.875
46.886
46.895
46.905
46.916
46.926
46.935
46.944
46.955
46.964
46.974
46.983
46.995
47.003
47.014
47.023
47.034
47.046
47.056
47.066
47.076
47.086
47.096
47.106
47.116
47.126
47.136
47.184
47.196
47.205
47.215
47.225
47.234
47.244
47.254
47.264
47.277
47.287
47.297
47.307
47.317
47.327
47.337
47.347
47.358
47.368
47.376
47.386
47.395
47.406
47.415
47.425
47.435
47.445
47.455
47.465
47.475
47.485
47.495
47.506
47.518
47.528
47.538
47.548
47.558
47.568
47.578
47.588
47.598
47.607
47.617
47.627
47.637
47.647
47.656
47.666
47.676
47.686
47.696
47.706
47.716
47.726
47.769
47.779
47.789
47.799
47.809
47.819
47.829
47.838
47.849
47.857
47.867
47.877
47.888
47.897
47.908
47.917
47.927
47.937
47.95
47.96
47.97
47.98
47.99
48
48.01
48.02
48.03
48.041
48.051
48.06
48.068
48.078
48.089
48.098
48.108
48.118
48.129
48.138
48.151
48.161
48.171
48.181
48.191
48.201
48.21
48.221
48.231
48.241
48.25
48.261
48.271
48.282
48.292
48.301
48.309
48.319
48.33
48.339
48.349
48.359
48.369
48.379
48.389
48.399
48.409
48.419
48.429
48.439
48.452
48.462
48.473
48.482
48.493
48.502
48.512
48.522
48.533
48.542
48.554
48.562
48.571
48.581
48.591
48.601
48.611
48.621
48.631
48.64
48.651
48.66
48.67
48.68
48.69
48.7
48.71
48.721
48.733
48.743
48.754
48.763
48.774
48.783
48.794
48.803
48.814
48.823
48.834
48.843
48.853
48.863
48.874
48.883
48.893
48.903
48.914
48.922
48.931
48.941
48.951
48.961
48.971
48.981
48.991
49.001
49.011
49.021
49.064
49.074
49.084
49.094
49.104
49.114
49.124
49.136
49.145
49.154
49.164
49.175
49.183
49.196
49.204
49.214
49.224
49.234
49.242
49.253
49.262
49.273
49.282
49.293
49.302
49.315
49.325
49.335
49.345
49.356
49.365
49.375
49.385
49.396
49.405
49.415
49.425
49.433
49.443
49.454
49.463
49.474
49.483
49.493
49.506
49.516
49.526
49.536
49.546
49.556
49.566
49.576
49.586
49.596
49.605
49.615
49.625
49.634
49.644
49.656
49.664
49.674
49.684
49.694
49.704
49.717
49.727
49.737
49.747
49.758
49.767
49.777
49.787
49.797
49.808
49.816
49.826
49.836
49.846
49.856
49.866
49.875
49.885
49.896
49.905
49.915
49.925
49.935
49.945
49.956
49.965
49.976
49.988
49.998
50.008
50.018
50.028
50.038
50.048
50.058
50.069
50.078
50.087
50.097
50.107
50.116
50.126
50.136
50.146
50.156
50.166
50.176
50.186
50.196
50.206
50.216
50.226
50.239
50.249
50.259
50.269
50.279
50.289
50.299
50.309
50.318
50.328
50.338
50.347
50.357
50.367
50.377
50.388
50.397
50.407
50.42
50.43
50.44
50.45
50.46
50.47
50.48
50.49
50.5
50.509
50.519
50.53
50.539
50.549
50.559
50.569
50.578
50.588
50.598
50.609
50.619
50.628
50.641
50.651
50.661
50.671
50.681
50.69
50.702
50.712
50.722
50.732
50.741
50.75
50.761
50.77
50.78
50.79
50.799
50.809
50.819
50.829
50.839
50.849
50.859
50.869
50.879
50.893
50.902
50.913
50.922
50.932
50.943
50.954
50.963
50.972
50.981
50.991
51.001
51.011
51.02
51.03
51.04
51.05
51.06
51.07
51.083
51.095
51.103
51.114
51.123
51.133
51.143
51.152
51.164
51.172
51.182
51.192
51.201
51.212
51.221
51.231
51.241
51.251
51.261
51.271
51.281
51.295
51.304
51.314
51.324
51.335
51.344
51.354
51.364
51.375
51.383
51.393
51.404
51.413
51.423
51.433
51.442
51.453
51.462
51.472
51.482
51.493
51.502
51.512
51.522
51.535
51.545
51.556
51.565
51.575
51.585
51.595
51.605
51.614
51.624
51.634
51.644
51.654
51.663
51.674
51.684
51.693
51.703
51.713
51.723
51.736
51.746
51.756
51.766
51.776
51.786
51.796
51.806
51.816
51.825
51.835
51.845
51.856
51.864
51.875
51.885
51.895
51.905
51.914
51.924
51.935
51.944
51.956
51.967
51.977
51.987
51.997
52.007
52.017
52.027
52.036
52.047
52.056
52.067
52.076
52.086
52.095
52.105
52.116
52.125
52.136
52.145
52.156
52.165
52.178
52.188
52.198
52.208
52.219
52.229
52.238
52.248
52.258
52.268
52.278
52.288
52.298
52.308
52.317
52.328
52.338
52.348
52.356
52.366
52.376
52.386
52.397
52.407
52.416
52.426
52.436
52.449
52.459
52.469
52.479
52.489
52.499
52.509
52.519
52.528
52.538
52.547
52.557
52.567
52.577
52.587
52.597
52.607
52.618
52.627
52.64
52.65
52.66
52.67
52.68
52.69
52.7
52.71
52.72
52.73
52.74
52.75
52.76
52.769
52.778
52.788
52.798
52.808
52.819
52.829
52.841
52.851
52.861
52.871
52.881
52.891
52.901
52.91
52.921
52.93
52.941
52.952
52.961
52.97
52.981
52.991
53.001
53.009
53.019
53.029
53.039
53.049
53.062
53.073
53.082
53.093
53.102
53.112
53.122
53.132
53.142
53.154
53.162
53.172
53.182
53.192
53.201
53.211
53.221
53.23
53.24
53.25
53.261
53.27
53.28
53.294
53.304
53.314
53.323
53.334
53.343
53.354
53.363
53.374
53.383
53.395
53.403
53.412
53.422
53.433
53.442
53.452
53.462
53.471
53.481
53.491
53.501
53.513
53.521
53.532
53.541
53.554
53.564
53.574
53.584
53.595
53.604
53.615
53.624
53.634
53.644
53.655
53.664
53.674
53.683
53.693
53.702
53.713
53.722
53.734
53.742
53.752
53.762
53.775
53.785
53.795
53.805
53.815
53.864
53.875
53.885
53.894
53.903
53.914
53.923
53.933
53.944
53.956
53.964
53.975
53.986
53.996
54.006
54.016
54.026
54.036
54.046
54.096
54.105
54.115
54.125
54.135
54.144
54.155
54.164
54.175
54.184
54.195
54.205
54.217
54.227
54.237
54.247
54.257
54.307
54.316
54.327
54.336
54.346
54.355
54.365
54.375
54.385
54.395
54.405
54.416
54.426
54.437
54.445
54.455
54.465
54.478
54.488
54.498
54.549
54.559
54.568
54.577
54.587
54.597
54.608
54.616
54.627
54.636
54.646
54.656
54.666
54.677
54.686
54.696
54.709
54.719
54.768
54.779
54.789
54.799
54.809
54.818
54.828
54.837
54.847
54.858
54.867
54.877
54.887
54.897
54.907
54.92
54.93
54.94
54.95
55
55.01
55.02
55.03
55.039
55.05
55.059
55.069
55.079
55.088
55.098
55.108
55.118
55.128
55.138
55.148
55.158
55.171
55.221
55.231
55.241
55.251
55.26
55.27
55.279
55.29
55.3
55.31
55.319
55.329
55.339
55.349
55.359
55.369
55.38
55.389
55.399
55.442
55.452
55.462
55.473
55.482
55.492
55.502
55.512
55.523
55.53
55.542
55.552
55.562
55.57
55.58
55.59
55.601
55.61
55.62
55.631
55.64
55.654
55.663
55.673
55.683
55.694
55.703
55.715
55.723
55.735
55.743
55.753
55.762
55.772
55.782
55.791
55.801
55.811
55.822
55.831
55.841
55.851
55.861
55.871
55.881
55.895
55.904
55.914
55.924
55.934
55.944
55.954
55.964
55.975
55.984
56.034
56.042
56.054
56.063
56.074
56.083
56.093
56.102
56.115
56.126
56.135
56.145
56.156
56.165
56.175
56.185
56.195
56.205
56.215
56.225
56.235
56.245
56.255
56.263
56.274
56.283
56.294
56.303
56.314
56.323
56.335
56.343
56.356
56.366
56.376
56.386
56.396
56.406
56.416
56.426
56.436
56.446
56.456
56.466
56.476
56.485
56.495
56.506
56.515
56.524
56.535
56.544
56.556
56.564
56.575
56.585
56.596
56.605
56.617
56.627
56.637
56.647
56.657
56.667
56.677
56.687
56.697
56.707
56.721
56.731
56.739
56.747
56.757
56.768
56.776
56.787
56.797
56.807
56.817
56.826
56.836
56.846
56.859
56.869
56.879
56.889
56.899
56.908
56.919
56.929
56.939
56.949
56.959
56.968
56.978
56.988
56.997
57.009
57.018
57.027
57.038
57.047
57.057
57.067
57.077
57.09
57.1
57.11
57.12
57.13
57.141
57.151
57.161
57.169
57.18
57.19
57.2
57.209
57.219
57.228
57.238
57.248
57.259
57.268
57.279
57.289
57.298
57.308
57.319
57.328
57.339
57.351
57.361
57.371
57.381
57.391
57.401
57.41
57.421
57.431
57.441
57.45
57.461
57.47
57.48
57.491
57.5
57.509
57.519
57.529
57.539
57.549
57.559
57.57
57.582
57.592
57.602
57.613
57.622
57.632
57.642
57.653
57.662
57.672
57.682
57.692
57.703
57.713
57.721
57.731
57.741
57.751
57.761
57.77
57.781
57.791
57.8
57.81
57.823
57.833
57.843
57.853
57.863
57.875
57.883
57.894
57.903
57.913
57.923
57.934
57.942
57.952
57.962
57.973
57.983
57.993
58.002
58.011
58.022
58.031
58.041
58.051
58.062
58.072
58.084
58.095
58.104
58.115
58.124
58.135
58.144
58.155
58.164
58.174
58.184
58.194
58.203
58.212
58.223
58.233
58.242
58.253
58.262
58.272
58.282
58.292
58.303
58.314
58.325
58.335
58.345
58.355
58.365
58.375
58.385
58.395
58.405
58.413
58.425
58.434
58.445
58.456
58.464
58.474
58.484
58.493
58.503
58.515
58.526
58.536
58.546
58.556
58.567
58.576
58.586
58.596
58.606
58.616
58.625
58.635
58.645
58.655
58.666
58.676
58.685
58.696
58.704
58.717
58.727
58.737
58.747
58.757
58.767
58.777
58.787
58.797
58.807
58.817
58.827
58.838
58.846
58.856
58.866
58.876
58.886
58.896
58.907
58.915
58.925
58.936
58.946
58.956
58.965
58.978
58.988
58.998
59.008
59.018
59.028
59.038
59.048
59.058
59.068
59.078
59.088
59.098
59.109
59.118
59.127
59.136
59.147
59.156
59.166
59.177
59.187
59.197
59.206
59.217
59.227
59.239
59.249
59.26
59.269
59.279
59.29
59.299
59.309
59.32
59.329
59.339
59.348
59.358
59.369
59.378
59.388
59.398
59.407
59.42
59.43
59.44
59.45
59.46
59.47
59.48
59.491
59.5
59.51
59.52
59.53
59.54
59.55
59.56
59.569
59.58
59.59
59.599
59.609
59.619
59.629
59.639
59.648
59.659
59.668
59.678
59.691
59.701
59.712
59.721
59.73
59.741
59.751
59.761
59.77
59.781
59.791
59.801
59.809
59.819
59.83
59.839
59.849
59.86
59.87
59.88
59.889
59.902
59.916
59.922
59.933
59.942
59.952
59.962
59.972
59.982
59.992
60.002
60.011
60.021
60.03
60.04
60.051
60.062
60.071
60.081
60.091
60.101
60.113
60.123
60.134
60.143
60.154
60.163
60.174
60.183
60.195
60.203
60.214
60.223
60.233
60.242
60.254
60.263
60.274
60.283
60.293
60.301
60.311
60.321
60.332
60.341
60.351
60.361
60.371
60.382
60.395
60.404
60.415
60.424
60.436
60.444
60.455
60.464
60.475
60.485
60.494
60.504
60.513
60.523
60.535
60.543
60.554
60.563
60.573
60.582
60.592
60.602
60.612
60.622
60.632
60.645
60.655
60.665
60.675
60.685
60.695
60.705
60.716
60.726
60.735
60.746
60.755
60.765
60.775
60.785
60.795
60.803
60.814
60.824
60.835
60.844
60.854
60.863
60.873
60.883
60.894
60.906
60.916
60.926
60.937
60.947
60.957
60.966
60.976
60.987
60.996
61.006
61.017
61.026
61.036
61.046
61.056
61.065
61.076
61.085
61.095
61.105
61.115
61.124
61.134
61.145
61.154
61.164
61.177
61.187
61.197
61.208
61.218
61.228
61.237
61.246
61.257
61.268
61.277
61.287
61.296
61.306
61.315
61.326
61.337
61.346
61.356
61.365
61.375
61.385
61.395
61.406
61.416
61.428
61.438
61.448
61.458
61.468
61.478
61.488
61.498
61.508
61.518
61.527
61.538
61.548
61.558
61.569
61.578
61.588
61.597
61.607
61.616
61.626
61.636
61.646
61.658
61.669
61.679
61.689
61.699
61.709
61.719
61.729
61.739
61.749
61.759
61.768
61.778
61.788
61.798
61.807
61.817
61.827
61.838
61.848
61.858
61.868
61.88
61.89
61.9
61.91
61.92
61.93
61.94
61.95
61.961
61.969
61.981
61.991
62
62.009
62.019
62.028
62.038
62.049
62.059
62.069
62.079
62.091
62.101
62.111
62.122
62.131
62.141
62.151
62.16
62.171
62.182
62.191
62.201
62.211
62.22
62.229
62.241
62.251
62.26
62.272
62.279
62.289
62.3
62.31
62.32
62.33
62.342
62.353
62.362
62.374
62.382
62.392
62.402
62.411
62.421
62.431
62.441
62.451
62.462
62.472
62.481
62.493
62.501
62.511
62.521
62.534
62.543
62.553
62.563
62.573
62.583
62.595
62.603
62.614
62.623
62.634
62.643
62.655
62.663
62.674
62.684
62.694
62.702
62.711
62.721
62.732
62.742
62.752
62.761
62.771
62.782
62.795
62.804
62.815
62.824
62.835
62.844
62.855
62.863
62.876
62.885
62.894
62.903
62.913
62.923
62.933
62.943
62.952
62.963
62.973
62.983
62.994
63.003
63.012
63.022
63.035
63.045
63.056
63.065
63.074
63.085
63.095
63.104
63.114
63.124
63.134
63.144
63.154
63.163
63.173
63.184
63.194
63.204
63.215
63.225
63.236
63.247
63.256
63.266
63.276
63.286
63.296
63.306
63.315
63.325
63.334
63.345
63.354
63.364
63.375
63.385
63.395
63.404
63.417
63.427
63.437
63.447
63.457
63.467
63.477
63.487
63.498
63.508
63.518
63.526
63.536
63.546
63.557
63.566
63.576
63.585
63.595
63.605
63.616
63.626
63.638
63.647
63.658
63.668
63.678
63.688
63.698
63.708
63.718
63.728
63.739
63.748
63.759
63.768
63.778
63.788
63.798
63.807
63.816
63.826
63.837
63.846
63.856
63.866
63.877
63.887
63.899
63.908
63.919
63.929
63.939
63.95
63.959
63.969
63.978
63.988
63.998
64.009
64.019
64.029
64.038
64.047
64.058
64.067
64.077
64.087
64.097
64.107
64.12
64.13
64.14
64.15
64.16
64.17
64.181
64.191
64.199
64.21
64.22
64.229
64.24
64.249
64.259
64.269
64.279
64.288
64.299
64.311
64.321
64.331
64.341
64.351
64.361
64.371
64.381
64.391
64.401
64.41
64.421
64.432
64.441
64.449
64.46
64.469
64.479
64.489
64.5
64.51
64.522
64.533
64.542
64.553
64.562
64.572
64.582
64.593
64.602
64.613
64.622
64.632
64.641
64.651
64.66
64.67
64.68
64.69
64.7
64.71
64.721
64.73
64.741
64.751
64.763
64.774
64.783
64.794
64.803
64.814
64.823
64.833
64.843
64.854
64.864
64.874
64.882
64.893
64.902
64.912
64.921
64.931
64.941
64.951
64.961
64.974
64.984
64.996
65.004
65.014
65.024
65.034
65.044
65.054
65.064
65.074
65.083
65.094
65.103
65.113
65.123
65.132
65.143
65.153
65.163
65.174
65.183
65.195
65.204
65.215
65.225
65.235
65.245
65.254
65.265
65.275
65.285
65.294
65.304
65.314
65.324
65.335
65.344
65.354
65.364
65.375
65.384
65.396
65.406
65.416
65.426
65.437
65.447
65.457
65.466
65.476
65.486
65.494
65.505
65.515
65.524
65.535
65.544
65.555
65.565
65.574
65.587
65.597
65.607
65.618
65.627
65.637
65.647
65.657
65.667
65.677
65.688
65.697
65.707
65.715
65.725
65.735
65.745
65.756
65.766
65.776
65.786
65.796
65.806
65.818
65.828
65.838
65.848
65.859
65.869
65.879
65.888
65.897
65.909
65.918
65.927
65.937
65.947
65.957
65.966
65.977
65.987
65.997
66.007
66.016
66.027
66.039
66.049
66.059
66.069
66.079
66.089
66.1
66.109
66.12
66.13
66.14
66.149
66.16
66.169
66.179
66.189
66.199
66.208
66.217
66.227
66.237
66.248
66.257
66.267
66.278
66.287
66.297
66.31
66.32
66.33
66.34
66.35
66.36
66.37
66.38
66.391
66.4
66.41
66.421
66.431
66.441
66.45
66.46
66.469
66.48
66.489
66.499
66.509
66.518
66.529
66.538
66.548
66.561
66.571
66.581
66.591
66.601
