10.155
10.155
9.992
9.992
10.021
10.021
10.117
10.117
10.385
10.385
10.002
10.002
10.346
10.346
10.107
10.107
9.992
9.992
10.107
10.107
10.27
10.27
10.078
10.078
10.117
10.117
10.356
10.356
10.279
10.279
10.279
10.279
10.356
10.356
10.27
10.27
10.299
10.299
10.337
10.337
10.318
10.318
10.346
10.346
10.04
10.04
10.011
10.011
10.318
10.318
10.337
10.337
10.088
10.088
10.04
10.04
10.184
10.184
10.318
10.318
10.327
10.327
9.992
9.992
10.164
10.164
10.318
10.318
10.059
10.059
10.193
10.193
10.184
10.184
9.9729
9.9729
10.117
10.117
10.164
10.164
9.9633
9.9633
10.27
10.27
10.011
10.011
10.212
10.212
10.279
10.279
10.26
10.26
10.078
10.078
10.011
10.011
9.9441
9.9441
10.327
10.327
10.327
10.327
10.289
10.289
10.279
10.279
10.232
10.232
10.385
10.385
10.136
10.136
9.992
9.992
9.992
9.992
10.117
10.117
10.289
10.289
10.346
10.346
10.03
10.03
10.337
10.337
10.222
10.222
10.088
10.088
10.164
10.164
10.011
10.011
10.318
10.318
10.03
10.03
10.002
10.002
10.327
10.327
10.308
10.308
9.992
9.992
10.088
10.088
10.327
10.327
10.299
10.299
10.136
10.136
10.05
10.05
10.03
10.03
10.27
10.27
10.27
10.27
10.03
10.03
10.279
10.279
10.069
10.069
10.241
10.241
10.299
10.299
10.002
10.002
10.279
10.279
10.05
10.05
10.078
10.078
10.203
10.203
10.27
10.27
10.327
10.327
9.992
9.992
10.232
10.232
10.346
10.346
10.145
10.145
10.05
10.05
10.222
10.222
10.318
10.318
10.27
10.27
10.059
10.059
10.279
10.279
10.308
10.308
10.05
10.05
10.27
10.27
10.136
10.136
10.059
10.059
10.318
10.318
10.299
10.299
10.136
10.136
9.9729
9.9729
10.097
10.097
10.318
10.318
10.117
10.117
10.318
10.318
10.059
10.059
10.174
10.174
10.279
10.279
10.03
10.03
9.9729
9.9729
10.279
10.279
10.03
10.03
10.126
10.126
10.184
10.184
10.279
10.279
10.241
10.241
10.05
10.05
10.212
10.212
10.021
10.021
10.126
10.126
10.327
10.327
10.203
10.203
10.346
10.346
10.117
10.117
10.356
10.356
10.011
10.011
10.203
10.203
10.203
10.203
10.375
10.375
10.05
10.05
10.145
10.145
10.299
10.299
10.174
10.174
10.318
10.318
10.241
10.241
10.078
10.078
10.279
10.279
10.346
10.346
10.279
10.279
10.04
10.04
10.337
10.337
10.03
10.03
10.26
10.26
10.011
10.011
10.27
10.27
10.356
10.356
10.088
10.088
9.9729
9.9729
10.184
10.184
10.299
10.299
10.011
10.011
10.318
10.318
10.222
10.222
10.27
10.27
10.318
10.318
10.337
10.337
10.03
10.03
10.318
10.318
10.011
10.011
10.164
10.164
10.117
10.117
10.279
10.337
10.002
10.002
10.27
10.27
10.04
10.04
10.021
10.021
10.318
10.318
10.05
10.05
10.011
10.011
9.9729
9.9729
10.078
10.078
10.279
10.279
9.9729
9.9729
10.021
10.021
10.155
10.155
10.011
10.011
10.03
10.03
10.069
10.069
10.279
10.279
10.117
10.117
10.299
10.299
10.05
10.126
10.299
10.299
10.145
10.145
10.03
10.03
10.27
10.27
10.318
10.318
10.184
10.184
10.337
10.337
10.126
10.126
10.03
10.03
9.9729
10.002
10.002
9.9537
9.9537
9.9537
9.9537
9.9824
9.9824
9.9633
9.9633
10.136
10.136
10.289
10.289
10.088
10.088
10.26
10.26
10.279
10.04
10.04
10.232
10.232
10.27
10.27
10.356
10.356
10.308
10.308
10.145
10.145
10.241
10.241
9.81
9.81
10.279
10.279
10.069
10.069
10.663
10.193
10.193
9.9441
9.9441
10.155
10.155
10.471
10.471
10.03
10.03
9.9729
9.9729
9.3502
9.3502
8.3155
8.3155
9.9729
9.9729
9.8962
9.8962
11.257
11.257
10.04
10.04
9.216
9.216
9.9633
9.9633
10.05
10.05
10.778
10.778
11.87
11.87
11.592
11.592
11.324
11.324
14.83
14.83
7.779
7.779
6.6486
6.6486
7.5491
7.5491
11.046
11.046
11.075
11.075
10.471
10.471
9.3597
9.3597
9.3597
9.3597
6.6677
6.6677
8.1431
11.697
11.544
11.544
8.6125
8.6125
8.4113
8.4113
12.77
12.77
11.582
11.582
9.992
9.992
14.073
14.073
12.77
12.77
8.6029
8.6029
6.6007
12.377
10.232
10.232
10.164
10.164
10.193
10.193
8.5263
8.5263
9.3885
9.3885
8.5838
8.5838
7.5587
7.5587
7.1372
7.1372
12.195
12.195
14.255
14.255
13.268
13.268
5.3936
13.575
11.63
11.63
9.5034
9.5034
12.799
12.799
13.297
13.297
5.9875
5.9875
6.8593
6.8593
10.95
10.95
11.18
11.18
10.921
10.241
10.96
10.96
7.597
7.597
6.0642
6.0642
5.1732
5.1732
8.9574
8.9574
16.602
16.602
16.334
16.334
9.034
9.034
6.8689
6.8689
12.789
12.789
10.452
10.452
11.266
11.266
13.393
13.393
7.6641
7.6641
10.701
10.701
11.046
11.046
11.132
11.132
9.7429
9.7429
8.7658
8.7658
8.8903
8.8903
9.8675
9.8675
8.0952
8.0952
8.1143
8.1143
14.332
14.332
13.345
13.345
9.5513
9.5513
7.7886
7.7886
10.854
10.854
12.943
12.943
10.423
10.423
8.1431
8.1431
11.515
11.515
14.792
14.792
8.7754
12.282
9.331
9.331
10.299
10.299
9.992
9.992
9.81
9.81
9.5513
9.5513
6.4666
6.4666
4.9816
4.9816
11.64
11.64
13.058
13.058
11.994
11.994
9.4268
9.4268
7.1563
7.1563
10.624
10.624
11.534
11.534
9.9729
9.9729
9.9345
9.9345
11.87
11.87
10.576
10.576
8.1047
8.1047
8.9382
8.9382
8.7754
10.059
10.059
10.059
10.279
10.279
10.279
10.279
7.8844
7.8844
8.44
8.44
10.145
10.145
13.316
13.316
11.889
11.889
8.8999
12.512
10.279
10.279
9.8387
9.8387
9.81
9.81
14.485
14.485
10.691
10.691
5.978
5.978
9.3789
9.3789
9.9441
9.9441
10.03
10.03
10.279
10.279
8.9957
8.9957
6.5432
6.5432
6.5528
6.5528
10.576
10.576
16.075
16.075
14.571
14.571
10.854
10.854
12.579
12.579
9.1202
9.1202
8.8328
8.8328
14.456
14.456
11.448
11.448
7.6257
7.6257
8.5167
8.5167
8.9957
8.9957
11.391
11.391
9.5609
9.5609
10.423
10.423
7.9706
7.9706
7.8652
7.8652
8.44
8.44
12.416
12.416
11.803
11.803
10.279
10.279
9.81
9.81
9.81
9.81
12.349
12.349
15.798
15.798
10.184
10.184
6.4761
6.4761
10.145
10.145
9.9345
9.9345
10.145
10.145
10.557
10.557
8.852
8.852
7.2809
7.2809
6.2845
6.2845
13.335
13.335
10.931
10.931
13.517
13.517
8.3826
8.3826
7.9706
12.799
8.258
8.258
10.021
10.021
14.121
14.121
11.697
11.697
8.9957
8.9957
9.0723
9.0723
9.7046
9.7046
10.835
10.835
10.308
10.768
10.117
10.117
7.3862
7.3862
9.5897
9.5897
10.883
10.883
9.2735
9.2735
13.652
13.652
6.8498
6.8498
10.893
10.893
12.339
12.339
10.05
10.548
11.506
11.506
14.207
14.207
8.2197
8.2197
7.4437
7.4437
9.8675
9.8675
10.672
10.672
10.643
10.643
10.586
10.586
9.992
9.992
10.423
6.1792
6.1792
6.1792
12.013
12.013
10.337
10.337
7.6353
7.6353
9.628
9.628
11.697
11.697
11.448
11.448
8.0856
8.0856
11.688
11.688
12.579
12.579
9.6567
9.6567
7.8173
7.8173
9.6088
9.6088
10.27
10.27
11.046
11.046
10.011
10.011
9.8771
9.8771
10.117
10.117
9.216
9.216
8.5933
8.5933
8.7083
8.7083
10.461
10.461
10.701
10.701
11.697
11.697
6.3612
6.3612
12.54
12.54
9.7429
9.7429
10.203
10.203
8.6508
8.6508
11.113
11.113
11.985
11.985
13.163
13.163
6.1025
6.1025
6.936
6.936
11.563
11.563
10.366
10.366
9.9729
9.9729
9.81
9.81
9.8196
9.8196
10.394
10.394
7.9994
7.9994
5.0295
5.0295
8.3155
8.3155
16.142
16.142
12.981
12.981
9.3502
9.3502
8.2868
8.2868
8.4688
8.4688
12.646
12.646
10.155
10.155
9.5418
9.5418
10.893
10.893
12.061
12.061
8.9861
8.9861
9.1394
9.1394
9.7046
9.7046
9.1107
9.1107
11.008
11.008
8.8233
8.8233
8.2389
8.2389
9.0053
9.0053
11.276
11.276
10.461
10.461
12.425
12.425
10.605
10.605
9.81
9.81
9.1298
9.1298
10.634
10.634
14.255
14.255
12.579
12.579
7.1563
7.1563
8.5454
8.5454
9.9345
10.145
9.7429
9.7429
10.49
10.49
10.117
10.117
6.7635
6.7635
5.2978
5.2978
12.215
12.215
13.958
13.958
14.715
14.715
9.2256
9.2256
12.569
12.569
10.011
10.011
9.6184
9.6184
11.563
11.563
11.372
11.372
7.9323
7.9323
9.81
9.81
8.67
11.046
10.184
10.184
10.145
10.145
10.912
10.912
8.6891
8.6891
9.3597
9.3597
12.272
12.272
11.659
11.659
10.797
11.851
10.069
10.069
8.7562
8.7562
11.075
11.075
13.45
13.45
16.497
16.497
9.034
9.034
6.0163
6.0163
8.9191
12.195
8.0856
8.0856
9.1777
9.1777
10.576
10.576
9.3502
9.3502
5.9492
5.9492
6.5528
6.5528
13.412
13.412
12.08
8.5933
8.5933
6.7923
6.7923
11.4
11.4
12.263
12.263
9.0532
9.0532
10.787
10.787
12.617
12.617
12.109
12.109
8.5933
8.5933
9.0723
11.314
10.576
10.576
9.2448
9.2448
9.7142
9.7142
9.925
9.925
7.6736
7.6736
8.1143
8.1143
11.209
11.209
11.429
8.8233
8.8233
10.749
10.749
11.927
11.927
9.1298
9.1298
8.852
8.852
10.998
10.998
11.084
11.084
14.102
14.102
10.126
10.126
10.49
11.161
11.161
9.3597
9.3597
10.701
10.701
10.701
10.701
8.9765
8.9765
6.4378
6.4378
7.1372
7.1372
13.862
13.862
10.653
7.9706
8.4113
8.4113
12.646
12.646
10.576
10.576
10.299
10.299
10.04
10.04
14.495
14.495
10.701
10.701
8.6508
8.6508
9.2256
11.487
11.487
9.81
9.81
8.5933
8.5933
11.276
11.276
9.4364
9.4364
7.2521
7.2521
8.4113
8.4113
11.678
11.678
10.04
10.04
11.113
11.113
9.7142
9.7142
10.5
10.5
9.3023
9.3023
12.454
12.454
12.033
12.033
14.495
14.495
8.1047
8.1047
10.184
10.184
10.117
10.117
10.164
10.164
10.423
10.423
9.3406
9.3406
8.9478
8.9478
6.2941
6.2941
15.328
15.328
11.199
11.199
10.73
10.73
9.9345
10.701
10.701
11.448
11.448
8.7179
8.7179
11.506
11.506
12.885
12.885
9.81
9.81
8.4784
8.4784
8.7466
8.7466
9.9729
9.9729
10.893
10.893
9.0149
9.0149
9.0149
9.0149
10.739
10.739
9.628
9.628
7.0126
7.0126
9.446
10.318
10.318
11.429
11.429
9.0532
9.0532
12.492
12.492
11.716
11.716
9.513
9.513
9.9824
9.9824
10.5
10.5
12.263
12.263
13.91
13.91
7.4629
7.4629
7.0318
7.0318
11.314
11.314
10.672
10.672
9.2352
9.2352
10.634
10.634
10.509
10.509
10.308
10.308
7.8557
7.8557
6.1121
6.1121
9.8483
9.8483
13.776
13.776
14.408
14.408
8.0952
8.0952
8.4688
8.4688
9.7429
9.7429
12.013
12.013
9.0244
9.0244
10.988
10.988
10.988
10.988
9.7525
9.7525
9.7525
9.7525
8.3059
8.3059
9.0819
9.0819
11.362
11.362
11.362
11.362
9.7813
9.7813
11.448
11.448
9.8771
9.8771
7.1372
7.1372
9.7621
9.7621
11.898
11.898
9.0819
9.0819
10.586
10.586
8.2772
8.2772
11.142
11.142
9.925
9.925
10.854
10.854
8.4113
8.4113
10.778
10.778
14.217
14.217
13.268
13.268
6.16
6.16
8.9191
8.9191
10.576
10.576
11.257
11.257
9.4843
9.4843
9.628
9.628
10.557
10.557
8.8903
8.8903
7.4437
7.4437
7.9898
7.9898
10.787
10.787
10.461
10.461
13.019
13.019
10.011
10.011
8.6987
8.6987
10.643
10.643
12.636
12.636
10.088
10.088
9.8292
9.8292
13.307
13.307
10.701
10.701
6.524
6.524
9.2352
9.2352
12.425
12.425
9.992
9.992
8.4975
8.4975
10.634
10.634
9.81
9.81
10.232
10.232
6.2271
6.2271
6.2271
6.2271
13.652
13.652
11.841
11.841
11.841
11.841
8.9765
8.9765
9.7046
9.7046
12.349
12.349
10.835
10.835
9.992
9.992
10.768
10.768
12.627
12.627
10.155
10.155
6.6773
6.6773
9.6663
9.6663
10.088
10.088
11.956
11.956
9.513
9.513
9.2831
9.2831
10.576
10.576
9.6567
9.6567
6.5911
6.5911
5.978
5.978
14.179
14.179
10.893
10.893
12.368
12.368
9.7429
9.7429
9.3789
9.3789
10.768
10.768
11.046
11.046
9.5609
9.5609
14.82
14.82
13.288
13.288
9.925
9.925
6.2462
6.2462
10.672
10.672
11.496
11.496
9.7908
9.7908
9.0053
9.0053
11.046
11.046
10.414
10.414
10.164
10.164
7.0222
7.0222
5.4127
5.4127
10.643
10.643
13.268
13.268
11.209
11.209
10.95
10.95
7.6832
7.6832
10.586
10.586
11.477
11.477
11.391
11.391
8.9957
8.9957
13.163
13.163
10.615
10.615
8.258
8.258
10.069
10.069
10.069
10.069
10.663
10.663
10.356
10.356
9.3502
9.3502
9.0244
9.0244
9.81
9.81
7.2042
7.2042
9.8771
9.8771
13.249
13.249
10.145
10.145
11.19
11.19
8.3059
8.3059
11.075
11.075
11.314
11.314
9.7717
9.7717
8.6987
8.6987
11.736
11.736
13.182
13.182
10.768
10.768
6.5528
6.5528
9.1107
9.1107
11.094
11.094
9.7046
9.7046
10.509
10.509
9.6567
9.6567
10.002
10.002
10.931
10.931
6.6773
6.6773
8.8233
8.8233
11.812
11.812
9.8579
9.8579
11.506
11.506
8.1143
8.1143
9.8196
9.8196
10.576
10.576
11.716
11.716
10.433
10.433
8.44
8.44
10.797
10.797
12.454
12.454
9.6663
9.6663
10.03
10.03
9.4843
9.4843
10.797
10.797
10.749
10.749
9.3597
9.3597
10.002
10.002
9.8962
9.8962
7.4054
7.4054
7.4054
7.4054
10.232
10.232
11.669
11.669
11.228
11.228
8.5933
8.5933
13.805
13.805
9.8196
9.8196
9.2256
9.2256
9.6184
9.6184
12.224
12.224
12.176
12.176
10.27
10.27
7.5491
7.5491
10.739
10.739
10.078
10.078
9.9345
9.9345
10.969
10.969
10.279
10.279
10.107
10.107
9.695
9.695
7.1372
7.1372
10.691
10.691
10.375
10.375
11.017
11.017
11.889
11.889
6.5528
6.5528
10.222
10.222
11.084
11.084
12.579
12.579
9.9729
9.9729
9.2639
9.2639
12.349
12.349
10.663
10.663
9.2735
9.2735
9.331
9.331
8.9286
8.9286
10.854
10.854
10.471
10.471
9.4555
9.4555
9.81
9.81
9.81
9.81
9.3214
9.3214
6.7731
6.7731
8.9286
8.9286
12.751
12.751
11.304
11.304
9.4651
9.4651
10.308
10.308
11.496
11.496
9.8579
9.8579
10.308
10.308
9.7621
9.7621
10.711
10.711
10.27
10.27
10.27
10.27
11.046
11.046
9.1298
9.1298
9.628
9.628
9.628
9.628
9.2544
9.2544
9.7429
9.7429
9.7717
9.7717
8.1526
8.1526
11.391
11.391
8.7754
8.7754
11.966
11.966
8.5933
8.5933
8.8999
8.8999
11.803
11.803
10.768
10.768
10.232
10.232
8.8233
8.8233
10.778
10.778
11.304
11.304
9.81
9.81
11.055
11.055
9.2831
9.2831
9.6663
9.6663
9.8675
9.8675
10.931
10.931
10.126
10.126
9.4939
9.4939
9.3023
9.3023
7.9994
7.9994
7.5204
7.5204
9.0723
9.0723
11.611
11.611
13.288
13.288
10.184
10.184
10.73
10.73
9.81
9.81
11.927
11.927
10.471
10.471
11.956
11.956
11.716
11.716
15.261
15.261
6.936
6.936
7.0893
7.0893
12.004
12.004
9.1298
9.1298
10.921
10.921
10.078
10.078
9.6567
9.6567
10.05
10.05
9.5705
9.5705
8.1718
8.1718
12.013
12.013
9.3597
9.3597
12.569
12.569
8.44
8.44
8.44
8.44
11.851
11.851
10.327
10.327
9.2831
9.2831
9.9441
9.9441
12.77
12.77
10.509
10.509
9.2448
9.2448
10.164
10.164
10.155
10.155
9.5513
9.5513
10.356
10.356
9.6184
9.6184
9.4555
9.4555
9.8962
9.8962
8.1622
8.1622
9.0723
9.0723
9.2256
9.2256
12.31
12.31
12.828
12.828
8.7083
8.7083
9.4364
9.4364
10.433
10.433
10.758
10.758
10.854
10.854
10.586
10.586
11.726
11.726
11.918
11.918
8.4592
8.4592
8.6317
8.6317
10.883
10.883
8.6221
8.6221
11.247
11.247
9.8866
9.8866
9.6759
9.6759
10.73
10.73
7.9323
7.9323
8.3059
8.3059
11.956
11.956
11.391
11.391
8.9957
8.9957
8.0185
8.0185
8.9382
8.9382
11.774
11.774
11.122
11.122
10.117
10.117
9.513
9.513
11.467
11.467
12.263
12.263
10.203
10.203
10.212
10.212
10.212
10.212
11.4
11.4
9.8387
9.8387
10.375
10.375
9.2065
9.2065
9.5322
9.5322
8.9095
8.9095
10.05
10.05
10.778
10.778
10.557
10.557
11.966
11.966
8.6796
8.6796
11.831
11.831
9.2735
9.2735
10.912
10.912
9.6855
9.6855
11.649
11.649
12.263
12.263
12.837
12.837
5.9301
5.9301
8.0281
8.0281
10.394
10.394
9.81
9.81
11.467
11.467
9.8771
9.8771
10.366
10.366
9.8962
9.8962
7.7311
7.7311
10.232
10.232
9.81
9.81
11.41
11.41
10.605
10.605
7.7886
7.7886
10.538
10.538
10.73
10.73
11.755
11.755
10.078
10.078
10.337
10.337
11.496
11.496
12.148
12.148
8.6125
8.6125
9.9345
9.9345
10.193
10.193
10.155
10.155
10.126
10.126
9.9345
9.9345
9.8483
9.8483
9.6184
9.6184
9.513
9.513
8.3634
8.3634
10.452
10.452
11.084
11.084
10.519
10.519
9.3885
9.3885
8.9286
8.9286
10.969
10.969
9.2735
9.2735
11.448
11.448
11.448
11.448
13.92
13.92
9.4172
9.4172
6.5911
6.5911
9.331
9.331
9.8866
9.8866
9.1298
9.1298
11.966
11.966
10.126
10.126
9.81
9.81
10.03
10.03
9.9537
9.9537
9.7717
9.7717
10.184
10.184
9.6759
9.6759
10.203
10.203
11.036
11.036
10.615
10.615
10.145
10.145
10.078
10.078
9.9345
9.9345
10.011
10.011
10.308
10.308
9.8196
9.8196
10.279
10.279
10.423
10.423
10.27
10.27
10.423
10.423
10.117
10.117
10.529
10.529
10.002
10.002
10.011
10.011
10.155
10.155
10.212
10.212
10.145
10.145
10.088
10.088
10.356
10.356
10.375
10.375
10.337
10.337
10.232
10.232
10.021
10.021
9.9633
9.9633
10.117
10.117
10.059
10.059
10.059
10.059
10.03
10.03
9.992
9.992
9.9729
9.9729
10.337
10.337
10.289
10.289
10.04
10.04
10.04
10.04
10.03
10.03
10.193
10.193
10.04
10.04
10.002
10.002
9.9633
9.9633
10.385
10.385
10.222
10.222
10.04
10.04
10.279
10.279
10.126
10.126
10.375
10.375
10.203
10.203
10.299
10.299
10.069
10.069
10.155
10.155
10.356
10.356
10.212
10.212
10.203
10.203
10.04
10.04
10.05
10.05
10.03
10.03
10.26
10.26
10.241
10.241
10.27
10.27
10.05
10.05
10.011
10.011
10.059
10.059
10.05
10.05
10.097
10.097
10.155
10.155
10.279
10.279
10.337
10.337
10.232
10.232
10.299
10.299
10.05
10.05
10.164
10.164
10.241
10.241
10.021
10.021
10.366
10.366
10.174
10.174
10.117
10.117
10.011
10.011
10.136
10.136
10.212
10.212
10.069
10.069
10.155
10.155
10.279
10.279
9.9729
9.9729
9.9537
9.9537
10.203
10.203
10.26
10.26
10.308
10.308
10.241
10.241
10.279
10.279
10.097
10.097
9.992
9.992
10.117
10.117
10.26
10.26
10.145
10.145
10.117
10.117
10.279
10.279
10.184
10.184
10.289
10.289
10.088
10.088
10.299
10.299
10.069
10.069
10.279
10.279
10.021
10.021
10.308
10.308
10.05
10.05
10.088
10.088
10.078
10.078
10.356
10.356
10.279
10.279
10.05
10.05
10.184
10.299
10.088
10.088
10.011
10.011
10.155
10.155
10.318
10.318
10.308
10.308
10.251
10.251
10.05
10.05
10.059
10.059
10.279
10.27
10.069
10.069
10.251
10.251
10.05
10.05
10.299
10.299
10.145
10.145
10.155
10.155
10.155
10.232
10.232
10.059
10.059
10.088
10.088
10.308
10.308
10.021
10.021
10.021
10.021
10.279
10.279
10.164
10.164
10.145
10.145
10.088
10.097
10.097
10.184
10.184
10.327
10.327
10.088
10.088
10.107
10.107
10.059
10.059
10.088
10.088
10.318
10.318
10.241
10.241
10.279
10.279
10.27
10.27
10.279
10.279
10.145
10.145
10.04
10.04
10.069
10.069
10.069
10.069
10.117
10.117
10.078
10.078
10.174
10.174
10.155
10.155
10.117
10.117
10.126
10.126
10.212
10.212
10.011
10.011
9.9537
9.9537
10.174
10.193
10.203
10.203
10.126
10.126
10.969
10.969
9.8675
9.8675
9.81
9.81
10.279
10.279
9.5034
9.5034
9.3406
9.3406
10.691
10.691
10.26
10.26
8.076
8.076
8.076
8.076
10.73
10.73
11.496
11.496
11.151
11.151
13.613
13.613
9.0723
9.0723
7.4246
7.4246
8.5838
8.5838
10.27
9.6855
10.538
10.538
9.7525
9.7525
9.9441
9.9441
7.9706
7.9706
8.2293
8.2293
11.573
11.573
11.237
11.237
12.1
12.1
11.228
11.228
10.05
10.05
10.232
10.232
10.758
10.758
12.828
12.828
12.128
12.128
8.3347
8.3347
6.5624
6.5624
11.285
11.285
11.458
10.117
10.452
10.452
9.9729
9.9729
7.7311
7.7311
5.5852
5.5852
6.5049
6.5049
13.029
13.029
11.487
11.487
13.69
13.69
7.7024
10.739
12.138
12.138
10.03
10.03
10.778
10.778
8.737
8.737
5.6331
5.6331
11.467
11.467
10.337
10.337
9.5322
9.5322
9.1969
9.1969
8.8424
8.8424
8.9191
8.9191
8.6317
8.6317
10.423
10.423
12.799
12.799
13.077
13.077
7.2042
7.2042
9.2065
9.2065
11.41
11.41
10.969
12.023
10.26
10.26
12.742
12.742
9.7525
9.7525
8.4879
8.4879
10.05
10.05
9.5513
9.5513
10.442
10.442
9.3502
9.3502
9.8675
9.8675
10.634
10.634
5.7864
5.7864
6.6103
6.6103
10.921
10.921
9.8483
9.8483
12.425
12.425
8.7562
8.7562
8.2197
8.2197
10.232
10.232
12.023
12.023
10.385
10.385
9.2065
9.2065
9.3597
9.3597
9.7334
9.7334
8.8137
8.8137
10.212
10.212
9.7046
9.7046
9.7046
9.7046
9.8196
9.8196
9.6855
9.6855
7.779
7.779
10.586
10.586
12.033
12.033
7.6353
7.6353
12.655
12.655
11.381
11.381
9.6088
9.6088
10.136
10.136
9.3693
9.3693
15.232
5.3169
9.3118
9.3118
9.628
9.628
9.9633
9.9633
10.854
10.854
10.586
10.586
9.5609
9.5609
9.5226
9.5226
7.0126
7.0126
5.5181
5.5181
9.0149
9.0149
14.408
14.408
14.169
7.2425
7.2425
9.8579
9.8579
11.678
11.678
9.5418
9.5418
10.778
10.778
10.988
10.988
11.582
11.582
9.7046
9.7046
8.0089
8.0089
10.893
10.893
10.471
10.471
9.8387
9.8387
10.893
10.893
9.3502
9.3502
10.95
10.95
6.9072
6.9072
9.8387
9.8387
10.758
10.758
12.157
12.157
11.429
11.429
9.3502
9.3502
10.931
10.931
9.925
9.925
9.2448
9.2448
9.2448
9.2448
13.901
13.901
14.6
14.6
10.26
10.26
6.4378
6.4378
11.429
11.429
9.992
9.992
9.8483
9.8483
10.059
10.059
10.471
10.471
9.7717
9.7717
9.2639
9.2639
6.9456
6.9456
7.8748
7.8748
13.383
13.383
10.72
10.72
12.876
12.876
8.8424
8.8424
9.1011
9.1011
9.8675
9.8675
11.496
11.496
8.7754
8.7754
10.998
10.998
12.464
12.464
11.496
11.496
9.0149
9.0149
8.9286
8.9286
9.8387
9.8387
10.988
10.988
10.327
10.327
9.9345
9.9345
9.7334
9.7334
10.701
10.701
6.1025
6.1025
9.2448
9.2448
10.701
10.701
13.374
13.374
13.23
13.23
7.1659
7.1659
9.9824
9.9824
13.307
13.307
9.8387
9.8387
8.2101
8.2101
8.8999
8.8999
13.297
13.297
14.035
14.035
9.0628
9.0628
7.3671
7.3671
11.199
11.199
10.299
10.299
9.2448
9.2448
9.2448
9.2448
9.3502
9.3502
8.9286
8.9286
6.342
6.342
6.342
6.342
14.715
14.715
10.778
10.778
13.23
13.23
8.852
8.852
8.5454
8.5454
10.931
10.931
11.372
11.372
10.423
10.423
10.279
10.279
12.148
12.148
11.075
11.075
9.3597
9.3597
9.2065
9.2065
9.7238
9.7238
10.835
10.835
10.078
10.078
10.107
10.107
9.925
9.925
9.5897
9.5897
7.233
7.233
10.356
10.356
9.6663
9.6663
11.793
11.793
13.69
13.69
6.9456
6.9456
11.448
11.448
11.956
11.956
10.212
10.212
8.67
8.67
12.272
12.272
11.851
11.851
12.655
12.655
8.7466
8.7466
6.8881
6.8881
9.6471
9.6471
10.337
10.337
10.145
10.145
9.5609
9.5609
10.739
10.739
10.174
10.174
6.6965
6.6965
5.6618
5.6618
8.9957
8.9957
13.288
13.288
11.266
11.266
11.908
11.908
8.1239
8.1239
9.149
9.149
11.745
11.745
10.078
10.078
10.078
10.078
9.9633
9.9633
10.442
10.442
10.442
10.442
8.7849
8.7849
10.356
10.356
11.237
11.237
9.5513
9.5513
9.4747
9.4747
9.2831
9.2831
8.9478
8.9478
10.854
10.854
10.576
10.576
11.726
11.726
7.6257
7.6257
11.966
11.966
11.228
11.228
9.6088
11.075
13.642
13.642
13.067
13.067
5.7672
5.7672
9.1586
9.1586
9.7429
9.7429
10.356
10.356
10.883
10.883
10.318
10.318
10.356
10.356
9.9154
9.9154
6.3133
6.3133
5.0104
5.0104
13.747
13.747
9.8866
9.8866
9.2544
9.2544
8.8041
8.8041
12.263
12.263
10.643
10.643
10.03
10.03
10.174
10.174
11.841
11.841
9.81
9.81
7.1851
7.1851
9.3023
9.3023
9.4268
9.4268
10.088
10.088
8.9095
8.9095
8.6029
8.6029
8.6029
8.6029
11.506
11.506
9.9345
9.9345
10.643
10.643
7.9227
7.9227
11.352
11.352
10.969
10.969
8.967
8.967
8.7275
8.7275
12.377
12.377
13.872
13.872
12.291
12.291
9.9633
9.9633
10.203
10.203
9.7717
9.7717
10.442
10.442
9.5801
9.5801
9.992
9.992
5.9971
5.9971
5.4032
5.4032
11.659
11.659
13.882
13.882
14.255
14.255
8.4209
8.4209
9.4555
9.4555
9.5609
9.5609
12.655
12.655
10.222
10.222
11.113
11.113
8.5358
8.5358
7.7503
7.7503
10.327
10.327
10.461
10.461
10.088
10.088
10.318
10.318
9.3981
9.3981
10.356
10.356
7.7694
7.7694
8.7083
8.7083
10.471
10.471
12.119
12.119
10.94
10.94
9.4555
9.4555
10.05
10.05
13.307
13.307
9.2448
9.2448
8.6891
8.6891
12.521
11.764
7.0509
7.0509
9.5513
9.5513
9.3597
9.3597
10.663
10.663
9.4076
9.4076
10.05
10.05
11.122
11.122
9.0723
9.0723
6.1696
6.1696
7.3671
7.3671
12.78
12.78
11.4
11.4
12.818
12.818
7.9131
7.9131
8.8616
8.8616
11.17
11.17
11.975
11.975
8.737
8.737
11.075
11.075
8.852
8.852
8.7466
8.7466
9.4076
9.4076
10.893
10.893
10.366
10.366
10.184
10.184
10.078
10.078
9.4364
9.4364
7.0893
7.0893
9.4651
9.4651
10.356
10.356
11.918
11.918
11.975
11.975
6.9551
6.9551
12.377
12.377
12.339
12.339
9.5705
9.5705
9.1586
12.368
13.326
13.326
11.142
11.142
6.6198
6.6198
11.257
11.257
9.513
9.513
10.529
10.529
10.136
10.136
10.356
10.356
9.3981
9.3981
6.1504
6.1504
7.5395
7.5395
13.383
13.383
10.778
10.778
11.601
11.601
9.0149
9.0149
8.9191
8.9191
10.663
10.663
11.851
11.851
9.8292
9.8292
10.164
10.164
12.425
12.425
11.506
8.2772
10.596
10.596
11.525
11.525
9.4747
9.4747
9.2927
9.2927
10.921
10.921
9.4747
9.4747
7.7407
7.7407
8.7083
8.7083
11.736
11.736
10.279
10.279
12.215
12.215
7.9802
7.9802
12.109
12.109
12.109
12.109
9.4172
9.4172
9.2831
9.2831
10.279
10.279
11.036
11.036
13.891
13.891
9.4268
9.4268
6.7731
6.7731
10.308
10.308
9.3214
9.3214
10.548
10.548
9.4843
9.4843
9.8866
9.8866
10.557
10.557
7.8269
7.8269
5.7001
5.7001
8.7754
8.7754
13.795
13.795
10.883
10.883
10.883
10.883
8.7562
8.7562
9.3981
9.3981
11.544
11.544
9.7717
9.7717
11.908
11.908
12.464
12.464
9.9729
9.9729
9.2352
9.2352
8.3634
8.3634
10.893
10.893
11.343
11.343
9.6471
9.6471
9.6759
9.6759
9.9345
9.9345
9.5322
9.5322
9.2352
9.2352
9.0532
9.0532
10.73
10.73
9.4555
9.4555
12.837
12.837
7.8652
7.8652
12.387
12.387
10.164
10.164
9.3693
9.3693
8.4784
8.4784
12.809
12.809
11.87
11.87
13.23
13.23
6.3612
6.3612
8.9765
8.9765
9.9729
9.9729
10.011
10.011
10.509
10.509
10.107
10.107
9.925
9.925
9.925
9.925
6.3708
6.3708
6.0929
6.0929
10.921
10.921
12.483
12.483
13.891
13.891
9.3789
9.3789
7.7503
7.7503
9.2256
9.2256
12.531
12.531
11.122
11.122
9.4364
9.4364
11.429
11.429
12.224
12.224
9.5992
9.5992
8.2868
8.2868
8.2868
8.2868
10.998
10.998
9.3597
9.3597
9.9537
9.9537
10.816
10.816
8.5167
8.5167
7.8844
7.8844
9.1969
9.1969
11.707
11.707
10.672
10.672
10.164
10.164
10.279
10.279
10.806
10.806
11.774
11.774
8.076
8.076
9.8387
9.8387
12.416
12.416
13.335
13.335
11.879
11.879
6.6486
6.6486
9.8771
9.8771
9.0053
9.0053
11.084
11.084
11.304
11.304
9.8196
9.8196
10.241
10.241
9.3597
9.3597
6.2845
6.2845
5.4894
5.4894
11.362
11.362
14.217
14.217
13.46
13.46
10.078
10.078
8.0185
8.0185
9.3214
9.3214
12.761
12.761
10.825
10.825
10.174
10.174
10.998
10.998
12.263
12.263
7.7215
7.7215
9.4268
9.4268
9.3502
9.3502
10.174
10.174
10.701
10.701
11.343
11.343
9.7813
9.7813
9.7525
9.7525
9.2639
9.2639
8.2389
8.2389
8.3059
8.3059
12.397
12.397
11.429
11.429
10.203
10.203
8.5263
8.5263
9.4651
9.4651
9.3502
9.3502
10.586
10.586
13.431
13.431
14.849
14.849
10.682
10.682
6.1408
6.1408
10.241
10.241
9.5322
9.5322
10.203
10.203
9.6376
9.6376
10.797
10.797
9.81
9.81
9.8962
9.8962
7.1659
7.1659
7.2713
7.2713
12.473
12.473
11.544
11.544
14.14
14.14
8.0377
8.0377
8.5358
8.5358
10.126
10.126
11.716
11.716
8.1335
8.1335
11.237
11.237
12.263
12.263
11.774
11.774
8.8616
8.8616
8.0377
8.0377
9.5226
9.5226
10.96
10.96
10.567
10.567
10.05
10.05
10.232
10.232
10.318
10.318
6.9168
6.9168
9.925
9.925
9.9345
9.9345
11.697
11.697
10.318
10.318
8.44
8.44
9.3214
9.3214
12.722
12.722
10.126
10.126
9.6663
9.6663
8.67
8.67
13.412
13.412
14.169
14.169
7.4916
7.4916
9.9345
9.9345
9.9345
9.9345
9.5801
9.5801
9.5801
9.5801
10.452
10.452
10.452
10.452
10.059
10.059
9.81
9.81
9.513
9.513
10.797
10.797
9.4172
9.4172
10.452
10.452
9.9729
9.9729
9.81
9.81
10.95
10.95
10.279
10.279
9.5705
9.5705
10.011
10.011
9.8675
9.8675
9.8387
9.8387
9.81
9.81
10.155
10.155
10.184
10.184
9.81
9.81
10.136
10.136
9.9729
9.9729
10.279
10.279
10.471
10.471
10.385
10.385
10.126
10.126
10.203
10.203
9.9633
9.9633
10.05
10.05
10.251
10.251
10.145
10.145
10.059
10.059
10.117
10.117
10.289
10.289
10.279
10.279
10.222
10.222
10.126
10.126
10.011
10.011
10.27
10.27
10.318
10.318
10.423
10.423
10.289
10.289
10.385
10.385
10.27
10.27
10.05
10.05
10.136
10.136
10.337
10.337
10.337
10.337
10.318
10.318
10.318
10.318
9.9824
9.9824
10.232
10.232
9.925
9.925
10.117
10.117
10.308
10.308
10.289
10.289
9.9441
9.9441
10.26
10.26
10.241
10.241
10.203
10.203
10.03
10.03
10.078
10.346
10.117
10.117
10.078
10.078
10.337
10.337
10.164
10.164
10.356
10.356
10.222
10.222
10.011
10.011
10.232
10.232
10.27
10.27
10.193
10.337
10.375
10.375
9.992
9.992
10.021
10.021
9.9729
9.9729
10.126
10.126
10.318
10.318
10.145
10.145
10.26
10.26
10.069
10.069
10.145
10.145
10.164
10.164
10.002
10.145
10.299
10.299
10.375
10.375
10.088
10.088
9.8675
9.8675
10.164
10.164
10.222
10.222
10.423
10.423
9.925
9.925
10.27
10.27
10.308
10.308
10.117
10.117
10.241
10.241
10.375
10.241
10.299
10.299
10.299
10.299
10.136
10.136
10.212
10.212
9.9537
9.9537
10.184
10.184
10.232
10.232
10.164
10.164
9.81
9.81
10.318
10.318
10.03
10.03
10.26
10.318
10.318
10.394
10.394
10.27
10.27
10.222
10.222
9.3214
9.3214
10.126
10.126
9.8866
9.8866
9.8387
9.8387
9.9633
9.9633
7.9994
7.9994
10.739
10.739
11.036
11.036
11.352
11.352
9.8579
9.8579
10.164
10.164
8.5358
8.5358
10.883
10.883
12.148
12.148
14.121
14.121
14.715
14.715
7.7024
7.7024
6.6582
6.6582
7.0414
7.0414
10.663
10.663
10.864
10.864
9.8292
9.8292
11.41
11.41
9.8866
9.8866
8.7466
8.7466
7.3958
7.3958
10.576
10.576
11.755
11.755
11.391
11.391
9.2831
9.2831
9.2831
10.825
10.825
10.825
11.86
11.86
15.73
15.73
15.73
15.73
6.4666
6.4666
11.046
11.046
8.5358
8.5358
10.873
10.873
11.927
11.927
8.2868
8.2868
9.9058
9.9058
10.222
10.222
7.8269
7.8269
6.6773
6.6773
11.285
11.285
15.184
15.184
10.5
10.5
8.2484
11.86
11.151
11.151
8.2005
8.2005
11.094
11.094
13.115
13.115
11.448
11.448
6.9264
6.9264
6.7635
6.7635
11.046
11.046
11.582
11.582
10.318
10.318
10.442
9.5513
8.4688
8.4688
6.8977
6.8977
9.695
9.695
12.569
12.569
11.927
11.927
11.4
11.4
7.3
7.3
11.927
11.927
10.232
10.232
10.5
10.5
11.649
11.649
10.117
10.117
12.368
12.368
9.992
9.992
10.548
11.649
11.649
11.649
11.649
9.9729
9.9729
10.03
10.03
10.164
10.164
7.597
7.597
9.2065
9.2065
13.096
13.096
10.05
10.05
8.9478
8.9478
9.0915
9.0915
10.739
10.739
10.069
10.069
11.506
11.506
13.968
13.968
11.084
11.084
5.9971
5.9971
9.1298
9.1298
11.151
11.151
10.653
10.653
10.002
10.002
10.672
10.672
9.1011
9.1011
9.8579
9.8579
6.7061
6.7061
9.7429
9.7429
10.893
10.893
9.925
9.925
12.148
12.148
8.9191
8.9191
11.391
11.391
9.8866
9.8866
9.8579
9.8579
10.03
10.03
11.506
11.506
9.7046
9.7046
8.7275
8.7275
11.956
11.956
9.5513
9.5513
10.241
10.241
11.295
11.295
9.034
9.034
10.04
10.04
8.3538
8.3538
7.5683
7.5683
11.17
11.17
11.18
11.18
10.5
10.5
9.5322
9.5322
10.107
10.107
10.174
10.174
10.222
10.222
8.2484
8.2484
10.73
10.73
13.316
13.316
9.5418
9.5418
6.8019
6.8019
10.643
10.643
11.199
10.423
10.643
10.643
9.3502
9.3502
9.7621
9.7621
6.9456
6.9456
9.9824
9.9824
11.649
11.649
10.088
10.088
11.783
11.783
10.624
10.624
11.247
11.247
9.6184
9.6184
9.925
9.925
10.155
10.155
10.529
10.529
12.061
12.061
10.768
10.768
13.077
13.077
8.6029
8.6029
11.295
11.295
8.5933
8.5933
10.327
10.327
10.126
10.126
7.118
7.118
7.5204
7.5204
11.669
11.669
11.391
11.391
8.3826
8.3826
10.356
10.356
10.845
10.845
9.9537
9.9537
11.831
11.41
10.624
10.624
15.117
15.117
7.5778
7.5778
6.5145
6.5145
11.822
11.822
11.122
11.122
9.1298
9.1298
10.691
10.691
9.2065
9.2065
10.471
10.471
7.7215
7.7215
10.442
10.442
11.391
11.391
11.688
11.688
11.075
11.075
10.797
10.797
10.576
10.576
10.299
10.299
9.1969
9.1969
10.95
10.95
12.148
12.148
12.799
12.799
10.203
10.289
11.506
11.506
8.9478
8.9478
10.825
10.825
8.67
8.67
10.423
10.423
10.059
10.059
7.6545
7.6545
7.233
7.233
11.151
11.151
12.876
12.876
10.145
10.145
9.2639
9.2639
8.3059
8.3059
9.3597
9.3597
12.387
12.387
11.304
11.304
11.122
11.122
13.278
13.278
15.328
15.328
7.233
7.233
6.16
6.16
11.075
11.075
10.529
10.529
9.8196
9.8196
11.41
11.41
9.7046
9.7046
8.5167
8.5167
9.6759
9.6759
7.9419
7.9419
11.084
11.084
10.605
10.605
9.0149
9.0149
9.0149
9.0149
10.471
10.471
10.203
10.203
10.021
10.021
10.021
10.021
11.391
11.391
11.391
11.391
9.7334
9.7334
9.331
9.331
10.318
10.318
10.279
10.279
10.27
10.27
11.745
11.745
9.2735
9.2735
10.663
10.663
9.628
9.628
8.1622
8.1622
8.0377
13.058
13.058
9.5801
9.5801
9.3885
9.3885
10.816
10.816
10.567
10.567
11.496
11.496
9.9824
9.9824
10.893
10.893
15.184
15.184
11.103
11.103
5.2499
5.2499
7.2713
7.2713
10.021
10.021
10.739
10.739
9.8292
9.8292
10.663
10.663
9.992
9.992
8.8712
8.8712
6.8881
6.8881
7.0509
7.0509
12.301
12.301
11.161
11.161
11.601
11.601
9.6471
9.6471
10.394
10.394
9.7238
9.7238
8.8137
8.8137
15.606
15.606
10.519
10.519
8.4592
8.4592
10.643
10.643
8.8999
8.8999
11.161
11.161
10.327
10.327
9.0532
9.0532
9.81
9.81
9.8962
9.8962
7.9706
7.9706
7.0605
7.0605
10.097
10.097
11.774
11.774
11.055
11.055
11.918
11.918
10.27
10.27
11.4
11.4
11.429
11.429
10.481
10.481
11.381
11.381
17.129
17.129
7.3
7.3
4.2536
11.008
11.008
10.327
10.327
9.3502
9.3502
11.601
11.601
10.04
10.04
8.4017
8.4017
5.863
5.863
6.7348
6.7348
9.3214
9.3214
13.221
13.221
11.228
11.228
11.736
11.736
8.3059
8.3059
11.515
11.515
11.831
11.831
10.241
10.241
10.452
10.452
13.575
13.575
8.8999
8.8999
8.2005
8.2005
9.4364
9.4364
11.103
11.103
10.299
10.299
10.011
10.011
9.2639
9.2639
9.6663
9.6663
9.3118
9.3118
8.7945
8.7945
8.7466
8.7466
6.1887
6.1887
10.605
10.605
13.652
13.652
12.655
12.655
9.0915
9.0915
11.18
11.18
10.969
10.969
10.634
10.634
9.1298
9.1298
14.61
14.61
9.628
9.628
3.6883
3.6883
9.2256
9.2256
11.276
11.276
10.318
10.318
9.7334
9.7334
11.257
11.257
9.9154
9.9154
8.8616
8.8616
7.3096
7.3096
7.6928
7.6928
12.694
12.694
12.31
12.31
12.646
12.646
8.9765
8.9765
8.67
8.67
11.055
11.055
11.075
11.075
10.107
10.107
11.199
11.199
10.902
10.902
9.1298
9.1298
9.2352
9.2352
9.6184
9.6184
9.5513
8.5646
8.5646
9.5897
9.5897
11.075
11.075
9.5609
9.5609
7.5204
7.5204
6.0546
6.0546
8.4784
8.4784
13.364
13.364
13.335
13.335
11.075
11.075
8.3155
8.3155
10.289
10.289
13.498
13.498
11.314
11.314
8.6987
8.6987
11.573
11.573
15.299
15.299
7.7886
7.7886
10.854
10.854
10.854
10.854
10.5
10.5
11.228
11.228
9.8579
9.8579
8.967
8.967
10.461
10.461
7.3192
7.3192
9.0244
9.0244
13.038
13.038
10.883
10.883
12.569
12.569
9.5705
9.5705
8.9574
8.9574
11.046
11.046
10.299
10.299
10.921
10.921
14.59
14.59
10.998
10.998
8.4784
8.4784
9.513
9.513
10.327
10.327
11.247
11.247
9.81
9.81
9.9441
9.9441
10.002
10.002
10.509
10.509
8.6317
8.6317
7.7311
7.7311
6.9935
6.9935
10.117
10.117
12.933
12.933
14.265
14.265
11.103
11.103
6.8306
6.8306
11.036
11.036
12.512
12.512
10.605
10.605
10.05
10.05
16.305
16.305
14.658
14.658
5.4415
5.4415
5.4606
5.4606
10.864
10.864
10.567
10.567
8.7179
8.7179
10.423
10.423
10.893
10.893
10.078
10.078
10.643
10.643
9.925
9.925
9.2639
9.2639
10.576
10.576
9.3502
9.3502
10.643
10.643
10.481
10.481
10.117
10.117
10.318
10.318
10.232
10.232
9.925
9.925
9.4555
9.4555
10.241
10.241
10.117
10.117
10.241
10.241
10.184
10.184
10.366
10.366
10.164
10.164
9.992
9.992
10.126
10.126
10.318
10.318
9.9824
9.9824
10.557
10.557
10.126
10.126
10.002
10.002
10.318
10.318
10.03
10.03
10.164
10.164
10.04
10.04
10.05
10.05
10.212
10.212
10.04
10.04
10.193
10.193
10.184
10.184
10.27
10.27
10.184
10.184
10.117
10.117
10.097
10.097
10.308
10.308
10.279
10.279
10.251
10.251
10.184
10.184
10.26
10.26
10.279
10.279
10.097
10.097
10.155
10.155
10.107
10.107
10.126
10.126
10.155
10.155
10.279
10.279
10.117
10.117
9.992
9.992
10.385
10.385
10.145
10.145
10.241
10.241
10.145
10.145
10.299
10.299
10.27
10.27
10.164
10.164
10.078
10.078
10.05
10.05
10.232
10.232
10.299
10.299
10.088
10.088
10.097
10.097
10.232
10.232
10.155
10.155
10.184
10.184
10.241
10.241
10.289
10.289
10.088
10.088
10.222
10.222
10.327
10.327
10.289
10.289
10.078
10.078
10.088
10.088
10.318
10.318
10.241
10.241
10.27
10.27
10.117
10.117
10.03
10.03
10.088
10.088
10.059
10.059
10.05
10.05
10.069
10.069
10.299
10.299
10.299
10.299
10.279
10.279
10.126
10.126
10.126
10.126
10.155
10.155
10.241
10.241
9.9729
9.9729
10.193
10.193
10.232
10.232
10.232
10.232
10.011
10.011
10.251
10.251
10.289
10.289
10.222
10.222
10.002
10.002
10.241
10.241
10.021
10.021
10.021
10.021
10.222
10.222
10.021
10.021
10.193
10.193
10.088
10.088
10.203
10.203
10.337
10.337
10.337
10.337
10.05
10.05
10.069
10.069
10.097
10.097
10.05
10.05
10.03
10.03
10.346
10.346
10.126
10.126
10.327
10.327
10.117
10.117
10.03
10.03
10.299
10.299
10.011
10.011
10.346
10.346
10.021
10.021
10.327
10.327
10.011
10.011
10.375
10.375
10.164
10.164
10.126
10.126
10.241
10.241
10.04
10.04
10.299
10.299
10.117
10.117
10.145
10.145
10.155
10.155
10.193
10.193
10.107
10.107
10.184
10.184
10.117
10.117
10.117
10.117
10.164
10.164
10.059
10.059
10.155
10.155
10.193
10.193
10.145
10.145
10.212
10.212
10.05
10.05
10.318
10.318
10.318
10.318
10.03
10.03
10.117
10.117
10.05
10.05
10.26
10.26
10.203
10.203
10.04
10.04
10.279
10.279
10.164
10.164
10.164
10.164
10.279
10.279
10.078
10.078
10.078
10.078
10.117
10.117
10.136
10.136
10.241
10.241
10.011
10.011
10.155
10.155
10.232
10.232
10.222
10.222
10.002
10.078
10.05
10.05
10.002
10.002
10.289
10.289
10.289
10.289
10.164
10.164
10.078
10.078
9.9729
9.9729
10.117
10.117
10.069
10.069
10.164
10.164
10.241
10.241
10.241
10.241
10.241
10.241
10.222
10.222
10.346
10.346
10.318
10.318
10.241
10.241
10.308
10.136
10.193
10.193
10.251
10.251
10.241
10.241
10.308
10.308
10.222
10.222
10.279
10.279
10.346
10.346
10.279
10.279
10.241
10.241
10.126
10.174
10.26
10.26
10.059
10.059
10.251
10.251
10.251
10.251
10.366
10.366
10.184
10.184
10.299
10.299
10.289
10.289
10.117
10.308
10.222
10.222
10.212
10.212
10.241
10.241
10.078
10.078
10.04
10.04
10.088
10.088
10.126
10.126
10.193
10.193
10.05
10.05
10.279
10.279
10.241
10.241
10.27
10.27
10.164
10.164
10.126
10.126
10.212
10.212
10.126
10.126
10.097
10.097
10.164
10.164
10.471
10.471
10.155
10.155
10.117
10.117
9.7238
9.7238
9.8866
9.8866
10.069
10.069
10.107
10.107
10.778
10.778
10.356
10.356
9.7046
10.481
10.481
10.672
10.672
9.2639
9.2639
9.0915
9.0915
9.5322
9.5322
9.8866
9.8866
11.975
11.975
9.3502
9.3502
9.1969
9.1969
9.1298
9.1298
11.429
11.429
11.199
11.199
12.061
12.061
14.102
14.102
3.0273
3.0273
6.9743
6.9743
6.9839
6.9839
10.193
10.193
9.7525
9.7525
10.078
10.078
12.263
12.263
10.49
10.49
9.6088
9.6088
6.7635
6.7635
9.3981
9.3981
10.768
10.768
11.257
11.257
13.077
7.4725
10.548
10.548
12.1
12.1
13.795
13.795
9.0149
9.0149
9.0244
9.0244
10.26
10.26
10.557
10.557
9.6663
9.6663
9.925
9.925
12.598
12.598
9.2831
9.2831
9.6855
9.6855
10.346
10.346
9.216
9.216
8.7945
8.7945
7.7407
7.7407
5.0583
5.0583
8.5838
8.5838
18.672
18.672
13.307
13.307
7.8269
7.8269
7.9131
7.9131
13.422
13.422
11.649
11.649
15.002
15.002
10.461
10.461
5.3648
5.3648
6.6582
6.6582
6.754
6.754
13.134
13.134
13.134
13.134
10.346
10.346
10.739
10.739
9.81
9.81
8.5838
8.5838
7.9419
7.9419
6.7827
6.7827
6.8498
6.8498
8.5933
8.5933
15.769
15.769
16.736
16.736
9.5705
9.5705
7.1563
7.1563
10.96
10.96
14.887
14.887
10.643
10.643
8.1047
8.1047
7.4246
7.4246
8.44
8.44
8.6412
8.6412
11.142
11.142
12.665
12.665
9.1681
9.1681
8.1335
8.1335
9.3693
9.3693
9.216
9.216
8.3251
8.3251
7.3767
7.3767
5.3074
5.3074
11.094
11.094
13.47
13.47
15.481
15.481
9.81
9.81
6.4474
6.4474
12.301
12.301
13.144
13.144
15.98
15.98
7.1372
7.1372
7.0797
7.0797
5.9684
5.9684
7.9706
7.9706
12.263
12.263
11.506
11.506
10.643
10.643
11.036
11.036
10.643
10.643
9.1969
9.1969
9.0436
9.0436
6.9072
6.9072
6.2558
6.2558
8.2389
8.2389
7.8269
7.8269
15.529
15.529
13.403
13.403
13.403
13.403
12.042
12.042
12.042
12.042
9.4268
9.4268
9.2448
9.2448
9.695
9.695
9.2735
9.2735
6.5336
6.5336
9.3597
9.3597
13.192
13.192
12.761
12.761
10.816
10.816
9.4747
9.4747
8.0281
8.0281
8.3634
8.3634
5.748
5.748
5.8822
5.8822
9.3023
9.3023
11.812
11.812
15.74
15.74
12.636
12.636
7.7599
7.7599
12.502
12.502
17.829
17.829
14.102
14.102
9.5513
9.5513
5.6618
5.6618
5.4032
5.4032
4.6368
4.6368
10.05
10.05
14.983
14.983
11.199
11.199
10.461
10.461
10.778
10.778
9.4747
9.4747
7.0222
7.0222
5.3265
5.3265
4.3398
4.3398
6.9839
6.9839
8.3059
8.3059
13.307
13.307
19.61
19.61
14.15
14.15
11.956
11.956
14.054
14.054
8.6796
8.6796
10.529
10.529
10.117
10.117
8.0089
8.0089
6.1792
6.1792
3.2955
3.2955
11.525
11.525
11.525
11.525
13.345
13.345
10.778
10.778
11.343
11.343
7.6353
7.6353
5.6235
5.6235
7.5395
7.5395
9.0723
9.0723
14.725
14.725
14.169
14.169
14.955
14.955
7.7599
7.7599
12.454
12.454
15.989
15.989
12.32
12.32
11.477
11.477
7.1563
7.1563
5.0583
5.0583
5.3553
5.3553
9.0053
9.0053
13.412
13.412
12.876
12.876
10.174
10.174
12.033
12.033
9.81
9.81
6.0067
6.0067
5.4511
5.4511
6.7923
6.7923
7.4054
7.4054
8.6317
8.6317
11.956
11.956
18.24
18.24
12.789
12.789
11.276
11.276
16.296
16.296
9.4364
9.4364
9.7046
9.7046
9.2352
9.2352
7.3575
7.3575
2.6633
2.6633
2.1843
2.1843
7.5683
7.5683
15.347
15.347
10.749
10.749
9.7621
9.7621
11.439
11.439
12.425
12.425
10.126
10.126
9.5801
9.5801
9.5801
9.5801
10.279
10.279
10.002
10.002
10.002
10.002
9.1298
9.1298
9.9537
9.9537
9.81
9.81
9.81
9.81
9.6088
9.6088
9.9058
9.9058
10.778
10.778
11.036
11.036
9.695
9.695
12.54
12.54
10.279
10.279
9.1777
9.1777
10.471
10.471
9.3885
9.3885
9.2735
9.2735
9.6088
9.6088
9.3214
9.3214
9.8866
9.8866
10.327
10.327
10.356
10.356
10.251
10.251
9.8196
9.8196
10.567
10.567
10.509
10.509
9.8962
9.8962
10.27
10.27
9.9441
9.9441
10.289
10.289
10.097
10.097
9.9633
9.9633
10.653
10.653
10.356
10.356
9.8387
9.8387
10.299
10.299
10.136
10.136
9.9345
9.9345
10.203
10.203
10.26
10.26
10.117
10.117
10.375
10.375
10.212
10.212
10.117
10.117
10.346
10.346
10.356
10.356
10.164
10.164
10.26
10.26
10.069
10.069
10.04
10.04
10.04
10.04
10.203
10.203
10.251
10.251
10.117
10.117
10.069
10.069
10.356
10.356
10.011
10.011
10.021
10.021
10.126
10.126
10.155
10.155
10.203
10.203
10.337
10.337
10.03
10.03
10.059
10.059
10.03
10.03
10.059
10.059
10.289
10.289
10.117
10.117
10.203
10.203
10.164
10.164
10.241
10.241
10.193
10.193
10.241
10.241
10.059
10.059
10.27
10.27
10.069
10.069
10.069
10.069
10.05
10.05
10.346
10.346
10.164
10.164
10.021
10.021
10.232
10.232
10.232
10.232
10.327
10.327
10.145
10.145
10.03
10.03
10.327
10.327
10.251
10.251
10.088
10.088
10.011
10.011
10.069
10.069
10.27
10.27
10.375
10.375
10.346
10.346
10.423
10.423
10.088
10.088
10.27
10.27
10.366
10.366
10.069
10.069
10.04
10.04
10.346
10.346
10.155
10.155
10.069
10.069
10.318
10.318
10.203
10.203
10.078
10.078
10.327
10.327
10.327
10.327
10.27
10.27
10.251
10.251
10.021
10.021
10.241
10.241
10.04
10.04
10.203
10.203
10.289
10.289
10.05
10.05
10.126
10.126
10.145
10.145
10.308
10.308
10.021
10.021
10.05
10.05
10.05
10.05
10.174
10.174
10.107
10.107
10.232
10.232
10.05
10.05
10.222
10.222
10.318
10.318
10.145
10.145
9.992
9.992
10.011
10.011
10.241
10.241
10.069
10.069
10.011
10.011
10.232
10.232
10.318
10.318
10.107
10.107
10.27
10.27
10.05
10.05
10.308
10.308
10.337
10.337
10.069
10.069
10.279
10.279
10.308
10.308
10.002
10.002
10.232
10.232
10.078
10.078
10.174
10.174
10.337
10.337
10.346
10.346
10.356
10.356
10.318
10.318
10.117
10.117
10.117
10.117
10.337
10.337
10.117
10.117
10.117
10.117
10.164
10.164
10.318
10.318
9.9729
9.9729
10.174
10.174
10.04
10.04
10.241
10.241
10.203
10.203
10.155
10.155
10.27
10.27
10.05
10.05
10.251
10.251
10.375
10.375
10.117
10.117
10.002
10.002
10.002
10.002
10.002
10.002
10.232
10.232
10.078
10.078
9.9633
9.9633
10.117
10.117
10.318
10.318
10.069
10.069
10.279
10.279
10.03
10.03
10.222
10.222
10.423
10.423
10.088
10.088
10.193
10.193
10.279
10.279
9.9824
9.9824
10.279
10.279
10.184
10.184
10.366
10.366
10.164
10.164
10.222
10.222
10.069
10.069
10.107
10.107
10.27
10.27
10.03
10.03
10.299
10.299
10.04
10.04
10.337
10.337
10.002
10.002
10.279
10.279
10.011
10.011
10.088
10.088
10.021
10.021
10.27
10.27
10.279
10.279
10.059
10.059
10.04
10.04
10.04
10.04
10.299
10.299
10.279
10.279
10.03
10.03
10.03
10.03
10.27
10.27
10.203
10.203
10.203
10.203
10.193
10.193
10.088
10.088
10.145
10.145
10.04
10.04
10.241
10.241
10.03
10.03
10.308
10.308
10.04
10.04
10.155
10.155
10.03
10.03
10.03
10.03
10.222
10.222
10.232
10.232
10.299
10.299
10.021
10.021
10.279
10.279
10.318
10.318
10.078
10.078
10.327
10.327
10.212
10.212
10.021
10.021
10.097
10.097
10.203
10.203
10.375
10.375
10.069
10.069
10.356
10.356
10.069
10.069
10.299
10.299
10.318
10.318
10.088
10.088
10.117
10.117
10.318
10.318
10.126
10.126
9.9729
9.9729
9.992
9.992
10.069
10.069
10.03
10.03
10.193
10.193
10.184
10.184
10.011
10.011
10.002
10.002
10.222
10.222
10.327
10.327
10.327
10.327
10.279
10.279
10.04
10.04
10.117
10.117
10.097
10.097
10.241
10.241
10.011
10.011
9.9729
9.9729
10.011
10.011
10.279
10.279
10.366
10.366
10.03
10.03
10.346
10.346
10.059
10.059
10.002
10.002
10.212
10.212
10.069
10.069
10.241
10.241
10.04
10.04
10.279
10.279
10.27
10.27
10.05
10.05
10.26
10.26
10.366
10.366
10.078
10.078
10.011
10.011
10.27
10.27
10.289
10.289
10.002
10.002
10.299
10.299
10.193
10.193
10.05
10.05
10.356
10.356
10.327
10.327
10.04
10.04
10.289
10.289
10.26
10.26
10.069
10.069
10.279
10.279
10.299
10.299
10.318
10.318
10.021
10.021
10.203
10.203
10.346
10.346
10.011
10.011
10.193
10.193
10.203
10.203
10.337
10.337
10.356
10.356
10.117
10.117
10.164
10.164
10.193
10.193
9.992
9.992
10.222
10.222
10.222
10.222
10.212
10.212
10.318
10.318
10.059
10.059
10.203
10.203
10.26
10.26
10.03
10.03
10.327
10.327
10.184
10.184
10.03
10.03
10.299
10.299
10.126
10.126
10.145
10.145
10.03
10.03
10.193
10.193
10.327
10.327
10.088
10.088
10.097
10.097
10.318
10.318
10.327
10.327
10.03
10.03
10.27
10.27
10.279
10.279
10.117
10.117
10.011
10.011
10.126
10.126
