-0.016512
-0.0053263
-0.0053263
-0.010919
-0.010919
-0.0053263
-0.0053263
0
0
-0.0053263
-0.0053263
0
0
0.0053263
0.0053263
-0.016512
-0.016512
-0.010919
-0.010919
-0.010919
-0.010919
-0.0053263
-0.0053263
-0.016512
-0.016512
0
0
-0.0053263
-0.0053263
-0.0053263
-0.0053263
0
0
0
0
-0.0053263
-0.0053263
-0.016512
-0.016512
0
0
-0.010919
-0.010919
-0.016512
-0.016512
0
0
0.0053263
0.0053263
0.0053263
0.0053263
-0.016512
-0.016512
0.0053263
0.0053263
-0.010919
-0.010919
0
0
0.0053263
0.0053263
-0.010919
-0.010919
-0.0053263
-0.0053263
0
0
-0.010919
-0.010919
-0.016512
-0.016512
-0.010919
-0.010919
0
0
-0.010919
-0.010919
-0.0053263
-0.0053263
-0.010919
-0.010919
-0.010919
-0.010919
-0.010919
-0.010919
-0.010919
-0.010919
-0.0053263
-0.0053263
-0.0053263
-0.0053263
-0.010919
-0.010919
-0.0053263
-0.0053263
0.0053263
0.0053263
-0.016512
-0.016512
-0.010919
-0.010919
-0.0053263
-0.0053263
0.0053263
0.0053263
-0.0053263
-0.0053263
-0.010919
-0.010919
-0.0053263
-0.0053263
-0.010919
-0.010919
-0.0053263
-0.0053263
0
0
-0.010919
-0.010919
-0.0053263
-0.0053263
-0.010919
-0.010919
0
0
-0.010919
-0.010919
-0.0053263
-0.0053263
-0.0053263
-0.0053263
-0.0053263
-0.0053263
0
0
-0.0053263
-0.0053263
0.0053263
0.0053263
0.0053263
0.0053263
0
0
-0.0053263
-0.0053263
-0.0053263
-0.0053263
-0.0053263
-0.0053263
0.0053263
0.0053263
0.010919
0.010919
-0.0053263
-0.0053263
-0.0053263
-0.0053263
0
0
-0.010919
-0.010919
-0.010919
-0.010919
-0.016512
-0.016512
-0.0053263
-0.0053263
-0.0053263
-0.0053263
0.010919
0.010919
-0.010919
-0.010919
0.0053263
0.0053263
0
0
0
0
-0.010919
-0.010919
-0.016512
-0.016512
-0.0053263
-0.0053263
0.0053263
0.0053263
-0.0053263
-0.0053263
-0.0053263
-0.0053263
-0.010919
-0.010919
0.0053263
0.0053263
-0.016512
-0.016512
-0.0053263
-0.0053263
0.0053263
0.0053263
-0.0053263
-0.0053263
0
0
-0.010919
-0.010919
-0.0053263
-0.0053263
-0.016512
-0.016512
-0.016512
-0.016512
0
0
0.0053263
0.0053263
0
0
-0.0053263
-0.0053263
0.0053263
0.0053263
-0.010919
-0.010919
-0.0053263
-0.0053263
-0.010919
-0.010919
0.0053263
0.0053263
-0.010919
-0.010919
-0.0053263
-0.0053263
0
0
0
0
0
0
0
0
-0.010919
-0.010919
0
0
-0.0053263
-0.0053263
-0.0053263
-0.0053263
-0.0053263
-0.0053263
-0.010919
-0.010919
-0.0053263
-0.0053263
-0.010919
-0.010919
-0.016512
-0.016512
-0.0053263
-0.0053263
0
0
-0.010919
-0.010919
0
0
-0.0053263
-0.0053263
-0.0053263
-0.0053263
-0.0053263
-0.0053263
-0.0053263
-0.0053263
-0.0053263
-0.0053263
-0.0053263
-0.0053263
-0.010919
-0.010919
-0.016512
-0.016512
-0.010919
-0.010919
-0.022104
-0.022104
0.010919
0.010919
0
0
0
0
-0.022104
-0.022104
0
0
0.0053263
0.0053263
-0.010919
-0.010919
-0.010919
-0.010919
0.0053263
0.0053263
-0.0053263
-0.0053263
0.016512
0.016512
0
0
-0.016512
-0.016512
0
0
0
0
0
0
-0.010919
-0.010919
-0.010919
0
-0.0053263
-0.0053263
-0.0053263
-0.0053263
0
0
-0.0053263
-0.0053263
-0.016512
-0.016512
-0.0053263
-0.0053263
0
0
0
0
-0.0053263
-0.0053263
0.0053263
0.0053263
-0.010919
-0.010919
-0.016512
-0.016512
0.010919
0.010919
-0.0053263
-0.0053263
-0.010919
-0.010919
-0.0053263
-0.0053263
0.010919
0.010919
-0.0053263
-0.0053263
-0.010919
-0.010919
-0.010919
-0.010919
0.0053263
-0.010919
-0.0053263
-0.0053263
0
0
-0.016512
-0.016512
-0.010919
-0.010919
0
0
0.0053263
0.0053263
-0.010919
-0.010919
0
0
0.010919
0.010919
-0.010919
-0.010919
-0.010919
-0.010919
0.0053263
0.0053263
-0.0053263
-0.0053263
-0.0053263
-0.0053263
0
0
-0.0053263
-0.0053263
0
0
0
0
-0.0053263
0.010919
0.010919
-0.0053263
-0.0053263
0.0053263
0.0053263
0
0
0
0
-0.010919
-0.010919
-0.0053263
-0.0053263
-0.022104
-0.022104
0
0
-0.0053263
-0.016512
-0.016512
0.010919
0.010919
0
0
0
0
-0.0053263
-0.0053263
0.022104
0.022104
0.016512
0.016512
0.03329
0.03329
-0.066845
-0.066845
-0.0053263
-0.0053263
0.027697
0.027697
0.0053263
-0.14514
-0.14514
-0.13955
-0.13955
-0.1004
-0.1004
-0.083623
-0.083623
-0.12277
-0.12277
-0.14514
-0.14514
-0.066845
-0.066845
0
0
0.094809
0.094809
-0.066845
-0.066845
-0.05566
-0.05566
0.40187
0.40187
0.066845
0.066845
-0.083623
-0.083623
0.10599
0.10599
0.29028
0.29028
0.40746
0.40746
0.36299
0.36299
-0.31825
-0.31825
-0.066845
-0.066845
-0.31266
-0.31266
-0.21199
-0.21199
-0.26791
-0.26791
-0.2791
-0.2791
-0.37417
-0.37417
-0.1787
-0.1787
0.20639
0.20639
0.12836
0.12836
0.12277
0.12277
0.027697
0.027697
0.022104
0.022104
-0.094809
-0.094809
-0.23995
-0.23995
-0.18429
-0.18429
-0.11718
-0.11718
-0.49135
-0.49135
-0.4578
-0.4578
0.31825
0.31825
-0.15073
-0.15073
-0.083623
-0.083623
0.21199
0.21199
0.33503
0.33503
0.20639
0.20639
-0.094809
-0.094809
0.11718
0.11718
0
0
0.38536
0.38536
0.93823
0.93823
0.75394
0.75394
0.18988
0.18988
0.17311
0.17311
0.61412
0.61412
0.44102
0.44102
0.92145
0.92145
0.12277
0.12277
0.19548
0.19548
-0.33503
-0.33503
-0.26791
-0.26791
-0.18429
-0.18429
-0.59175
-0.59175
-0.2791
-0.2791
-0.061253
-0.061253
-0.1004
-0.1004
0.1787
0.1787
0.31825
0.31825
-0.15633
-0.15633
-0.40187
-0.40187
-0.15073
-0.15073
-0.46339
-0.46339
-0.99948
-0.99948
-0.67564
-0.67564
-0.87112
-0.87112
-0.75394
-0.75394
0.3574
0.3574
-0.34062
-0.51932
-0.44661
-0.44661
0.072438
0.072438
0.13955
0.13955
-0.016512
-0.016512
-0.27351
-0.27351
-0.13955
-0.13955
0.22317
0.22317
0.41865
0.41865
0.72598
0.72598
1.2341
1.2341
0.23436
0.23436
-0.10599
-0.10599
0.41306
0.41306
0.23436
0.23436
0.8879
0.8879
0.79282
0.79282
0.47458
0.47458
0.70361
0.70361
0.10599
0.10599
-0.21758
-0.21758
-0.13955
-0.13955
-0.14514
-0.14514
-0.19548
-0.19548
-0.11159
-0.11159
-0.13396
-0.13396
-0.05566
-0.05566
-0.46898
-0.46898
-0.15073
-0.15073
-0.37417
-0.37417
-0.40746
-0.40746
-0.42983
-0.42983
-0.65327
-0.65327
-0.65327
-0.65327
-0.41306
-0.41306
-0.54169
-0.54169
-0.75394
-0.75394
-0.26232
-0.26232
0.22317
0.22317
-0.34062
-0.34062
0.0053263
0.0053263
0.39095
0.39095
0.038882
0.038882
0.16751
0.16751
0.43543
0.43543
0.12836
0.12836
0.3518
0.3518
0.67005
0.67005
0.91586
0.91586
-0.03329
-0.03329
0.54169
0.54169
0.62531
0.62531
0.68683
0.68683
0.88231
0.88231
0.51372
0.51372
0.26232
0.26232
-0.29588
-0.29588
-0.2008
-0.67005
-0.56406
-0.56406
-0.29028
-0.29028
-0.26232
-0.26232
-0.28469
-0.28469
-0.36858
-0.36858
0.22877
0.22877
-0.51932
-0.51932
-0.3518
-0.3518
-0.4522
-0.71479
-0.57524
-0.57524
-0.47458
-0.47458
-0.47458
-0.47458
-0.74835
-0.74835
-0.36299
-0.36299
0.21758
0.21758
-0.27351
-0.27351
0.066845
0.066845
0.16192
0.16192
0.22877
0.22877
-0.044475
-0.044475
0.28469
0.28469
0.22877
0.22877
0.4522
0.4522
0.82638
0.82638
0.42983
0.42983
-0.14514
-0.14514
0.46339
0.4578
0.46898
0.46898
0.61972
0.61972
0.92145
0.92145
-0.061253
-0.061253
0.42983
0.42983
-0.03329
-0.03329
-0.32943
-0.32943
-0.36858
-0.46339
-0.36858
-0.36858
-0.30147
-0.30147
-0.18988
-0.18988
-0.083623
-0.083623
-0.089216
-0.089216
-0.56965
-0.56965
-0.32943
-0.32943
-0.39095
-0.39095
-0.46898
-0.46898
-0.42983
-0.42983
-0.54728
-0.54728
-0.77631
-0.77631
-0.33503
-0.33503
0.18429
0.18429
-0.31825
-0.31825
0.038882
0.038882
0.027697
0.027697
0.20639
0.20639
0.10599
0.10599
0.15633
0.15633
0.2008
0.2008
0.76513
0.76513
0.94382
0.94382
0.24554
0.24554
0.55846
0.55846
0.33503
0.33503
0.28469
0.28469
0.2791
0.2791
0.61412
0.61412
0.46339
0.46339
0.18988
0.18988
-0.36858
-0.36858
-0.26232
-0.26232
-0.46339
-0.46339
-0.27351
-0.27351
-0.42424
-0.42424
-0.37417
-0.37417
-0.25673
-0.25673
0.016512
0.016512
-0.26232
-0.26232
-0.49695
-0.49695
-0.25673
-0.25673
-0.51932
-0.51932
-0.54169
-0.54169
-0.71479
-0.71479
-0.48576
-0.48576
-0.49135
-0.49135
-0.85434
-0.85434
-0.078031
-0.078031
0.30147
0.30147
-0.4522
-0.4522
-0.31825
-0.31825
-0.05566
-0.05566
0.18988
0.18988
0.28469
0.28469
0.21199
0.21199
-0.0053263
-0.0053263
0.027697
0.027697
0.16751
0.16751
0.75953
0.75953
0.9883
0.9883
0.46339
0.46339
-0.010919
-0.010919
0.23436
0.23436
0.64768
0.64768
0.16751
0.16751
0.59175
0.59175
0.59175
0.59175
0.66446
0.66446
0.58643
0.58643
0.15073
0.15073
0.03329
0.03329
-0.26232
-0.26232
-0.34062
-0.34062
-0.37977
-0.37977
-0.4578
-0.4578
-0.34621
-0.34621
-0.33503
-0.33503
-0.18429
-0.18429
-0.016512
-0.016512
-0.044475
-0.044475
-0.34062
-0.34062
-0.39628
-0.39628
-0.43543
-0.43543
-0.4522
-0.4522
-0.47458
-0.47458
-0.82638
-0.82638
-0.32943
-0.32943
-0.55846
-0.55846
-0.74835
-0.74835
-0.1004
-0.1004
0.31266
0.31266
-0.37417
-0.37417
-0.24554
0.21758
0.29028
0.29028
0.16192
0.16192
-0.061253
-0.061253
0.21199
0.21199
0.16751
0.16751
0.72598
0.72598
0.84875
0.84875
0.59175
0.59175
-0.24554
0.56965
0.30147
0.30147
0.55846
0.55846
0.50254
0.50254
0.59175
0.59175
0.32384
0.32384
0.39628
0.39628
-0.16751
-0.16751
-0.36858
-0.36858
-0.4578
-0.4578
-0.34062
-0.34062
-0.37417
-0.37417
-0.20639
-0.20639
-0.05566
-0.05566
-0.21758
-0.21758
-0.28469
-0.28469
-0.48017
-0.48017
-0.21758
-0.21758
-0.22877
-0.69242
-0.32943
-0.32943
-0.50813
-0.50813
-0.73157
-0.73157
-0.34062
-0.34062
0.51372
0.51372
-0.39628
-0.39628
-0.05566
-0.05566
0.3574
0.3574
0.26791
0.26791
-0.038882
-0.038882
0.33503
0.33503
0.2008
0.2008
0.62531
0.62531
0.9606
0.9606
0.47458
0.47458
0.36858
0.36858
0.41306
0.41306
0.40187
0.40187
0.6309
0.6309
0.97179
0.97179
0.23995
0.23995
0.22317
0.22317
-0.11718
-0.11718
-0.27351
-0.27351
-0.54169
-0.54169
-0.44661
-0.44661
-0.46339
-0.46339
-0.25673
-0.25673
-0.1787
-0.1787
-0.050067
-0.050067
-0.11718
-0.11718
-0.19548
-0.26791
-0.26791
-0.44102
-0.44102
-0.55287
-0.55287
-0.29588
-0.29588
-0.40187
-0.40187
-0.52491
-0.52491
-0.36858
-0.36858
0.46339
0.46339
-0.23995
-0.23995
0.14514
0.14514
0.36858
0.36858
0.13955
0.13955
0.066845
0.066845
0.20639
0.20639
0.19548
0.19548
0.60853
0.60853
0.79282
0.79282
0.072438
0.30147
0.30147
0.13396
0.13396
0.18988
0.18988
0.42983
0.42983
0.36299
0.36299
0.4578
0.4578
0.65887
0.65887
0.027697
0.027697
-0.28469
-0.44102
-0.44102
-0.21758
-0.21758
-0.37417
-0.37417
-0.42983
-0.42983
-0.4578
-0.4578
-0.22317
-0.22317
-0.083623
-0.083623
-0.25673
-0.25673
0.03329
0.03329
-0.44661
-0.44661
-0.61412
-0.61412
-0.52491
-0.52491
-0.36858
-0.36858
-0.30147
-0.30147
-0.58084
-0.58084
-0.42983
-0.42983
0.40187
0.40187
-0.23436
-0.23436
0.11718
0.1787
0.1787
0.47458
0.47458
0.010919
0.010919
0.016512
0.016512
0.2791
0.2791
0.1787
0.1787
0.49135
0.49135
0.84316
-0.25673
0.44102
0.44102
0.59735
0.59735
0.26232
0.26232
0.4522
0.4522
0.37977
0.37977
0.58643
0.58643
0.30147
0.30147
0.16192
0.16192
-0.072438
-0.39628
-0.40187
-0.40187
-0.42424
-0.42424
-0.4522
-0.4522
-0.44102
-0.44102
-0.22877
-0.22877
-0.1004
-0.1004
-0.3574
-0.3574
-0.050067
-0.050067
-0.13955
-0.13955
-0.072438
-0.54728
-0.54728
-0.41306
-0.41306
-0.27351
-0.27351
-0.37417
-0.37417
-0.52491
-0.52491
-0.18988
-0.18988
0.40187
0.40187
-0.15073
-0.15073
0.03329
0.03329
-0.11718
-0.11718
0.089216
0.089216
0.32943
0.32943
0.22877
0.22877
-0.1004
-0.1004
0.50254
0.50254
0.10599
0.10599
0.77631
0.3518
0.3518
-0.22317
-0.22317
0.21758
0.21758
0.28469
0.28469
0.2791
0.2791
0.34062
0.34062
0.52491
0.52491
0.51932
0.51932
0.65887
0.65887
0.044475
0.044475
-0.16751
-0.16751
-0.37977
-0.37977
-0.21199
-0.21199
-0.30147
-0.30147
-0.57524
-0.57524
-0.49135
-0.49135
-0.38536
-0.38536
-0.18988
-0.18988
-0.094809
-0.094809
-0.061253
-0.061253
-0.044475
-0.044475
-0.39095
-0.39095
0.050067
0.050067
-0.31266
-0.31266
-0.69242
-0.69242
-0.48576
-0.48576
-0.1787
-0.1787
-0.30706
-0.30706
-0.66446
-0.66446
-0.36858
-0.36858
0.46898
0.46898
-0.18429
-0.18429
-0.022104
-0.022104
0.19548
0.19548
0.13396
0.13396
0.3574
0.3574
0.33503
0.33503
-0.23995
-0.23995
0.46339
0.46339
0.20639
0.20639
0.46898
0.46898
0.66446
0.66446
0.25114
0.25114
-0.0053263
-0.0053263
0.2791
0.2791
0.24554
0.24554
0.48576
0.48576
0.4578
0.4578
0.31266
0.31266
0.55846
0.55846
0.25673
0.25673
0.22317
0.22317
-0.13396
-0.13396
-0.066845
-0.066845
-0.15633
-0.15633
-0.32384
-0.32384
-0.42983
-0.42983
-0.41306
-0.41306
-0.39628
-0.39628
-0.16192
-0.16192
-0.078031
-0.078031
-0.8879
-0.8879
-0.54728
-0.54728
-0.39095
-0.39095
-0.32384
-0.32384
-0.40746
-0.40746
-0.46339
-0.46339
-0.4578
-0.4578
-0.39628
-0.39628
-0.40746
-0.40746
-0.84316
-0.84316
0.022104
0.022104
-0.022104
-0.022104
0.022104
0.022104
-0.1004
-0.1004
0.55846
0.55846
0.68683
0.68683
0.37417
0.37417
0.5305
0.5305
0.49695
0.49695
0.82638
0.82638
0.43543
0.43543
0.21199
0.21199
0.43543
0.43543
1.061
1.061
-0.03329
-0.03329
0.061253
0.061253
0.27351
0.27351
0.36299
0.36299
0.30147
0.30147
0.54169
0.54169
0.5305
0.5305
-0.28469
-0.28469
-0.072438
-0.072438
-0.11159
-0.11159
-0.05566
-0.05566
-0.12277
-0.12277
-0.56965
-0.56965
-0.48576
-0.48576
-0.32384
-0.32384
-0.39628
-0.39628
-0.3518
-0.3518
-0.39095
-0.39095
-0.64768
-0.64768
-0.50813
-0.50813
-0.18988
-0.18988
-0.49695
-0.49695
-0.27351
-0.27351
-0.21758
-0.21758
-0.29028
-0.29028
-0.010919
-0.010919
-0.65327
-0.65327
-0.39095
-0.39095
-0.022104
-0.022104
0.094809
0.094809
0.072438
0.072438
0.15633
0.15633
0.41306
0.41306
0.42424
0.42424
0.59735
0.59735
0.6309
0.6309
0.48017
0.48017
0.74835
0.74835
0.50254
0.50254
0.13955
0.13955
0.46898
0.46898
0.54728
0.54728
-0.32384
-0.32384
0.022104
0.022104
0.21199
0.21199
0.010919
0.010919
-0.022104
-0.022104
0.066845
0.066845
0.3574
0.3574
-0.061253
-0.061253
-0.25114
-0.25114
-0.39095
-0.39095
-0.23995
-0.23995
-0.27351
-0.27351
-0.46898
-0.46898
-0.50254
-0.50254
-0.2791
-0.2791
-0.43543
-0.43543
-0.55846
-0.55846
-0.4578
-0.4578
-0.31266
-0.31266
-0.29588
-0.29588
-0.05566
-0.05566
-0.41865
-0.41865
-0.26232
-0.26232
0.18988
0.18988
0.16751
0.16751
0.31266
0.31266
0.16192
0.16192
0.027697
0.027697
0.072438
0.072438
0.17311
0.17311
0.21758
0.21758
0.23995
0.23995
0.7092
0.7092
0.89349
0.89349
0.84316
0.84316
0.49135
0.49135
0.69242
0.69242
0.67005
0.67005
0.41865
0.41865
0.083623
0.083623
0.34062
0.34062
-0.083623
-0.083623
-0.10599
-0.10599
-0.38536
-0.38536
-0.23995
-0.23995
-0.31825
-0.31825
-0.16192
-0.16192
-0.11718
-0.11718
-0.10599
-0.10599
-0.39095
-0.39095
-0.54728
-0.54728
-0.22877
-0.22877
-0.078031
-0.078031
-0.31266
-0.31266
-0.3518
-0.3518
-0.2791
-0.2791
-0.23995
-0.23995
-0.19548
-0.19548
-0.28469
-0.28469
-0.30706
-0.30706
-0.19548
-0.19548
-0.050067
-0.050067
-0.1004
-0.1004
-0.18429
-0.18429
0.27351
0.27351
0.26232
0.26232
0.13955
0.13955
0.36858
0.36858
0.18429
0.18429
0.13955
0.13955
0.038882
0.038882
0.51372
0.51372
0.6365
0.6365
-0.044475
-0.044475
0.49135
0.49135
0.42983
0.42983
0.51372
0.51372
0.21199
0.21199
0.20639
0.20639
0.4522
0.4522
0.1787
0.1787
-0.11159
-0.11159
0.23995
0.23995
0.066845
0.066845
-0.34062
-0.34062
-0.44661
-0.44661
-0.3574
-0.3574
-0.50813
-0.50813
-0.26232
-0.26232
-0.12836
-0.12836
-0.37417
-0.37417
-0.55846
-0.55846
-0.31825
-0.31825
-0.05566
-0.05566
0.078031
0.078031
-0.26232
-0.26232
-0.15073
-0.15073
-0.23995
-0.23995
-0.12277
-0.12277
-0.089216
-0.089216
-0.13955
-0.13955
-0.11718
-0.11718
-0.36299
-0.36299
-0.12836
-0.12836
0.072438
0.072438
-0.10599
-0.10599
0.11718
0.11718
0.022104
0.022104
0.41865
0.41865
0.51932
0.51932
0.56965
0.56965
0.44661
0.44661
0.3518
0.3518
0.32384
0.32384
0.44102
0.44102
0.010919
0.010919
0.20639
0.20639
0.11718
0.11718
0.1787
0.1787
0.12277
0.12277
0.094809
0.094809
0.24554
0.24554
0.03329
0.03329
0.13955
0.13955
-0.027697
-0.027697
-0.16751
-0.16751
-0.42424
-0.42424
-0.12836
-0.12836
-0.32943
-0.32943
-0.28469
-0.28469
-0.29028
-0.29028
-0.32943
-0.32943
-0.42983
-0.42983
-0.39628
-0.39628
-0.22877
-0.22877
-0.18988
-0.18988
0.044475
0.044475
-0.094809
-0.094809
-0.19548
-0.19548
-0.10599
-0.10599
-0.18988
-0.18988
-0.21199
-0.21199
-0.12836
-0.12836
0
0
-0.38536
-0.38536
-0.50813
-0.50813
-0.03329
-0.03329
-0.044475
-0.044475
0.30706
0.30706
0.30147
0.30147
0.2791
0.2791
0.50254
0.50254
0.58084
0.58084
0.47458
0.47458
0.44661
0.44661
0.44102
0.44102
0.44102
0.44102
-0.038882
-0.038882
0.25114
0.25114
0.12836
0.12836
0.48017
0.48017
0.12277
0.12277
0.078031
0.078031
0.2791
0.2791
0.15073
0.15073
-0.061253
-0.061253
0.12836
0.12836
-0.29028
-0.29028
-0.22877
-0.22877
-0.21199
-0.21199
-0.40187
-0.40187
-0.25673
-0.25673
-0.25114
-0.25114
-0.42983
-0.42983
-0.25673
-0.25673
-0.4578
-0.4578
-0.2791
-0.2791
0.038882
0.038882
-0.14514
-0.14514
-0.15633
-0.15633
-0.18429
-0.18429
-0.22317
-0.22317
-0.21199
-0.21199
-0.16192
-0.16192
-0.1787
-0.1787
-0.089216
-0.089216
-0.61972
-0.61972
-0.18988
-0.18988
-0.0053263
-0.0053263
-0.061253
-0.061253
0.21758
0.21758
0.038882
0.038882
0.41306
0.41306
0.76513
0.76513
0.40746
0.40746
0.33503
0.33503
0.72598
0.72598
0.15633
0.15633
0.34062
0.34062
-0.11159
-0.11159
0.25114
0.25114
0.12836
0.12836
0.40187
0.40187
0.16751
0.16751
0.14514
0.14514
0.22877
0.22877
0.19548
0.19548
0.16192
0.16192
0.066845
0.066845
-0.061253
-0.061253
-0.03329
-0.03329
-0.2791
-0.2791
-0.30706
-0.30706
-0.21199
-0.21199
0.0053263
0.0053263
-0.16751
-0.16751
0
0
-0.43543
-0.43543
-0.13955
-0.13955
0.044475
0.044475
0.05566
0.05566
-0.23436
-0.23436
-0.15073
-0.15073
-0.13396
-0.13396
-0.12836
-0.12836
-0.32943
-0.32943
-0.27351
-0.27351
-0.21199
-0.21199
-0.27351
-0.27351
-0.066845
-0.066845
-0.23995
-0.23995
-0.3518
-0.3518
0.3574
0.3574
0.1004
0.1004
0.21199
0.21199
0.21199
0.21199
0.32943
0.32943
0.23995
0.23995
0.19548
0.19548
0.20639
0.20639
0.40187
0.40187
0.044475
0.044475
0.2791
0.2791
0.33503
0.33503
0.52491
0.52491
0.31825
0.31825
0.25114
0.25114
0.30147
0.30147
0.22317
0.22317
0.29588
0.29588
-0.066845
-0.066845
-0.1004
-0.1004
-0.0053263
-0.0053263
-0.19548
-0.19548
-0.19548
-0.19548
-0.19548
-0.19548
-0.15633
-0.15633
-0.17311
-0.17311
-0.14514
-0.14514
-0.48017
-0.48017
-0.16751
-0.16751
-0.24554
-0.24554
-0.078031
-0.078031
-0.1787
-0.1787
-0.25114
-0.25114
-0.16192
-0.16192
-0.11159
-0.11159
-0.28469
-0.28469
-0.14514
-0.14514
-0.26791
-0.26791
-0.23995
-0.23995
0.010919
0.010919
-0.13396
-0.13396
-0.0053263
-0.0053263
-0.10599
-0.10599
0.2008
0.2008
0.16192
0.16192
0.40746
0.40746
0.3518
0.3518
-0.038882
-0.038882
0.0053263
0.0053263
0.64768
0.64768
0.44102
0.44102
0.33503
0.33503
0.31825
0.31825
0.20639
0.20639
0.42983
0.42983
0.22317
0.22317
0.12836
0.12836
0.11159
0.11159
0.10599
0.10599
0.066845
0.066845
-0.038882
-0.038882
0
0
0.010919
0.010919
-0.1787
-0.1787
-0.36299
-0.36299
-0.30147
-0.30147
-0.19548
-0.19548
-0.27351
-0.27351
-0.26791
-0.26791
-0.12277
-0.12277
-0.072438
-0.072438
-0.050067
-0.050067
-0.044475
-0.044475
-0.03329
-0.03329
-0.094809
-0.094809
-0.094809
-0.094809
-0.050067
-0.050067
-0.022104
-0.022104
-0.016512
-0.016512
0.016512
0.016512
0.038882
0.038882
0.050067
0.050067
0.083623
0.083623
0.12836
0.12836
0.1004
0.1004
0.10599
0.10599
0.072438
0.072438
0.044475
0.044475
0.03329
0.03329
-0.010919
-0.010919
-0.016512
-0.016512
-0.038882
-0.038882
-0.05566
-0.05566
-0.044475
-0.044475
-0.03329
-0.03329
-0.027697
-0.027697
-0.016512
-0.016512
0.0053263
0.0053263
0.010919
0.010919
0.027697
0.027697
0.0053263
0.0053263
0.016512
0.016512
0.022104
0.022104
0.016512
0.016512
0.016512
0.016512
0.0053263
0.0053263
-0.0053263
-0.0053263
0.0053263
0.0053263
0.016512
0.016512
-0.010919
-0.010919
-0.03329
-0.03329
-0.0053263
-0.0053263
-0.010919
-0.010919
0.0053263
0.0053263
0
0
-0.027697
-0.027697
-0.044475
-0.044475
-0.038882
-0.038882
-0.022104
-0.022104
-0.010919
-0.010919
-0.010919
-0.010919
0.0053263
0.0053263
0.016512
0.016512
0.016512
0.016512
0.027697
0.027697
0.0053263
0.0053263
-0.010919
-0.010919
-0.016512
-0.016512
-0.022104
-0.022104
-0.010919
-0.010919
-0.016512
-0.016512
-0.022104
-0.022104
-0.022104
-0.022104
-0.0053263
-0.0053263
-0.022104
-0.022104
-0.010919
-0.010919
0.0053263
0.0053263
-0.0053263
-0.0053263
-0.016512
-0.016512
-0.0053263
-0.0053263
-0.016512
-0.016512
-0.038882
-0.038882
-0.022104
-0.022104
-0.027697
-0.027697
-0.010919
-0.010919
-0.010919
-0.010919
-0.010919
-0.010919
-0.022104
-0.022104
-0.027697
-0.027697
-0.010919
-0.010919
-0.0053263
-0.0053263
0.022104
0.022104
0.027697
0.027697
0.0053263
0.0053263
0.0053263
0.0053263
0.016512
0.016512
0.03329
0.03329
0.0053263
0.0053263
0.027697
0.027697
0.0053263
0.0053263
-0.0053263
-0.0053263
-0.016512
-0.016512
-0.016512
-0.016512
-0.010919
-0.010919
-0.010919
-0.010919
-0.016512
0
0
0
0
0
0.0053263
0.0053263
0
0
0.0053263
0.0053263
0
0
0
0
-0.0053263
-0.0053263
0
0
0
0
0
0
-0.0053263
-0.0053263
0
0
0.0053263
0.0053263
-0.0053263
-0.0053263
0.0053263
0.0053263
0
0
-0.010919
-0.010919
-0.022104
-0.022104
-0.010919
-0.010919
0.010919
0.010919
0
0
0.0053263
0.0053263
0.010919
-0.0053263
-0.0053263
-0.0053263
-0.0053263
-0.0053263
-0.0053263
-0.0053263
-0.0053263
0.0053263
0.0053263
-0.010919
-0.010919
0.0053263
0.0053263
0
0
-0.0053263
-0.0053263
0
-0.0053263
-0.0053263
0
0
0.0053263
0.0053263
0
0
0
0
0.010919
0.010919
0.0053263
0.0053263
0.016512
0.016512
-0.0053263
-0.0053263
0.0053263
0.0053263
-0.0053263
-0.0053263
0
0
0.0053263
0.0053263
-0.0053263
-0.0053263
0
0
0
0
-0.0053263
-0.010919
0.0053263
0.0053263
0
0
0.010919
0.010919
0.016512
0.016512
0.027697
0.027697
-0.0053263
-0.0053263
0.0053263
0.0053263
0.016512
0.016512
0.05566
0.05566
0.038882
0.038882
0.061253
0.061253
0.11159
0.11159
0.089216
0.089216
0.061253
0.061253
0.038882
0.038882
0.10599
0.10599
-0.03329
-0.03329
-0.12836
-0.12836
-0.22317
-0.22317
0.0053263
-0.1004
-0.18429
-0.18429
-0.25673
-0.25673
-0.12836
-0.12836
-0.28469
-0.28469
-0.73157
-0.73157
-0.43543
-0.43543
-0.15073
-0.15073
-0.21199
-0.21199
-0.083623
-0.083623
-0.19548
-0.19548
0.13396
0.13396
0.2791
0.2791
0.25114
0.25114
0.20639
0.20639
0.4578
0.4578
0.72598
0.72598
0.49695
0.49695
0.54169
0.2791
0.24554
0.24554
0.43543
0.43543
0.43543
0.43543
0.90468
0.90468
0.55846
0.55846
-0.0053263
-0.0053263
0.1787
0.1787
-0.38536
-0.38536
-0.34621
-0.34621
-0.37977
-0.37977
-0.17311
-0.17311
0.089216
0.089216
0.17311
0.17311
0.42424
0.42424
0.30147
0.30147
0.072438
0.072438
-0.3574
-0.3574
-0.26791
-0.26791
-0.64209
-0.64209
-0.72039
-0.72039
-1.2173
-1.2173
0.1004
0.1004
-0.34062
-0.34062
-0.77072
-0.77072
-0.39095
-0.39095
-0.29028
0.16192
0.11718
0.11718
-0.1004
-0.1004
-0.12277
-0.12277
0.038882
0.038882
0.41306
0.41306
0.79282
0.79282
1.089
1.089
0.40746
0.40746
0.027697
0.027697
0.51372
0.51372
0.39095
0.39095
0.74835
0.74835
0.76513
0.76513
0.8879
0.8879
0.21758
0.21758
0.022104
0.022104
-0.12836
-0.12836
-0.078031
-0.078031
-0.10599
-0.10599
-0.3574
-0.3574
-0.31266
-0.31266
0.03329
0.03329
-0.044475
-0.044475
-0.29588
-0.29588
-0.15073
-0.15073
-0.43543
-0.43543
-0.42424
-0.42424
-0.46339
-0.46339
-0.74276
-0.74276
-0.74276
-0.74276
-0.6365
-0.6365
-0.68683
-0.68683
-0.74276
0.13396
-0.26791
-0.26791
-0.11159
-0.11159
0.15633
0.15633
0.15633
0.15633
0.34062
0.34062
0.31266
0.31266
-0.089216
-0.089216
0.44102
0.44102
0.1004
0.9606
0.53609
0.53609
0.089216
0.089216
0.65887
0.65887
0.57524
0.57524
0.56406
0.56406
0.50254
0.50254
0.4522
0.4522
0.9883
0.9883
-0.31825
-0.31825
0.16751
0.16751
-0.3574
-0.3574
-0.58084
-0.58084
-0.31825
-0.31825
-0.34621
-0.34621
-0.3518
-0.3518
-0.26791
-0.26791
-0.16192
-0.16192
0.15633
0.15633
-0.022104
-0.022104
-0.13396
-0.13396
-0.58084
-0.73716
-0.73716
-0.64209
-0.64209
-0.50813
-0.50813
-0.68683
-0.68683
-0.99948
-0.99948
-0.37977
-0.37977
-0.022104
-0.022104
-0.25114
-0.25114
-0.17311
-0.17311
0.044475
0.044475
0.16192
0.16192
0.19548
0.19548
0.22317
0.22317
-0.022104
-0.022104
0.36299
0.36299
0.089216
0.089216
0.85434
0.85434
0.98271
0.98271
0.23436
0.23436
0.22877
0.22877
0.5305
0.5305
0.58084
0.58084
0.39095
0.39095
0.54728
0.54728
0.67005
0.67005
0.84875
0.84875
0.9606
0.9606
0.40187
0.40187
-0.022104
-0.022104
0.03329
0.03329
-0.37417
-0.37417
-0.37977
-0.37977
-0.23436
-0.23436
-0.53609
-0.53609
-0.44102
-0.44102
-0.11159
-0.11159
-0.10599
-0.10599
0.03329
0.03329
-0.03329
-0.03329
-0.55846
-0.55846
-0.39628
-0.39628
-0.40746
-0.40746
-0.75394
-0.75394
-0.83756
-0.83756
-0.7819
-0.7819
-0.8096
-0.8096
-0.77631
-0.77631
-0.44102
-0.44102
0.27351
0.27351
-0.41865
-0.41865
0.0053263
0.0053263
0
0
0.22877
0.22877
0.2008
0.2008
0.18429
0.18429
-0.066845
-0.066845
0.42424
0.42424
0.072438
0.072438
0.50813
0.50813
1.0107
1.0107
0.31266
0.31266
0.3518
0.3518
0.51932
0.51932
0.46898
0.46898
0.44102
0.44102
0.64768
0.64768
0.89908
0.89908
0.64209
0.64209
0.16192
0.16192
0.0053263
0.0053263
-0.010919
-0.010919
0.13396
0.13396
-0.31825
-0.31825
-0.31266
-0.31266
-0.22317
-0.22317
-0.47458
-0.47458
-0.48576
-0.48576
-0.061253
-0.061253
-0.10599
-0.10599
0.078031
0.078031
-0.11159
-0.11159
-0.54169
-0.54169
-0.15073
-0.15073
-0.7092
-0.7092
-0.83197
-0.83197
-0.77631
-0.77631
-0.68683
-0.68683
-0.7819
-0.7819
-0.89349
-0.89349
-0.25114
-0.25114
0.083623
0.083623
-0.44661
-0.44661
-0.18988
-0.18988
-0.016512
-0.016512
0.20639
0.20639
0.32384
0.32384
0.21758
0.21758
-0.078031
-0.078031
0.19548
0.19548
0.13396
0.13396
1.033
1.033
0.97179
0.97179
0.42424
0.42424
0.16192
0.16192
0.48017
0.48017
0.49695
0.49695
0.12836
0.12836
0.75394
0.75394
0.7092
0.7092
0.73716
0.73716
0.78723
0.78723
0.1004
0.1004
0.1787
0.1787
0.044475
0.044475
-0.48576
-0.48576
-0.33503
-0.33503
-0.31266
-0.31266
-0.54169
-0.54169
-0.44102
-0.44102
-0.038882
-0.038882
-0.094809
-0.094809
0.027697
0.027697
-0.23995
-0.23995
-0.41306
-0.41306
-0.40187
-0.40187
-0.50254
-0.50254
-0.61412
-0.61412
-0.84875
-0.84875
-0.67005
-0.67005
-0.87112
-0.87112
-1.1002
-1.1002
-0.40746
-0.40746
0.26791
0.26791
-0.40187
-0.40187
-0.2008
-0.2008
0.078031
0.078031
0.17311
0.17311
0.25673
0.25673
0.3518
0.14514
0.15073
0.15073
0.72598
0.72598
0.83197
0.83197
0.42983
0.42983
0.34621
0.34621
0.3518
0.3518
0.73716
0.73716
0.4522
0.4522
0.61412
0.61412
0.79842
0.79842
0.37417
0.37417
0.044475
0.044475
-0.061253
-0.061253
-0.083623
-0.083623
-0.32943
-0.32943
-0.3518
-0.3518
-0.32943
-0.32943
-0.28469
-0.28469
-0.11159
-0.11159
-0.05566
-0.05566
-0.03329
-0.58643
-0.49695
-0.49695
-0.70361
-0.70361
-0.58084
-0.58084
-0.72039
-0.72039
-0.57524
-0.57524
-0.69242
-0.69242
-1.0946
-1.0946
-0.12277
-0.12277
0.51932
0.51932
-0.3574
-0.3574
-0.29588
0.19548
0.30147
0.30147
0.17311
0.17311
0.0053263
0.0053263
-0.050067
-0.050067
0.2008
0.2008
0.64768
0.64768
0.83197
0.83197
0.47458
0.47458
0.038882
0.038882
0.49695
0.49695
0.53609
0.53609
0.60294
0.60294
0.55846
0.55846
0.42983
0.42983
0.87671
0.87671
0.77631
0.77631
0.33503
0.0053263
-0.30706
-0.30706
-0.30706
-0.30706
-0.2791
-0.2791
-0.26791
-0.26791
-0.37977
-0.37977
-0.11159
-0.11159
-0.03329
-0.03329
0.044475
0.044475
-0.072438
-0.072438
-0.31825
-0.31825
-0.29588
-0.29588
-0.53609
-0.53609
-0.61412
-0.61412
-0.72598
-0.72598
-0.66446
-0.66446
-0.73157
-0.73157
-0.77072
0.016512
-0.40187
-0.40187
-0.15633
-0.15633
-0.072438
-0.072438
0.05566
0.05566
0.32384
0.32384
0.15073
0.15073
-0.15633
-0.15633
0.31266
0.31266
0.027697
0.027697
0.79282
0.79282
1.0051
1.0051
0.56406
0.56406
0.3574
0.3574
0.56965
0.56965
0.40746
0.40746
0.32943
0.32943
0.50254
0.50254
0.48576
0.48576
0.083623
0.083623
-0.1004
-0.1004
-0.18988
-0.18988
-0.016512
-0.016512
-0.40187
-0.40187
-0.36858
-0.36858
-0.26791
-0.26791
-0.38536
-0.38536
-0.10599
-0.10599
-0.12277
-0.12277
-0.1004
-0.1004
0.072438
0.072438
-0.50254
-0.50254
-0.46898
-0.46898
-0.44661
-0.44661
-0.71479
-0.71479
-0.76513
-0.76513
-0.67564
-0.67564
-0.64209
-0.64209
-1.1617
0.27351
-0.41306
-0.41306
0.03329
0.03329
0.10599
0.10599
0.15073
0.15073
0.11718
0.11718
0.12277
0.12277
0.15073
0.15073
0.28469
0.28469
0.094809
0.094809
0.7092
0.7092
0.84316
0.84316
0.40746
0.40746
0.42983
0.42983
0.39628
0.39628
0.21758
0.21758
0.41306
0.41306
0.52491
0.52491
0.97738
0.97738
0.078031
0.078031
-0.25114
-0.25114
-0.044475
-0.044475
-0.22317
-0.22317
-0.3518
-0.3518
-0.3574
-0.3574
-0.31266
-0.31266
-0.34062
-0.34062
-0.078031
-0.078031
0.03329
0.03329
-0.16751
-0.16751
-0.20639
-0.20639
-0.59175
-0.59175
-0.11718
-0.11718
-0.48576
-0.48576
-0.62531
-0.62531
-0.67005
-0.67005
-0.50254
-0.50254
-0.68683
-0.68683
-0.6365
-0.6365
-0.22317
-0.22317
-0.12277
-0.12277
0.022104
0.022104
0.17311
0.17311
0.22317
0.22317
0.094809
0.094809
0
0
0.13396
0.13396
0.36299
0.36299
0.69242
0.69242
0.9606
0.9606
0.39095
0.39095
0.094809
0.094809
0.44102
0.44102
0.40187
0.40187
0.46339
0.46339
0.64768
0.64768
0.60294
0.60294
0.59175
0.59175
0.73716
0.73716
0.25673
0.25673
-0.094809
-0.094809
-0.25673
-0.25673
-0.23995
-0.23995
-0.30147
-0.30147
-0.44102
-0.44102
-0.36858
-0.36858
-0.38536
-0.38536
-0.11159
-0.11159
0.038882
0.038882
-0.12836
-0.12836
-0.10599
-0.10599
-0.5305
-0.5305
-0.23995
-0.23995
-0.25673
-0.25673
-0.58084
-0.58084
-0.61972
-0.61972
-0.42424
-0.42424
-0.58643
-0.58643
-1.4967
-1.4967
-0.1787
-0.1787
0.38536
0.38536
-0.40746
-0.40746
-0.2008
-0.2008
-0.03329
-0.03329
0.050067
0.050067
0.2791
0.2791
0.11718
0.11718
-0.061253
-0.061253
0.11718
0.11718
0.21758
0.21758
0.69242
0.69242
0.86553
0.86553
0.53609
0.53609
0.17311
0.17311
0.51932
0.51932
0.56965
0.56965
0.30706
0.30706
0.6309
0.6309
0.26791
0.26791
0.76513
0.76513
0.74835
0.74835
0.32943
0.32943
-0.044475
-0.044475
-0.038882
-0.038882
-0.27351
-0.27351
-0.48576
-0.48576
-0.53609
-0.53609
-0.22317
-0.22317
-0.40187
-0.40187
-0.12836
-0.12836
-0.050067
-0.050067
0.17311
0.17311
-0.05566
-0.05566
-0.51932
-0.51932
-0.42983
-0.42983
-0.29028
-0.29028
-0.67005
-0.67005
-0.72039
-0.72039
-0.5305
-0.5305
-0.67564
-0.67564
-0.51372
-0.51372
-0.34062
-0.34062
0.30147
0.30147
-0.43543
-0.43543
-0.089216
-0.089216
0.050067
0.050067
-0.016512
-0.016512
0.15633
0.15633
0.17311
0.17311
-0.23436
-0.23436
0.31825
0.31825
0.23436
0.23436
0.49135
0.49135
1.0722
1.0722
0.4522
0.4522
0.31825
0.31825
0.41306
0.41306
0.47458
0.47458
0.43543
0.43543
0.55287
0.55287
0.72598
0.72598
0.94942
0.94942
0.36299
0.36299
0.61412
0.61412
-0.083623
-0.083623
-0.23995
-0.23995
-0.094809
-0.094809
-0.3574
-0.3574
-0.49695
-0.49695
-0.51372
-0.51372
-0.31825
-0.31825
-0.23995
-0.23995
0.022104
0.022104
-0.010919
-0.010919
-0.34062
-0.34062
-0.50254
-0.50254
-0.43543
-0.43543
-0.30706
-0.30706
-0.67564
-0.67564
-0.7819
-0.7819
-0.58643
-0.58643
-0.72598
-0.72598
-0.56406
-0.56406
-0.39628
-0.39628
0.42424
0.42424
-0.32384
-0.32384
-0.16751
-0.16751
0.044475
0.044475
0.15073
0.15073
0.28469
0.28469
0.12836
0.12836
-0.022104
-0.022104
0.21199
0.21199
0.28469
0.28469
0.73716
0.73716
1.1002
1.1002
0.58084
0.58084
0.18429
0.18429
0.58084
0.58084
0.40187
0.40187
0.58643
0.58643
0.54169
0.54169
0.6365
0.6365
0.77631
0.77631
0.84316
0.84316
0.28469
0.28469
-0.12277
-0.12277
-0.05566
-0.05566
-0.12277
-0.12277
-0.5305
-0.5305
-0.27351
-0.27351
-0.42424
-0.42424
-0.47458
-0.47458
-0.12836
-0.12836
0.027697
0.027697
0.010919
0.010919
-0.094809
-0.094809
-0.52491
-0.52491
-0.2791
-0.2791
-0.60853
-0.60853
-0.69801
-0.69801
-0.69801
-0.69801
-0.61412
-0.61412
-0.75394
-0.75394
-0.81519
-0.81519
-0.49695
-0.49695
0.3574
0.3574
-0.4522
-0.4522
-0.11718
-0.11718
-0.022104
-0.022104
0.05566
0.05566
0.1004
0.1004
0.18429
0.18429
0
0
0.2791
0.2791
0.12836
0.12836
0.69242
0.69242
1.033
1.033
0.39095
0.39095
0.022104
0.022104
0.59735
0.59735
0.55846
0.55846
0.69801
0.69801
0.55287
0.55287
0.47458
0.47458
0.58643
0.58643
0.2008
0.2008
0.40746
0.40746
0.19548
0.19548
0.12277
0.12277
-0.12836
-0.12836
-0.21758
-0.21758
-0.37417
-0.37417
-0.40187
-0.40187
-0.49135
-0.49135
-0.2791
-0.2791
-0.30147
-0.30147
-0.40746
-0.40746
-0.25673
-0.25673
-0.066845
-0.066845
-0.094809
-0.094809
-0.13955
-0.13955
-0.14514
-0.14514
-0.25673
-0.25673
-0.30147
-0.30147
-0.26791
-0.26791
-0.13955
-0.13955
-0.14514
-0.14514
-0.22877
-0.22877
-0.15633
-0.15633
-0.083623
-0.083623
-0.05566
-0.05566
-0.027697
-0.027697
0.11159
0.11159
0.15073
0.15073
0.12277
0.12277
0.16751
0.16751
0.23995
0.23995
0.2008
0.2008
0.15073
0.15073
0.12836
0.12836
0.15633
0.15633
0.027697
0.027697
0.010919
0.010919
0.03329
0.03329
0.0053263
0.0053263
-0.03329
-0.03329
-0.038882
-0.038882
-0.022104
-0.022104
-0.010919
-0.010919
-0.016512
-0.016512
-0.0053263
-0.0053263
-0.010919
-0.010919
-0.022104
-0.022104
-0.016512
-0.016512
-0.010919
-0.010919
-0.0053263
-0.0053263
0.0053263
0.0053263
0.016512
0.016512
0.016512
0.016512
0
0
0.010919
0.010919
-0.0053263
-0.0053263
-0.010919
-0.010919
-0.016512
-0.010919
-0.0053263
-0.0053263
0.0053263
0.0053263
0.010919
0.010919
-0.0053263
-0.0053263
-0.010919
-0.010919
0.0053263
0.0053263
-0.010919
-0.010919
0
0
0
0
0
0
0.010919
0.010919
0.0053263
0.0053263
-0.0053263
-0.0053263
0.010919
0.010919
0
0
0
0
-0.0053263
-0.0053263
0
0
0.0053263
0.0053263
-0.027697
-0.027697
-0.010919
-0.010919
0.022104
0.022104
0
0
0.010919
0.010919
0.0053263
0.0053263
0.027697
0.027697
-0.0053263
-0.0053263
0.010919
0.010919
0.016512
0.016512
0.0053263
0.0053263
0
0
0.010919
0.010919
0
0
0.022104
0.022104
0
0
0.0053263
0.0053263
0.022104
0.022104
0.038882
0.038882
0.022104
0.022104
0.0053263
0.0053263
0.016512
0.016512
0.0053263
0.0053263
0.016512
0.016512
0
0
-0.016512
-0.016512
-0.027697
-0.027697
0
0
-0.016512
-0.016512
-0.010919
-0.010919
-0.010919
-0.010919
0
0
0
0
-0.016512
-0.016512
0.0053263
0.0053263
0.038882
0.038882
0.094809
0.089216
0.089216
0.13955
0.13955
0.14514
0.14514
0.1004
0.1004
0.016512
0.016512
-0.044475
-0.044475
0.083623
0.083623
0.16192
0.16192
0.13955
0.13955
0.11718
0.11718
0
0
-0.094809
-0.094809
-0.26232
-0.26232
-0.15073
-0.15073
-0.078031
-0.078031
0.17311
0.17311
-0.03329
-0.17311
-0.41306
-0.41306
-0.6309
-0.6309
-0.36299
-0.36299
0.016512
0.016512
-0.24554
-0.24554
-0.37417
-0.37417
-0.22317
-0.22317
-0.15073
-0.15073
-0.066845
-0.066845
-0.094809
-0.094809
-0.083623
-0.083623
0.16751
0.16751
0.05566
0.05566
0.13396
0.13396
-0.022104
-0.022104
-0.16751
-0.16751
0.05566
0.05566
-0.19548
-0.19548
0.18988
0.18988
0.010919
0.010919
-0.36299
-0.36299
0.03329
0.03329
0.37417
0.37417
-0.05566
-0.05566
-0.54728
-0.54728
0.038882
0.038882
0.39628
0.39628
0.34621
0.34621
0.76513
0.76513
0.56406
0.56406
0.75394
0.75394
0.5305
0.5305
-0.1004
-0.1004
0.31825
0.31825
0.27351
0.27351
-0.29028
-0.29028
-0.30147
-0.30147
-0.16751
-0.16751
-0.29028
-0.29028
-0.26791
-0.26791
0.010919
0.010919
0.30147
0.30147
0.061253
0.061253
-0.1004
-0.1004
-0.22317
-0.22317
-0.22877
-0.22877
-0.16751
-0.16751
-0.13955
-0.13955
-0.2791
-0.2791
-0.22317
-0.22317
-0.34621
-0.34621
0.078031
0.078031
-0.58084
-0.58084
-0.32384
-0.32384
-0.37417
-0.37417
0.15073
0.15073
-0.027697
-0.027697
0.072438
0.072438
-0.19548
-0.19548
-0.11718
-0.11718
0.066845
0.066845
0.31266
0.52491
0.52491
0.48017
0.48017
0.16192
0.16192
0.55287
0.55287
0.22317
0.22317
0.65327
0.65327
-0.11159
-0.11159
0.078031
0.078031
0.72039
0.72039
0.1787
0.1787
-0.15633
-0.15633
0.027697
0.027697
0.21199
0.21758
0.12836
0.12836
0.038882
0.038882
0.18988
0.18988
0.3574
0.3574
-0.066845
-0.066845
-0.24554
-0.24554
-0.19548
-0.19548
-0.16751
-0.16751
-0.18988
-0.18988
-0.25673
-0.25673
-0.44661
-0.44661
-0.37417
-0.37417
-0.46898
-0.46898
-0.34621
-0.34621
0.027697
0.027697
-0.40746
-0.40746
-0.15073
-0.15073
-0.54728
-0.54728
-0.18988
-0.18988
-0.23995
-0.23995
-0.11718
-0.11718
-0.11159
-0.26791
-0.13955
-0.13955
0.13955
0.13955
-0.74835
-0.74835
0.38536
0.38536
0.95501
0.95501
0.41865
0.41865
0.49695
0.49695
0.37977
0.37977
0.48576
0.48576
0.078031
0.078031
0.010919
0.010919
0.79842
0.79842
0.27351
0.27351
0.03329
0.03329
0.038882
0.038882
0.18988
0.18988
-0.061253
-0.061253
0.40746
0.40746
0.038882
0.038882
0.24554
0.24554
-0.027697
-0.027697
0.28469
0.28469
-0.2008
-0.2008
-0.15073
-0.15073
-0.24554
-0.24554
-0.36858
-0.36858
-0.36299
-0.36299
-0.1787
-0.1787
-0.36858
-0.36858
-0.32384
-0.32384
-0.089216
-0.089216
-0.27351
-0.27351
0.03329
0.03329
-0.21199
-0.21199
-0.2791
-0.2791
-0.30706
-0.30706
-0.21199
-0.21199
0.022104
0.022104
-0.12277
-0.12277
-0.15073
-0.15073
-0.10599
-0.82079
0.37417
0.37417
0.67005
0.67005
0.50254
0.50254
0.21758
0.21758
0.37977
0.37977
0.46898
0.46898
0.11718
0.11718
-0.022104
-0.022104
0.4578
0.4578
0.67005
0.67005
-0.10599
-0.10599
0.18988
0.18988
0.31266
0.31266
0.32384
0.32384
0.22877
0.22877
0.14514
0.14514
0.2791
0.2791
-0.089216
-0.089216
-0.20639
-0.20639
-0.26232
-0.26232
-0.25114
-0.25114
-0.34621
-0.34621
-0.48017
-0.48017
-0.40746
-0.40746
-0.31825
-0.31825
-0.40187
-0.40187
-0.29588
-0.29588
-0.25114
-0.25114
-0.32943
-0.32943
-0.094809
-0.094809
-0.51932
-0.51932
-0.39095
-0.39095
-0.41306
-0.41306
-0.19548
-0.19548
0.016512
0.016512
-0.4522
-0.4522
-0.14514
-0.14514
-0.77072
-0.77072
0.24554
0.24554
0.9606
0.9606
0.42424
0.42424
0.16751
0.16751
0.68124
0.68124
0.72598
0.72598
0.078031
0.078031
-0.12836
-0.12836
0.19548
0.19548
0.75953
0.75953
0.37417
0.37417
0.16751
0.16751
0.44102
0.44102
0.31266
0.31266
0.39628
0.39628
0.60294
0.60294
0.44661
0.44661
0.03329
0.03329
0.36299
0.36299
-0.094809
-0.094809
-0.12836
-0.12836
-0.24554
-0.24554
-0.33503
-0.33503
-0.43543
-0.43543
-0.44102
-0.44102
-0.5305
-0.5305
-0.26232
-0.26232
-0.31266
-0.31266
-0.22317
-0.22317
-0.3518
-0.3518
-0.44661
-0.44661
-0.41306
-0.41306
-0.61972
-0.61972
-0.43543
-0.43543
-0.57524
-0.57524
-0.26232
-0.26232
-0.089216
-0.089216
-0.33503
-0.33503
-0.28469
-0.28469
-0.13396
-0.13396
0.21199
0.21199
-1.0219
-1.0219
0.11718
0.11718
0.46898
0.46898
0.71479
0.71479
0.44102
0.44102
0.37417
0.37417
0.69242
0.69242
0.34062
0.34062
-0.022104
1.089
1.089
0.51932
0.51932
0.40187
0.40187
0.016512
0.016512
0.64768
0.64768
0.9883
0.9883
0.71479
0.71479
0.59175
0.59175
0.31825
0.31825
0.34062
0.34062
0.038882
0.038882
-0.038882
-0.038882
-0.14514
-0.14514
-0.25673
-0.25673
-0.31266
-0.31266
-0.42424
-0.42424
-0.51372
-0.51372
-0.37417
-0.37417
-0.37417
-0.37417
-0.60294
-0.60294
-0.23436
-0.23436
-0.54728
-0.54728
-0.36858
-0.75394
-0.68124
-0.68124
-0.48576
-0.48576
0.038882
0.038882
-0.64768
-0.64768
-0.41306
-0.41306
-0.061253
-0.061253
-0.21199
-0.21199
-0.92145
-0.92145
0.19548
0.19548
0.54728
0.54728
0.57524
0.57524
0.77631
0.77631
0.75953
0.75953
0.70361
0.70361
0.34062
0.34062
0.31266
0.31266
-0.22877
-0.22877
0.21199
0.21199
1.2285
1.2285
0.83197
0.83197
0.52491
0.52491
0.67564
0.67564
1.0946
1.0946
1.1281
1.1281
0.59175
0.59175
0.70361
0.70361
0.47458
0.47458
0.28469
-0.15633
-0.15633
-0.31825
-0.31825
-0.5305
-0.5305
-0.36299
-0.36299
-0.59735
-0.59735
-0.42983
-0.42983
-0.36299
-0.36299
-0.6365
-0.6365
-0.99389
-0.99389
-0.54169
-0.54169
-0.85434
-0.85434
-0.50813
-0.50813
-1.0107
-1.0107
-0.87112
-0.87112
-0.76513
-0.76513
-0.6309
-0.6309
-1.0554
-1.0554
-0.26791
-0.26791
-0.31266
-0.31266
0.13955
0.13955
-0.13396
-0.13396
0.46898
0.46898
0.8096
0.8096
0.61412
0.61412
0.6365
0.6365
0.82079
0.82079
0.88231
0.88231
0.67005
0.67005
0.65327
0.65327
0.15073
0.15073
0.43543
0.43543
0.79282
0.79282
0.51372
0.51372
-0.027697
-0.027697
0.61412
0.61412
0.65327
0.65327
0.60853
0.60853
0.69242
0.69242
0.47458
0.47458
0.050067
0.050067
0.05566
0.05566
0.12836
0.12836
-0.26791
-0.26791
-0.65327
-0.65327
-0.55287
-0.55287
-0.54728
-0.54728
-0.65327
-0.65327
-0.49695
-0.49695
-0.46898
-0.46898
-0.69801
-0.69801
-0.69801
-0.69801
-0.40187
-0.40187
-0.64768
-0.64768
-0.70361
-0.70361
-0.8096
-0.8096
-0.73716
-0.73716
-0.51372
-0.51372
-0.42424
-0.42424
-0.7819
-0.7819
-0.36299
-0.36299
-0.21199
-0.21199
0.32943
0.32943
-0.044475
0.47458
0.47458
0.85434
0.85434
0.94382
0.94382
0.79842
0.79842
1.0274
1.0274
0.77072
0.77072
0.58084
0.58084
0.22317
0.22317
0.93264
0.93264
0.51372
0.51372
0.44661
0.44661
-0.072438
-0.072438
0.016512
0.016512
0.55846
0.55846
0.55287
0.55287
0.75953
0.75953
0.51932
0.51932
0.18429
0.18429
0
0
-0.083623
-0.083623
-0.22317
-0.22317
-0.47458
-0.47458
-0.54169
-0.54169
-0.53609
-0.53609
-0.67005
-0.67005
-0.36858
-0.36858
-0.4578
-0.4578
-0.58084
-0.58084
-0.48576
-0.48576
-0.31825
-0.31825
-0.51932
-0.51932
-0.81519
-0.81519
-0.73716
-0.73716
-0.62531
-0.62531
-0.30147
-0.30147
-0.3574
-0.3574
-0.67564
-0.67564
-0.36858
-0.36858
-0.15633
-0.15633
0.31825
0.31825
-0.23436
-0.23436
0.48017
0.48017
0.87112
0.87112
0.94942
0.94942
0.97179
0.97179
0.8096
0.8096
1.1782
1.1782
0.89908
0.89908
0.85434
0.85434
0.1787
0.1787
0.76513
0.76513
0.41865
0.41865
0.32384
0.32384
0.027697
0.027697
0.050067
0.050067
0.078031
0.078031
0.37977
0.37977
-0.18988
-0.18988
0.022104
0.022104
0.078031
0.078031
0.050067
0.050067
0.25673
0.25673
-0.11718
-0.11718
-0.29588
-0.29588
-0.40746
-0.40746
-0.38536
-0.38536
-0.56965
-0.56965
-0.69242
-0.69242
-0.61412
-0.61412
-0.49695
-0.49695
-0.58084
-0.58084
-0.7092
-0.7092
-0.48017
-0.48017
-0.50813
-0.50813
-0.21758
-0.21758
-0.1787
-0.1787
-0.24554
-0.24554
0.083623
0.083623
0.30147
0.30147
0.43543
0.43543
0.44102
0.44102
0.47458
0.47458
0.30706
0.30706
0.29588
0.29588
0.31266
0.31266
0.23995
0.23995
0.16192
0.16192
0.14514
0.14514
0.05566
0.05566
0.0053263
0.0053263
-0.061253
-0.061253
-0.072438
-0.072438
-0.05566
-0.05566
-0.13955
-0.13955
-0.17311
-0.17311
-0.11159
-0.11159
-0.10599
-0.10599
-0.12836
-0.12836
-0.10599
-0.10599
-0.094809
-0.094809
-0.061253
-0.061253
-0.038882
-0.038882
-0.038882
-0.038882
-0.010919
-0.010919
0.010919
0.010919
0.038882
0.038882
0.044475
0.044475
0.066845
0.066845
0.094809
0.094809
0.061253
0.061253
0.038882
0.038882
0.044475
0.044475
0.05566
0.05566
0.0053263
0.0053263
0.0053263
0.0053263
-0.027697
-0.027697
-0.016512
-0.016512
-0.027697
-0.027697
-0.038882
-0.038882
-0.03329
-0.03329
-0.05566
-0.05566
-0.0053263
-0.0053263
0.016512
0.016512
0.016512
0.016512
0.016512
0.016512
0.03329
0.03329
0.010919
0.010919
0.022104
0.022104
0.0053263
0.0053263
0
0
-0.016512
-0.016512
-0.010919
-0.010919
-0.010919
-0.010919
-0.022104
-0.022104
-0.027697
-0.027697
-0.038882
-0.038882
-0.010919
-0.010919
-0.0053263
-0.0053263
-0.016512
-0.016512
0.0053263
0.0053263
0.0053263
0.0053263
0.010919
0.010919
0.022104
0.022104
0.0053263
0.0053263
0
0
0.0053263
0.0053263
0.0053263
0.0053263
0.010919
0.010919
0
0
0.0053263
0.0053263
0
0
0.022104
0.022104
0
0
0.010919
0.010919
-0.010919
-0.010919
0.010919
0.010919
0.03329
0.03329
0.027697
0.027697
0.010919
0.010919
0
0
0.010919
0.010919
-0.0053263
-0.0053263
-0.022104
-0.022104
-0.010919
-0.010919
-0.010919
-0.010919
-0.022104
-0.022104
-0.010919
-0.010919
-0.010919
-0.010919
-0.010919
-0.010919
0
0
-0.010919
-0.010919
-0.0053263
-0.0053263
-0.0053263
-0.0053263
-0.022104
-0.022104
-0.010919
-0.010919
-0.0053263
-0.0053263
-0.010919
-0.010919
0.010919
0.010919
0
0
-0.0053263
-0.0053263
-0.010919
-0.010919
-0.010919
-0.010919
0.0053263
0.0053263
-0.010919
-0.010919
0.016512
0.016512
-0.0053263
-0.0053263
0
0
0.0053263
0.0053263
0
0
-0.0053263
-0.0053263
-0.016512
-0.016512
-0.016512
-0.016512
0.0053263
0.0053263
0
0
-0.010919
-0.010919
0.0053263
0.0053263
0
0
-0.0053263
-0.0053263
0.016512
0.016512
-0.0053263
-0.0053263
0
0
0.0053263
0.0053263
-0.0053263
-0.0053263
0
0
0.022104
0.022104
0.0053263
0.0053263
0
0
-0.010919
-0.010919
-0.022104
-0.022104
-0.0053263
-0.0053263
-0.010919
-0.010919
-0.0053263
-0.0053263
0
0
-0.010919
-0.010919
0.022104
0.022104
-0.016512
-0.016512
-0.022104
-0.022104
-0.0053263
-0.0053263
0
0
-0.027697
-0.027697
0.0053263
0.0053263
0
0
-0.0053263
-0.0053263
-0.010919
-0.010919
-0.010919
-0.010919
-0.010919
-0.010919
0
0
0
0
0
0
-0.0053263
-0.0053263
0.0053263
0.0053263
-0.010919
-0.010919
-0.010919
-0.010919
-0.016512
-0.016512
0.010919
0.010919
0
0
-0.0053263
-0.0053263
-0.022104
-0.022104
-0.0053263
-0.0053263
0.016512
0.016512
0
0
-0.0053263
-0.0053263
0.0053263
0.0053263
-0.022104
-0.022104
-0.016512
-0.016512
-0.010919
-0.010919
0
0
0
0
0
0
0
0
-0.0053263
-0.0053263
0
0
-0.022104
-0.022104
-0.022104
-0.022104
0
0
-0.0053263
-0.0053263
-0.016512
-0.016512
0.0053263
0.0053263
-0.010919
-0.010919
0.016512
0.016512
0
0
0.010919
0.010919
0.010919
0.010919
-0.010919
-0.010919
-0.0053263
-0.0053263
0
0
-0.010919
-0.010919
0.0053263
0.0053263
-0.0053263
-0.0053263
0
0
0.0053263
0.0053263
0
0
-0.010919
-0.010919
0
0
0
0
-0.016512
-0.016512
-0.010919
-0.010919
-0.0053263
-0.0053263
-0.016512
-0.016512
-0.022104
-0.022104
-0.016512
-0.016512
0.0053263
0.0053263
-0.0053263
-0.0053263
-0.010919
-0.0053263
-0.010919
-0.010919
0.010919
0.010919
0
0
-0.010919
-0.010919
-0.010919
-0.010919
0
0
-0.0053263
-0.0053263
-0.022104
-0.022104
-0.022104
-0.044475
0
0
-0.016512
-0.016512
0.038882
0.038882
0.038882
0.038882
-0.03329
-0.03329
-0.044475
-0.044475
-0.03329
-0.03329
-0.038882
-0.038882
-0.03329
-0.03329
0.061253
0.11159
0.11159
0.28469
0.28469
0.1004
0.1004
0.066845
0.066845
0.21758
0.21758
0.050067
0.050067
-0.072438
-0.072438
0.31266
0.31266
0.18429
0.18429
0.13396
0.13396
0.41865
0.41865
0.14514
0.14514
-0.05566
-0.05566
-0.16751
-0.16751
-0.26791
-0.26791
-0.083623
-0.083623
-0.094809
-0.094809
-0.010919
-0.010919
-0.12836
-0.12836
-0.42983
-0.42983
-0.44661
-0.44661
-0.43543
-0.43543
-0.29028
-0.29028
-0.3518
-0.3518
-0.41865
-0.41865
-0.49695
-0.49695
-0.29028
-0.29028
-0.58643
-0.58643
-0.53609
-0.53609
-0.55846
-0.55846
-0.29588
-0.29588
-0.37417
-0.37417
-0.71479
-0.71479
-0.18429
-0.18429
0.038882
0.038882
0.28469
0.28469
0.016512
0.016512
0.44661
0.44661
0.48017
0.48017
0.52491
0.52491
0.51932
0.51932
0.44661
0.44661
0.24554
0.24554
0.40187
0.40187
0.49135
0.49135
1.0274
1.0274
0.83197
0.83197
-0.078031
-0.078031
0.29028
0.29028
0.55846
0.55846
0.80401
0.80401
0.57524
0.57524
0.68124
0.68124
0.23995
0.23995
0.027697
0.027697
0.18429
0.18429
0.050067
0.050067
-0.12277
-0.12277
-0.51372
-0.51372
-0.53609
-0.53609
-0.55846
-0.55846
-0.44661
-0.44661
-0.23995
-0.23995
-0.16192
-0.16192
-0.19548
-0.19548
-0.1787
-0.1787
-0.75953
-0.75953
-0.27351
-0.27351
-0.23436
-0.23436
-0.34621
-0.34621
-0.64209
-0.64209
-0.8096
-0.8096
-0.58084
-0.58084
0.22877
0.22877
-0.57524
-0.57524
-0.76513
-0.76513
-0.32384
-0.32384
0.038882
0.038882
-0.23436
-0.23436
0.42424
0.42424
0.50813
0.50813
0.30147
0.30147
0.26791
0.26791
0.55287
0.55287
0.26232
0.26232
0.40187
0.40187
0.29028
0.29028
1.3012
1.3012
1.2733
1.2733
0.05566
0.05566
0.28469
0.28469
0.56406
0.56406
0.94382
0.94382
0.84875
0.84875
0.6309
0.6309
0.6309
0.6309
0.16192
0.16192
0.36858
0.36858
0.12277
0.12277
-0.24554
-0.24554
-0.49695
-0.49695
-0.67005
-0.67005
-0.60853
-0.60853
-0.42983
-0.42983
-0.40187
-0.40187
-0.24554
-0.24554
-0.38536
-0.38536
-0.11159
-0.11159
-0.03329
-0.03329
-1.2117
-1.2117
-0.50254
-0.50254
-0.14514
-0.14514
-0.7819
-0.7819
-1.1057
-1.1057
0.13955
0.13955
-0.59735
-0.59735
-0.40187
-0.40187
-0.33503
-0.33503
-0.25673
-0.25673
-0.13396
-0.13396
-0.51932
-0.51932
0.13955
0.13955
0.061253
0.061253
0.41306
0.41306
0.29588
0.29588
0.55846
0.55846
0.39628
0.39628
0.41306
0.41306
0.58084
0.58084
0.34621
0.34621
1.0219
1.0219
1.0554
1.0554
0.2791
0.2791
0.072438
0.072438
1.033
1.033
0.55287
0.55287
0.56406
0.56406
0.6309
0.6309
0.59735
0.59735
0.47458
0.47458
0.57524
0.57524
0.33503
0.33503
-0.18988
-0.18988
-0.54169
-0.54169
-0.49695
-0.49695
-0.55846
-0.55846
-0.40746
-0.40746
-0.38536
-0.38536
-0.36299
-0.36299
-0.23995
-0.23995
-0.19548
-0.19548
-0.56965
-0.56965
-0.94942
-0.94942
-0.50254
-0.50254
-1.0498
-1.0498
-0.4522
-0.4522
-0.24554
-0.24554
-0.6365
-0.6365
-0.55846
-0.55846
-0.85993
-0.85993
-0.42424
-0.42424
0.38536
0.38536
-1.0778
-1.0778
-1.2006
-1.2006
-0.050067
-0.050067
-0.54169
-0.54169
0.027697
0.027697
0.83756
0.83756
0.74276
0.74276
1.0386
1.0386
0.88231
0.88231
1.0274
1.0274
0.9606
0.9606
0.55846
0.55846
0.62531
0.62531
0.34062
0.34062
0.97738
0.97738
0.97738
0.97738
0.79282
0.79282
0.97738
0.97738
1.0442
1.0442
0.49695
0.49695
0.72039
0.72039
0.58084
0.58084
0.25673
0.25673
0.083623
0.083623
-0.64209
-0.64209
-0.27351
-0.27351
-0.23995
-0.23995
-0.39628
-0.39628
-0.41306
-0.41306
-0.21199
-0.21199
-0.23436
-0.23436
-0.36299
-0.36299
-0.89349
-0.89349
-0.57524
-0.57524
-0.54169
-0.54169
-0.65887
-0.65887
-0.44661
-0.44661
-0.70361
-0.70361
-0.70361
-0.70361
-0.83197
-0.83197
-0.56965
-0.56965
-0.29588
-0.29588
-0.67564
-0.67564
-1.0834
-1.0834
0.022104
0.022104
-0.094809
-0.094809
-0.36299
-0.36299
0.15073
0.15073
0.40746
0.40746
0.16751
0.16751
0.36299
0.36299
0.49135
0.49135
0.36299
0.36299
0.49135
0.49135
0.30706
0.30706
0.56965
0.56965
0.54728
0.54728
0.51372
0.51372
0.57524
0.57524
0.49135
0.49135
0.66446
0.66446
0.60294
0.60294
0.49695
0.49695
0.34621
0.34621
0.11159
0.11159
0.17311
0.17311
0.26232
0.26232
0.05566
0.05566
0.05566
0.05566
0.14514
0.14514
-0.022104
-0.022104
-0.010919
-0.010919
0.066845
0.066845
-0.016512
-0.016512
-0.22317
-0.22317
-0.36858
-0.36858
-0.36858
-0.36858
-0.3574
-0.3574
-0.47458
-0.47458
-0.54169
-0.54169
-0.50813
-0.50813
-0.41865
-0.41865
-0.37977
-0.37977
-0.36299
-0.36299
-0.22877
-0.22877
-0.18988
-0.18988
-0.061253
-0.061253
0.016512
0.016512
0.05566
0.05566
0.12277
0.12277
0.1787
0.1787
0.20639
0.20639
0.24554
0.24554
0.26232
0.26232
0.22317
0.22317
0.17311
0.17311
0.16751
0.16751
0.12277
0.12277
0.038882
0.038882
0.050067
0.050067
0.03329
0.03329
-0.044475
-0.044475
-0.05566
-0.05566
-0.066845
-0.066845
-0.089216
-0.089216
-0.1004
-0.1004
-0.11718
-0.11718
-0.094809
-0.094809
-0.083623
-0.083623
-0.066845
-0.066845
-0.050067
-0.050067
-0.0053263
-0.0053263
0.044475
0.044475
0.050067
0.050067
0.05566
0.05566
0.044475
0.044475
0.050067
0.050067
0.022104
0.022104
0.010919
0.010919
-0.016512
-0.016512
-0.022104
-0.022104
-0.0053263
-0.0053263
-0.022104
-0.022104
-0.022104
-0.022104
-0.016512
-0.016512
-0.0053263
-0.0053263
0
0
-0.0053263
-0.0053263
-0.010919
-0.010919
-0.010919
-0.010919
0
0
-0.010919
-0.010919
0.0053263
0.0053263
0.0053263
0.0053263
-0.010919
-0.010919
0
0
-0.022104
-0.022104
-0.022104
-0.022104
-0.03329
-0.03329
-0.022104
-0.022104
-0.016512
-0.016512
-0.022104
-0.022104
0
0
0.016512
0.016512
0.0053263
0.0053263
0.016512
0.016512
-0.0053263
-0.0053263
-0.0053263
-0.0053263
-0.0053263
-0.0053263
0.0053263
0.0053263
-0.010919
-0.010919
0
0
0.010919
0.010919
0.010919
0.010919
0.038882
0.038882
0.016512
0.016512
0.027697
0.027697
0.0053263
0.0053263
0.010919
0.010919
-0.022104
-0.022104
-0.0053263
-0.0053263
-0.010919
-0.010919
0
0
-0.0053263
-0.0053263
-0.016512
-0.016512
-0.016512
-0.016512
-0.016512
-0.016512
-0.010919
-0.010919
0
0
0
0
-0.016512
-0.016512
0.022104
0.022104
-0.010919
-0.010919
-0.010919
-0.010919
-0.010919
-0.010919
-0.03329
-0.03329
-0.027697
-0.027697
0
0
0
0
0.016512
0.016512
-0.016512
-0.016512
-0.016512
-0.016512
-0.010919
-0.010919
0
0
0.016512
0.016512
-0.016512
-0.016512
0.022104
0.022104
-0.0053263
-0.0053263
0
0
0.0053263
0.0053263
0.022104
0.022104
-0.016512
-0.016512
0.010919
0.010919
-0.022104
-0.022104
-0.0053263
-0.0053263
-0.010919
-0.010919
-0.016512
-0.016512
-0.0053263
-0.0053263
0.0053263
0.0053263
0.027697
0.027697
-0.016512
-0.016512
-0.038882
-0.038882
-0.010919
-0.010919
0
0
0.0053263
0.0053263
0.016512
0.016512
0.0053263
0.0053263
0.010919
0.010919
0
0
0.016512
0.016512
0
0
0.010919
0.010919
0.016512
0.016512
-0.010919
-0.010919
-0.016512
-0.016512
0.010919
0.010919
0.016512
0.016512
-0.010919
-0.010919
-0.016512
-0.016512
-0.044475
-0.044475
-0.016512
-0.016512
-0.0053263
-0.0053263
0
0
-0.027697
-0.027697
-0.0053263
-0.0053263
0.027697
0.027697
0.0053263
0.0053263
-0.0053263
-0.0053263
0.0053263
0.0053263
-0.022104
-0.022104
-0.022104
-0.022104
-0.010919
-0.010919
-0.010919
-0.010919
0
0
-0.027697
-0.027697
-0.010919
-0.010919
-0.022104
-0.022104
-0.027697
-0.027697
-0.038882
-0.038882
0
0
-0.010919
-0.010919
0
0
0.0053263
0.0053263
-0.016512
-0.016512
0.0053263
0.0053263
-0.010919
-0.010919
0.010919
0.010919
-0.0053263
-0.0053263
-0.0053263
-0.0053263
-0.010919
-0.010919
-0.010919
-0.010919
-0.016512
-0.016512
-0.010919
-0.010919
0
0
-0.022104
-0.022104
-0.010919
-0.010919
0
0
0
0
-0.010919
-0.010919
0
0
0.016512
0.016512
-0.0053263
-0.0053263
-0.010919
-0.010919
0.0053263
0.0053263
-0.0053263
-0.0053263
-0.016512
-0.016512
0
0
-0.010919
-0.010919
-0.016512
-0.016512
-0.010919
-0.010919
0.010919
0.010919
-0.0053263
-0.0053263
0
0
0
0
-0.010919
-0.010919
-0.027697
-0.027697
-0.0053263
-0.0053263
0.0053263
0.0053263
0.010919
0.010919
0
0
-0.0053263
-0.0053263
0.027697
0.027697
-0.03329
-0.03329
0.0053263
0.0053263
-0.010919
-0.010919
0.022104
0.022104
0.0053263
0.0053263
0.016512
0.016512
-0.0053263
-0.0053263
0
0
0.0053263
0.0053263
-0.022104
-0.022104
-0.027697
-0.027697
-0.038882
-0.038882
0.0053263
0.0053263
-0.022104
-0.022104
0.0053263
0.0053263
-0.022104
-0.022104
-0.010919
-0.010919
0.0053263
0.0053263
0
0
-0.027697
-0.027697
0.0053263
0.0053263
0
0
0
0
0.010919
0.010919
0.022104
0.022104
0
0
-0.03329
-0.03329
0.0053263
0.0053263
0
0
-0.027697
-0.027697
0.0053263
0.0053263
-0.016512
-0.016512
0
0
-0.022104
-0.022104
-0.010919
-0.010919
0.0053263
0.0053263
0
0
0
0
0.010919
0.010919
-0.010919
-0.010919
0
0
-0.016512
-0.016512
0.027697
0.027697
-0.022104
-0.022104
0.016512
0.016512
-0.0053263
-0.0053263
0.010919
0.010919
-0.016512
-0.016512
0
0
0.0053263
0.0053263
-0.0053263
-0.0053263
0.016512
0.016512
0.016512
0.016512
-0.0053263
-0.0053263
0.010919
0.010919
-0.0053263
-0.0053263
-0.0053263
-0.0053263
-0.0053263
-0.0053263
-0.016512
-0.016512
0.010919
0.010919
0.027697
0.027697
0.010919
0.010919
-0.022104
-0.022104
0
0
-0.010919
-0.010919
-0.027697
-0.027697
-0.022104
-0.022104
-0.010919
-0.010919
0.016512
0.016512
0
0
-0.010919
-0.010919
0.0053263
0.0053263
0.0053263
0.0053263
0
0
-0.010919
-0.010919
-0.016512
-0.016512
-0.0053263
-0.0053263
-0.016512
-0.016512
0.016512
0.016512
0
0
0.016512
0.016512
0.010919
0.010919
-0.010919
-0.010919
-0.03329
-0.03329
-0.010919
-0.010919
-0.027697
-0.027697
-0.022104
-0.022104
-0.0053263
-0.0053263
0
0
-0.010919
-0.010919
0.027697
0.027697
0.010919
0.010919
-0.027697
-0.027697
-0.022104
-0.022104
-0.022104
-0.022104
-0.010919
-0.010919
-0.03329
-0.03329
-0.016512
-0.016512
0
0
0
0
0.016512
0.016512
0.0053263
0.0053263
0.010919
0.010919
-0.010919
-0.010919
0.0053263
0.0053263
0.010919
0.010919
0
0
-0.0053263
-0.0053263
0.0053263
0.0053263
-0.0053263
