-0.0010908
0.0021817
0
-0.0010908
-0.0010908
0.0032725
-0.0010908
-0.0010908
0.0010908
0.0010908
-0.0010908
-0.0010908
0.0010908
0.0021817
0.0021817
0.0010908
-0.0021817
0.0010908
0.0021817
0.0010908
0
-0.0010908
0.0010908
0.0010908
0.0010908
-0.0010908
0
0.0043633
0.0010908
0
-0.0032725
0
0
0
0.0010908
-0.0043633
-0.0010908
0
0
0
-0.0021817
0
-0.0010908
-0.0010908
-0.0021817
0
-0.0032725
0
0.0032725
-0.0010908
-0.0010908
-0.0021817
0.0021817
0
0.0021817
0.0010908
-0.0032725
0
-0.0010908
0
-0.0021817
-0.0010908
-0.0010908
-0.0021817
0.0021817
0.0021817
-0.0010908
-0.0021817
0.0010908
-0.0010908
0
-0.0010908
0
-0.0032725
-0.0021817
0
0
0
0
0.0010908
0.0010908
-0.0010908
0.0032725
-0.0021817
-0.0010908
-0.0010908
-0.0032725
-0.0032725
-0.0010908
0.0010908
-0.0010908
-0.0010908
0
0.0032725
0.0021817
0.0032725
0.0010908
0.0032725
-0.0021817
-0.0010908
-0.0010908
-0.0032725
0.0021817
0.0010908
-0.0010908
0
0
0.0032725
0.0010908
0
0.0010908
0.0032725
0
-0.0010908
0.0010908
0.0043633
0.0021817
-0.0032725
0.0010908
0
0.0010908
0.0010908
0.0010908
0
0.0010908
0.0010908
-0.0021817
0.0010908
-0.0010908
0
0.0021817
-0.0010908
-0.0032725
-0.0010908
0.0021817
0.0010908
0
0.0043633
0
-0.0021817
-0.0010908
0
0.0021817
0.0021817
-0.0010908
0.0010908
0.0010908
0
0
-0.0010908
0.0032725
-0.0010908
-0.0010908
-0.0021817
0.0010908
0
0.0010908
0.0010908
0.0021817
0
0.0010908
-0.0010908
-0.0010908
0.0021817
0
-0.0021817
0
0
0
0.0021817
0.0010908
0.0043633
0.0010908
0.0010908
0.0021817
0.0010908
0.0021817
-0.0032725
-0.0010908
0.0010908
-0.0021817
0.0021817
0
0.0010908
0.0043633
-0.0010908
-0.0010908
-0.0010908
0.0010908
0.0010908
0.0021817
0
0
0.0021817
-0.0010908
0.0021817
0.0021817
0.0010908
0
0
0
0.0010908
0
-0.0032725
-0.0021817
0
0
0.0021817
0
-0.0021817
0
-0.0021817
-0.0021817
0.0043633
-0.0010908
0.0010908
-0.0010908
0.0043633
-0.0010908
-0.0010908
-0.0010908
0.0021817
0.0010908
-0.0021817
0
-0.0010908
0.0021817
-0.0010908
0.0021817
0.0021817
-0.0021817
0.0032725
0.0021817
-0.0010908
-0.0010908
0
0.0032725
0.0032725
0.0021817
0.0021817
0.0010908
-0.0010908
-0.0021817
-0.0010908
0
-0.0021817
-0.0010908
0
-0.0010908
-0.0010908
0
-0.0021817
0
-0.0021817
-0.0021817
-0.0010908
0
0
0
0
-0.0032725
-0.0021817
-0.0032725
0
0
-0.0010908
-0.0021817
-0.0032725
0
0
-0.0043633
-0.0010908
-0.0021817
0.0021817
0.0021817
0
0
0
-0.0010908
-0.0010908
-0.0032725
-0.0010908
-0.0010908
0.0032725
0.0032725
0.0010908
-0.0032725
0.0010908
0.0010908
0.0010908
-0.0043633
-0.0010908
0.0010908
-0.0010908
-0.0010908
0.0010908
0
0.0043633
0.0010908
0.0010908
-0.0010908
-0.0021817
-0.0032725
0
0
0.0010908
0.0021817
0.0010908
-0.0021817
-0.0021817
0.0010908
0.0010908
0.0010908
0.0021817
0
-0.0010908
-0.0010908
0.0032725
0
0.0043633
-0.0010908
0.0021817
0.0021817
0.0010908
0.0021817
-0.0021817
0
-0.0010908
-0.0021817
-0.0010908
0.0032725
0.0010908
0
0
-0.0032725
0.0021817
0
-0.0021817
0
0
-0.0010908
0.0010908
0.0010908
-0.0010908
-0.0010908
-0.0021817
-0.0021817
0.0010908
0.0021817
-0.0010908
0.0032725
0
0.0021817
0
-0.0010908
0
0
-0.0021817
0.0021817
0.0010908
0
0.0010908
0
0.0010908
0.0010908
0.0010908
0
0.0021817
-0.0032725
-0.0032725
-0.0010908
0.0021817
0
-0.0043633
-0.0010908
0.0010908
-0.0010908
0
0
-0.0021817
0.0010908
-0.0010908
-0.0021817
0.0010908
0.0021817
0.0021817
0.0010908
-0.0010908
-0.0010908
0.0010908
-0.0010908
-0.0021817
-0.0010908
0
-0.0021817
0.0010908
0.0021817
-0.0010908
-0.0010908
-0.0021817
-0.0021817
-0.0010908
-0.0021817
0
0.0010908
0.0010908
-0.0010908
0.0010908
0.0021817
0.0021817
0.0021817
-0.0021817
-0.0032725
-0.0010908
-0.0010908
-0.0010908
-0.0010908
0
0.0010908
-0.0032725
-0.0021817
0.0010908
-0.0010908
0.0021817
0.0010908
-0.0043633
0.0010908
0
0.0021817
-0.0010908
-0.0043633
-0.0021817
-0.0010908
-0.0010908
-0.0010908
-0.0021817
0
0
0.0010908
0.0010908
0.0010908
-0.0010908
-0.0010908
0
0
0.0010908
0.0021817
0.0010908
-0.0010908
0.0010908
-0.0010908
0.0010908
0.0021817
0.0010908
0.0010908
0.0010908
-0.0010908
-0.0032725
0
-0.0021817
0.0021817
0.0021817
0.0021817
-0.0010908
0.0021817
0
0
-0.0032725
0.0032725
0.0032725
0.0032725
-0.0021817
0.0021817
-0.0010908
0.0021817
0.0010908
-0.0010908
-0.0032725
-0.0021817
0
0.0010908
0.0010908
0.0021817
-0.0010908
-0.0032725
-0.0010908
-0.0010908
-0.0010908
0
-0.0043633
0.0043633
0.0043633
0
-0.0010908
-0.0054541
-0.006545
-0.006545
-0.018544
-0.0098174
-0.011999
-0.011999
-0.0087266
-0.0087266
-0.0054541
-0.006545
-0.0032725
0.0032725
0.018544
0.018544
0.016362
0.02618
0.025089
0.02618
0.0087266
0.0087266
0.015272
0.095993
0.12763
0.13635
0.68613
0.68613
0.13526
-0.043633
-0.010908
0.01309
0
0
-0.0098174
-0.006545
0.0021817
0.0021817
0.0010908
0
0
-0.0043633
-0.0076358
-0.0021817
-0.011999
-0.011999
-0.021817
-0.017453
-0.010908
0.0010908
0.0010908
-0.062177
-0.062177
-0.18108
-0.068722
0.53669
0.76249
-0.029452
-0.029452
-0.6894
-0.8323
-0.8203
-0.6185
-0.28907
-0.28907
-0.2018
-0.19199
-0.20726
-0.0032725
0.59341
-0.14508
-0.14508
-0.10363
-0.018544
-0.0054541
0.011999
0.047996
0.047996
0.0076358
0.0076358
-0.011999
0.01309
-0.043633
-0.043633
-0.15272
-0.15272
-0.25744
0.19417
-0.014181
-0.014181
0.12981
0.33379
0.41779
0.3927
0.30216
0.30216
0.25634
0.11126
0.028361
-0.033816
-0.019635
-0.0021817
-0.0021817
-0.006545
-0.0010908
0.0076358
0.0087266
0.0032725
0.0032725
0.0032725
0.10472
0.06654
0.017453
0
-0.0054541
0
0
0
0.0087266
0.010908
0.025089
0.020726
-0.0010908
-0.0087266
-0.011999
-0.015272
-0.015272
-0.018544
-0.037088
-0.0087266
-0.0043633
-0.01309
-0.0021817
-0.0087266
-0.0098174
-0.0076358
-0.018544
-0.018544
-0.017453
-0.0010908
0.0098174
0.0098174
0.020726
0.01309
0.011999
-0.0032725
-0.006545
-0.006545
-0.0054541
-0.006545
-0.010908
-0.17453
-0.67195
-0.67195
0.14399
0.97302
0.38833
-0.25744
-0.090539
-0.090539
-0.21271
-0.046906
-0.087266
-0.42324
-0.27162
-0.27162
0.50942
1.5337
0.010908
0.010908
0
-0.0032725
-0.0098174
0.010908
-0.029452
0.0032725
0.0032725
-0.0010908
-0.038179
-0.020726
-0.019635
-0.035997
-0.035997
0.032725
-0.10363
-0.19199
-0.0076358
-0.059995
-0.010908
-0.11345
-0.15381
-0.24435
-0.10145
-0.10145
0.040361
-0.11017
-0.033816
-0.021817
0.011999
0.011999
0.0021817
0.006545
0
-0.006545
-0.0098174
-0.0098174
-0.018544
-0.0032725
0.014181
0.0076358
0.0076358
0.0043633
0.010908
0.028361
0.035997
0.035997
0.035997
0.029452
0.032725
0.055632
0.022907
0.069813
0.038179
0.030543
0.022907
-0.0021817
-0.014181
-0.014181
-0.0098174
-0.0043633
-0.0010908
-0.0021817
-0.011999
-0.011999
-0.0032725
-0.0032725
0.006545
0.0087266
0.006545
0.006545
0.019635
0.010908
0.0076358
0.016362
0.0054541
0.0054541
0.083994
0.09272
0.40797
0.32398
0.12654
0.12654
-0.10036
-0.39924
-0.6185
-0.5116
-0.58032
-0.58032
-0.31634
-0.18108
-0.30761
0.057814
0.057814
0.89557
0.77776
-0.22471
-0.070904
-0.0098174
-0.0098174
-0.006545
0.018544
0.0043633
0.0010908
-0.011999
-0.011999
0
0.01309
0.02618
0.25525
0.25525
0.59341
0.31961
0.22907
0.06654
0.045815
0.045815
0.12435
-0.0032725
-0.056723
0.13199
0.13199
0.076358
-0.014181
-0.029452
0
0.0010908
0.0010908
0.0010908
0.0032725
0.0098174
0.10363
0.075267
0.075267
0.017453
0.0054541
0.0010908
0.0021817
0.0087266
0.0087266
0.041451
0.13963
0.24762
0.17453
0.006545
0.0021817
0.0021817
-0.025089
-0.054541
0.0043633
0.0043633
0.0021817
-0.0043633
-0.010908
-0.0087266
-0.0076358
0.010908
0.010908
-0.0076358
-0.010908
-0.022907
-0.022907
-0.0010908
0.0087266
0.01309
0.0098174
0.01309
0.01309
0.0054541
0.0032725
-0.0032725
0.0021817
0.0043633
0.0043633
0.049087
-0.042542
0.38615
0.85303
0.41779
0.41779
-0.45269
-0.27598
-0.35343
-0.6894
-0.6894
-0.77231
-0.44288
0.29561
0.20071
0.41342
0.41342
-0.25634
-0.18326
-0.33597
-0.33597
-0.1549
0.0043633
0.01309
0.0010908
-0.006545
0.0010908
0.0010908
0.0076358
0.0021817
0.074176
0.53451
0.53451
0.69813
0.52142
0.37524
-0.14072
-0.43851
-0.43851
-0.23344
-0.021817
0.06654
0.06654
0.016362
-0.015272
-0.0010908
-0.0021817
-0.0043633
0.0010908
0.0010908
0.0043633
0.0043633
-0.0021817
0.0032725
0.041451
0.041451
0.0076358
-0.0043633
0.0032725
0.0076358
0.0076358
0.0098174
0.01309
0.037088
0.016362
0.030543
0.015272
0.015272
-0.0043633
-0.014181
-0.015272
-0.006545
-0.0043633
-0.0043633
-0.0087266
-0.010908
-0.0087266
-0.0032725
-0.0032725
-0.0021817
0.0076358
-0.0043633
-0.0043633
-0.0087266
-0.0087266
-0.0032725
0.0010908
0.015272
0.010908
0.015272
0.010908
0.010908
0.0098174
0
0.0054541
-0.0010908
-0.0010908
-0.0076358
-0.1549
0.049087
0.81485
0.41997
0.41997
-0.018544
-0.37743
-0.49742
-0.5705
-0.2018
0.26071
0.26071
0.057814
-0.25525
-0.1549
0.080721
0.080721
1.0297
-0.22253
-0.48433
-0.22798
-0.064359
-0.064359
-0.0010908
-0.0054541
0.0098174
-0.015272
-0.0054541
-0.0054541
-0.006545
-0.02618
-0.03927
-0.038179
0.16035
0.16035
0.42324
0.53996
0.50069
0.63922
-0.34579
-0.34579
-0.82903
-0.30979
-0.11017
0.0010908
-0.010908
-0.006545
0.0010908
0.0010908
-0.0032725
0.0021817
0.0010908
-0.0010908
-0.0010908
0.022907
0.027271
0.027271
0.034906
0.0076358
0.0032725
0.0010908
0.0032725
0.0043633
0.0087266
0.0087266
0.011999
0.0010908
0.0010908
-0.017453
-0.022907
-0.0076358
-0.006545
-0.0076358
-0.0076358
-0.0076358
-0.0054541
-0.0021817
-0.0010908
0.0021817
0.0021817
0.0021817
0
-0.016362
-0.006545
-0.006545
0.0043633
0.01309
0.0043633
0.011999
0.010908
0.010908
-0.0087266
-0.0021817
-0.0043633
-0.11454
-0.46906
-0.46906
-0.71231
0.23998
0.46906
0.25853
-0.1309
-0.1309
-0.25962
-0.4636
-0.3567
0.23671
0.087266
0.087266
-0.21489
-0.43633
-0.23889
1.249
0.52251
0.52251
-0.067631
-0.031634
0.010908
0.010908
-0.0043633
0.0010908
0.0010908
-0.019635
-0.010908
-0.0076358
-0.0076358
0.0021817
0.0054541
0.32288
0.38288
0.38288
0.16799
-0.12435
-0.47342
-0.42433
-0.14617
-0.14617
-0.1549
0.006545
-0.0098174
-0.0043633
-0.0010908
-0.0010908
0
0.0032725
-0.0010908
0.0054541
0.0054541
-0.0043633
-0.0043633
0.031634
0.0043633
0.0021817
0.0010908
0.0010908
0.006545
0.0043633
0.006545
0.006545
0.006545
0.0054541
0.011999
-0.01309
-0.01309
-0.020726
-0.019635
-0.014181
-0.0032725
-0.0032725
-0.0054541
-0.0054541
-0.0087266
-0.0076358
0
-0.0043633
-0.0043633
-0.0032725
-0.0032725
0.0043633
0.0043633
0.0021817
0.0054541
0.010908
0.0076358
0.0021817
0.0021817
0.0032725
0.0021817
-0.022907
-0.29343
-0.11236
-0.11236
0.32398
0.45815
0.046906
-0.27162
-0.39597
-0.39597
-0.53778
-0.53996
0.16253
0.006545
-0.45706
-0.45706
-0.20726
0.12981
0.35343
0.7254
-0.18544
-0.18544
-0.10036
-0.025089
0.006545
0.0010908
0.0076358
0.0076358
0.0032725
-0.010908
0.0032725
0.0010908
0.0054541
0.0054541
-0.0054541
0.074176
0.4276
0.55087
0.54432
0.54432
0.17562
-0.37524
-0.64577
-0.35561
-0.041451
-0.041451
-0.0032725
0.0054541
-0.0098174
-0.0032725
-0.0032725
0.0021817
0.0032725
-0.0032725
-0.0021817
0
0
-0.0054541
0.014181
0.040361
0.010908
0
0
0.0010908
0.0054541
0.0032725
0.0098174
0.011999
0.011999
0.015272
0.015272
0.016362
0.014181
-0.0032725
-0.021817
-0.035997
-0.0032725
-0.0010908
-0.0010908
-0.0010908
-0.0021817
-0.0087266
0
0
0
-0.006545
0.0010908
-0.014181
-0.011999
0
0
0.0076358
0.01309
0.0043633
0.0098174
0.0032725
0.0032725
-0.0010908
0.0054541
0
0.0032725
-0.22035
-0.22035
-0.21707
0.6425
0.65886
-0.13199
-0.50287
-0.50287
-0.18544
-0.10799
-0.55959
-0.17999
0.27162
0.27162
0.1549
-0.43633
-0.43415
-0.06654
0.76031
-0.16144
-0.091629
-0.023998
0.0043633
0.0010908
0.0010908
0.0098174
0.0076358
-0.010908
0
0.0043633
0.0054541
0.0098174
0.088357
0.4516
0.64577
0.50833
-0.043633
-0.30761
-0.40142
-0.21489
-0.021817
-0.0054541
-0.011999
-0.0098174
-0.0098174
-0.0021817
0
0.0010908
-0.0021817
0
0.0010908
-0.0032725
0.011999
0.049087
0.030543
0.006545
0.006545
-0.0021817
0.0032725
0.0054541
0.017453
0.016362
0.016362
0.020726
0.021817
0.0087266
0.0076358
-0.006545
-0.006545
-0.037088
-0.032725
-0.011999
-0.0098174
-0.0098174
-0.0098174
0.0043633
0.0010908
-0.010908
0.0021817
-0.0098174
-0.0032725
0
-0.0010908
-0.0010908
-0.0032725
0.015272
0.0021817
-0.0010908
0.0043633
0.006545
0.006545
0.0032725
0.0021817
-0.0032725
-0.011999
-0.12981
-0.33597
-0.33597
0.46578
1.2425
0.16253
-0.70795
-0.70795
-0.56723
-0.16035
-0.31089
-0.3447
-0.11345
-0.11345
0.18871
0.39161
0.23671
-0.06545
0.63922
0.63922
-0.19962
-0.28361
-0.049087
-0.0010908
0.0021817
0.0021817
0.019635
0.067631
-0.016362
-0.033816
-0.015272
-0.015272
-0.0043633
-0.022907
-0.091629
0.027271
0.22689
0.22689
0.53887
0.26071
-0.088357
-0.38397
-0.06545
0.031634
-0.035997
-0.0021817
0.0021817
0.0021817
0
0
0.0010908
-0.0010908
-0.0010908
-0.0032725
-0.0043633
-0.0043633
0.0021817
0.080721
0.043633
0.0087266
0.0087266
-0.0032725
0.0043633
0.0021817
0.0087266
0.0098174
0.0098174
0.0054541
0.0054541
0.0054541
0.0043633
-0.0032725
-0.016362
-0.016362
-0.025089
-0.038179
-0.0054541
0.0032725
0.0032725
0.0021817
-0.0021817
-0.0021817
-0.0021817
-0.0021817
-0.0043633
-0.0032725
-0.0032725
-0.0054541
0.0054541
0.0054541
0.0032725
0.0032725
-0.0021817
0.0054541
0
0
-0.0032725
-0.0032725
-0.046906
-0.27816
-0.67413
0.1789
1.0341
1.0341
0.13199
-0.65668
-0.50614
-0.3567
-0.29561
-0.29561
-0.13199
-0.24544
-0.077449
0.11345
0.22907
-0.089448
0.37524
0.37524
0.11345
-0.068722
-0.070904
-0.11781
0.0021817
0.0010908
0.0010908
0.016362
-0.006545
-0.0087266
0
0.0054541
0.0010908
0.02618
0.27816
0.5236
0.5236
0.55414
0.15162
-0.34252
-0.57268
-0.14835
-0.14835
-0.042542
0.034906
0.14835
0.023998
-0.0076358
-0.0076358
0
0
-0.0010908
-0.0032725
-0.0032725
0
-0.0021817
-0.0021817
0.0087266
0.070904
0.0098174
0.0010908
0.0010908
0.0032725
0.006545
0.006545
0.014181
0.017453
0.037088
0.017453
0.006545
0.0010908
0.0010908
-0.015272
-0.07963
-0.059995
-0.006545
0.017453
0.017453
0.021817
0
0
-0.0076358
-0.0043633
-0.0021817
-0.0021817
-0.010908
-0.0021817
-0.0032725
-0.0021817
0.0087266
0.0032725
-0.0021817
0.006545
0.0043633
0.0043633
0.0021817
0.0043633
-0.022907
-0.10254
-0.34143
-0.34143
0.027271
1.0439
0.38615
-0.55741
-0.56614
-0.56614
-0.1309
-0.32507
-0.5825
-0.47233
0.4156
0.4156
0.5116
-0.034906
-0.25634
0.59559
0.1789
-0.19744
-0.19744
-0.1549
-0.063268
-0.0010908
0.0076358
0.0076358
0.040361
-0.0076358
-0.025089
-0.0054541
0.0010908
-0.0021817
-0.0021817
-0.011999
0.064359
0.41451
0.61632
0.24216
-0.082903
-0.4276
-0.19417
0.019635
0.019635
-0.017453
0.030543
-0.0021817
-0.006545
0
0
0.0054541
-0.0010908
0.0010908
0.0021817
-0.0098174
-0.0098174
0.0032725
0.017453
0.074176
0.023998
-0.0021817
-0.0054541
-0.0054541
0.0032725
0.010908
0.018544
0.0098174
0.0098174
0.011999
-0.01309
-0.01309
-0.01309
-0.027271
-0.035997
-0.0054541
0.0032725
0.0032725
-0.0010908
-0.0010908
-0.0076358
-0.0021817
-0.0054541
-0.0054541
-0.0032725
-0.0032725
-0.0043633
0.0021817
0
0.006545
0.006545
0.0010908
0.0043633
0
0
-0.0076358
-0.010908
-0.063268
-0.36434
0.046906
0.046906
0.92938
0.23016
-0.40688
-0.24762
-0.50505
-0.50505
-0.59014
-0.13308
-0.10908
-0.34688
0.19853
0.3327
0.3327
-0.019635
0.57159
-0.31961
-0.31961
-0.091629
-0.07854
-0.01309
0.010908
0.017453
0.017453
0.0098174
-0.017453
-0.0087266
0.0021817
0.0087266
0.0087266
0
0.018544
0.23126
0.58468
0.36652
0.027271
-0.2378
-0.35234
-0.23889
-0.081812
-0.081812
0.0076358
0.0010908
0.0010908
-0.0021817
-0.0021817
-0.0021817
-0.0021817
-0.0032725
-0.0043633
-0.0021817
-0.0021817
-0.0021817
0.031634
0.027271
0.0032725
0.0043633
0.0043633
0.0021817
0.0087266
0.0032725
0.011999
0.015272
0.0087266
0.0087266
0.0076358
-0.014181
-0.034906
-0.034906
-0.070904
-0.014181
0.01309
0.006545
0.006545
0.0054541
0.0054541
-0.006545
-0.006545
-0.0032725
-0.0032725
-0.0043633
-0.0043633
-0.0076358
-0.0043633
-0.0043633
-0.0043633
-0.0098174
0.0032725
0.015272
0.015272
0.1549
0.70467
1.4203
1.8773
2.0693
2.0693
1.8904
1.717
1.0025
0.83557
1.2828
1.2828
1.4759
1.3799
1.429
1.5075
1.441
1.441
1.7006
1.6777
1.0963
1.1279
0.061086
0.061086
-0.16253
0.056723
0.60105
0.82576
0.033816
0.033816
-0.25962
-0.073085
-0.051269
-0.1789
-0.40361
-0.40361
-0.41888
-0.28143
-0.10036
-0.21707
-0.41779
-0.05236
0.23889
0.27162
0.17453
0.089448
0.089448
-0.12872
-0.17671
-0.063268
0.0021817
-0.0010908
-0.0010908
-0.0010908
-0.0054541
-0.0021817
-0.01309
-0.01309
-0.025089
-0.0076358
0.0043633
0.097084
0.24107
0.24107
0.42215
0.30216
0.47233
0.55632
0.25198
0.25198
0.011999
0.010908
0.31961
0.40906
0.30761
0.30761
0.015272
-0.11563
0.0021817
0.0087266
0.0054541
0.0054541
-0.0032725
-0.0032725
-0.0043633
-0.011999
0.0010908
0.0010908
-0.0032725
0.0021817
0
-0.0032725
-0.0032725
-0.0032725
-0.0087266
-0.0043633
0.0098174
0.011999
0.023998
0.023998
0.30434
1.1814
1.7617
1.8446
1.8937
1.8937
1.537
1.0243
0.53887
0.3447
0.35343
0.35343
0.80939
1.201
1.5621
1.5555
1.7235
1.7235
1.705
1.3035
0.90975
0.18326
-0.049087
-0.049087
0.51269
0.51269
0.51596
-0.062177
-0.14072
-0.14072
-0.17235
-0.17235
-0.63922
-0.5825
-0.30107
-0.30107
-0.087266
-0.41997
-0.46142
-0.15162
0.19962
0.19962
0.29452
-0.021817
0.2018
0.022907
0.022907
-0.023998
-0.0021817
-0.010908
-0.0098174
-0.0054541
-0.0054541
-0.0021817
-0.011999
-0.006545
0.006545
0.006545
0.015272
0.063268
0.14726
0.31198
0.44397
0.44397
0.4276
0.43306
0.27162
0.037088
0.014181
0.014181
0.006545
0.0087266
-0.0098174
-0.016362
-0.006545
-0.006545
-0.020726
-0.023998
-0.0098174
-0.0054541
0
0
0.0032725
-0.0010908
-0.0043633
-0.006545
-0.006545
0.0010908
0.0021817
-0.0032725
-0.006545
-0.0087266
-0.0087266
0.010908
0.041451
0.29452
1.1312
1.6755
1.6755
1.3548
1.5162
1.826
1.4573
0.96865
0.96865
0.67086
0.44615
0.33597
0.52251
1.3374
1.3374
1.5861
1.2043
1.6297
2.0933
1.5752
1.5752
0.9752
0.33052
0.0021817
0.061086
0.061086
0.45051
0.20944
-0.044724
-0.11999
-0.085084
-0.085084
-0.16908
-0.18108
-0.03927
-0.022907
-0.13526
-0.13526
-0.41015
-0.58141
-0.42106
-0.11126
0.006545
0.006545
-0.0010908
-0.014181
0.011999
-0.0043633
-0.015272
-0.015272
-0.015272
-0.01309
-0.0054541
-0.006545
-0.0032725
-0.0032725
-0.0098174
-0.006545
-0.0043633
-0.006545
-0.0010908
-0.0010908
0.0098174
0.018544
0.056723
0.25634
0.47996
0.47996
0.49524
0.086175
0.027271
0.023998
0.019635
0.019635
0.006545
-0.0032725
-0.0021817
-0.0054541
-0.010908
-0.010908
-0.0087266
0.0054541
-0.0021817
-0.0054541
-0.0054541
-0.0021817
-0.0043633
-0.0010908
-0.0032725
-0.0032725
0.0021817
0.0010908
-0.01309
0.030543
0.030543
0.4156
0.94684
1.5828
1.3853
1.0396
1.0396
1.4039
1.7017
1.5064
0.65559
0.13635
0.13635
0.78758
1.2381
0.71122
0.73631
1.4061
1.4061
1.1912
0.84975
1.8577
2.0966
1.6275
1.6275
1.0417
0.74394
0.0010908
0.05236
0.05236
0.20726
0.040361
0
0
-0.010908
-0.010908
-0.0010908
-0.014181
-0.14835
-0.12435
-0.12435
-0.03927
-0.0076358
0
0.006545
-0.027271
-0.027271
-0.1069
-0.027271
-0.02618
-0.020726
-0.01309
-0.01309
-0.015272
-0.0054541
-0.0043633
-0.0010908
-0.0076358
-0.0076358
-0.016362
-0.0098174
-0.0043633
-0.0010908
0.0032725
0.0032725
0.0032725
0.010908
0.050178
0.12545
0.23998
0.23998
0.11345
0.031634
0.018544
0.01309
-0.0010908
-0.0010908
-0.0098174
-0.017453
-0.014181
-0.0032725
-0.0043633
-0.0043633
0.0021817
0.0010908
0.0010908
-0.0043633
0
0
0.0043633
0.0021817
-0.0054541
-0.0032725
-0.0054541
-0.0054541
0.0010908
-0.0032725
-0.014181
0.031634
0.44833
0.44833
1.1454
1.5653
1.453
0.83666
0.50505
0.50505
1.0756
1.3581
1.0188
0.76576
0.76576
1.2719
0.92393
0.59559
0.89666
1.297
1.297
1.4803
1.6101
2.078
2.1238
1.9842
1.9842
1.4377
0.56505
0.07963
0.023998
0.10472
0.10472
0.1789
0.19417
0.06545
0.043633
0.023998
0.023998
0.010908
-0.0032725
-0.0010908
-0.027271
-0.027271
-0.0054541
-0.0098174
-0.0010908
-0.0076358
-0.03927
-0.16253
-0.16253
-0.090539
-0.049087
-0.035997
-0.058905
-0.058905
-0.095993
-0.023998
-0.010908
-0.015272
-0.018544
-0.018544
-0.0076358
-0.029452
-0.035997
-0.011999
-0.018544
-0.018544
-0.0054541
0.011999
0.089448
0.20398
0.17671
0.17671
0.022907
0.018544
0.017453
0.015272
0.014181
0.014181
0.017453
0.0021817
0.0021817
-0.0054541
0.0032725
0.0032725
0.0043633
0.01309
0.0087266
0.006545
0.0043633
0.0043633
0.0054541
0.0087266
0.0043633
0.0010908
-0.0021817
-0.0021817
0.0010908
0.0021817
0.006545
0.28907
1.0396
1.7311
1.549
1.1203
0.71995
0.60759
0.60759
0.63159
1.0385
0.7494
0.023998
0.75158
0.75158
1.4443
1.4104
0.79194
1.1945
1.381
1.2774
1.9646
2.1206
1.801
1.6493
1.6493
1.2588
0.56832
0.095993
0.050178
0.18326
0.18326
0.19089
0.37961
0.34906
0.075267
0.07963
0.07963
0.011999
0
-0.0087266
-0.0054541
-0.0032725
-0.031634
-0.031634
-0.0043633
-0.0021817
-0.02618
-0.11236
-0.16362
-0.12872
-0.064359
-0.044724
-0.07854
-0.044724
-0.044724
-0.0054541
-0.0098174
-0.0087266
-0.0032725
-0.0054541
-0.0054541
-0.015272
-0.019635
-0.0076358
0.0043633
0.0076358
0.018544
0.018544
0.040361
0.053451
0.034906
0.01309
0.019635
0.011999
0
-0.0076358
-0.0076358
-0.0076358
-0.0043633
-0.0043633
0.0021817
-0.0087266
-0.0054541
-0.0054541
0.0032725
0.0087266
0.0054541
0.0076358
0
0
0.0010908
0.0021817
0.0021817
0.0054541
-0.0054541
0.022907
0.46033
1.0908
1.6242
1.5992
1.5992
1.0439
0.60323
0.82139
1.2468
0.90648
0.90648
0.25744
0.63377
1.6657
1.6188
0.6425
0.82139
1.5522
1.3144
1.3941
1.8991
1.8991
2.042
1.9155
1.9089
0.9392
0.31307
0.31307
0.032725
0.074176
0.097084
0.13853
0.20071
0.20071
0.089448
0.098174
0.023998
0
-0.033816
-0.033816
-0.029452
-0.018544
-0.0054541
0.0010908
-0.006545
-0.006545
-0.028361
-0.22035
-0.24762
-0.073085
-0.040361
-0.040361
-0.038179
-0.074176
-0.028361
-0.006545
-0.028361
-0.028361
-0.027271
-0.018544
-0.0043633
-0.010908
-0.019635
-0.019635
-0.016362
-0.0043633
0.006545
0.023998
0.03927
0.03927
0.12654
0.032725
0.030543
0.022907
0.01309
0.01309
0.0054541
-0.0021817
0.0010908
0.0021817
-0.0010908
-0.0010908
-0.0032725
-0.0010908
0.019635
0.038179
0.0021817
0
0.0054541
0.0032725
0.006545
0.0021817
0.0021817
-0.0021817
0.0032725
0.0032725
-0.0032725
0.069813
0.069813
0.37634
0.79958
1.5893
1.8577
1.3123
1.3123
0.75485
1.1105
1.4399
1.0232
0.14726
0.14726
0.42651
1.1705
1.3952
1.4017
1.4737
1.3232
1.0101
1.4399
1.6864
1.6864
1.8239
1.6253
1.2359
0.79085
0.21053
0.0054541
0.0054541
0.12763
0.1069
0.082903
0.022907
0.0010908
0.0010908
0.0032725
0.0043633
0.0021817
-0.010908
-0.050178
-0.050178
-0.16908
-0.22471
-0.075267
0.0043633
0.0043633
-0.0032725
-0.034906
-0.03927
-0.019635
-0.019635
-0.019635
-0.018544
-0.01309
-0.018544
-0.006545
-0.020726
-0.020726
-0.017453
-0.0076358
-0.011999
-0.017453
-0.006545
-0.006545
0.0010908
0.0098174
0.058905
0.058905
0.11999
0.15162
0.056723
0.032725
0.019635
0.0021817
0.0021817
-0.015272
-0.016362
-0.0054541
-0.0087266
-0.0098174
-0.0098174
-0.0098174
0.0076358
0.014181
-0.0021817
0.0010908
0.0010908
0.0010908
-0.0054541
0.0021817
-0.0032725
0
0
0.0010908
-0.0032725
-0.015272
0.01309
0.01309
0.11454
0.17235
0.23344
0.12763
-0.28361
-0.28361
-0.31852
-0.1789
-0.40906
-0.57923
-0.12654
-0.12654
-0.023998
-0.31852
-0.58141
-0.27598
-0.019635
-0.019635
-0.42542
-0.093811
0.71558
0.66431
0.28361
0.38179
0.24107
0.038179
-0.0043633
-0.0021817
-0.0021817
-0.0032725
0
-0.010908
-0.020726
-0.010908
-0.010908
-0.0043633
0.0054541
-0.0010908
-0.085084
-0.085084
-0.099265
-0.017453
0.0010908
0.022907
0.083994
0.021817
0.011999
0.02618
0.0010908
0.0021817
-0.0010908
0.0010908
-0.0021817
-0.006545
-0.0076358
-0.0032725
-0.0076358
-0.0032725
-0.0021817
-0.0021817
-0.0021817
-0.0021817
-0.0054541
-0.0054541
-0.0087266
-0.006545
-0.006545
-0.0021817
-0.0010908
-0.0032725
0.0010908
0.0021817
0.0021817
0.0043633
-0.0010908
0.0010908
0
0
-0.0021817
-0.0010908
-0.0032725
-0.0032725
-0.0010908
-0.0010908
-0.0032725
-0.0010908
-0.0032725
-0.0021817
0
-0.0021817
0.0010908
-0.0021817
0
0
0.0021817
0.0021817
0
0.0032725
0.0021817
-0.0021817
0
0.0010908
0.0010908
0.0010908
0.0010908
-0.0010908
-0.0043633
0
0.0010908
0
0
-0.0010908
-0.0021817
0.0021817
-0.0021817
0
-0.0010908
-0.0043633
-0.0010908
-0.0032725
0.0010908
0.0010908
-0.0021817
0
0.0010908
0.0010908
0
0
-0.0032725
-0.0010908
0
0.0032725
-0.0010908
-0.0043633
0.0021817
0.0010908
-0.0010908
0
0.0010908
0
0
0
0.0010908
0.0010908
0.0032725
-0.0032725
-0.0010908
-0.0010908
-0.0010908
-0.0010908
-0.0010908
0
0
0.0021817
-0.0010908
0
0.0010908
0.0032725
0.0021817
0.0010908
0.0010908
0
-0.0021817
0.0021817
0.0021817
-0.0021817
-0.0010908
0
0
-0.0010908
-0.0021817
0
0.0010908
0.0021817
0.0021817
0.0021817
-0.0021817
-0.0021817
0
-0.0010908
0
0.0032725
-0.0010908
0.0021817
0.0021817
0.0021817
0
-0.0010908
-0.0021817
0.0032725
0.0010908
-0.0010908
0.0010908
0.0010908
0.0010908
0
0
0
0.0021817
0.0021817
-0.0021817
0
0.0032725
0.0010908
0
0
-0.0010908
0
-0.0021817
0
0
-0.0021817
-0.0010908
-0.0021817
0
0
-0.0043633
-0.0021817
0.0021817
-0.0010908
-0.0010908
-0.0021817
0.0010908
-0.0032725
-0.0021817
-0.0010908
-0.0021817
0.0010908
0
-0.0032725
-0.0021817
0
-0.0021817
0.0021817
-0.0054541
0
0
-0.0010908
-0.0010908
0
-0.0010908
0.0010908
0.0043633
0.0010908
0
-0.0010908
0.0010908
-0.0021817
0
0
0.0010908
0.0010908
0
0
-0.0010908
0.0032725
0
-0.0021817
-0.0010908
-0.0010908
-0.0010908
-0.0010908
0.0010908
0.0021817
0.0021817
-0.0010908
0
-0.0010908
0.0010908
-0.0021817
-0.0021817
0
-0.0021817
-0.0010908
0
0
0
0.0010908
0.0010908
-0.0021817
-0.0010908
0.0010908
-0.0010908
-0.0010908
-0.0010908
0.0010908
0.0010908
0
-0.0021817
-0.0021817
0.0032725
0
0
-0.0010908
-0.0032725
-0.0021817
0.0043633
-0.0010908
0.0021817
0.0021817
0.0021817
0.0032725
0.0010908
0.0010908
-0.0010908
-0.0010908
0
0
0.0032725
0.0032725
0.0010908
0
-0.0043633
-0.0010908
-0.0010908
-0.0010908
-0.0010908
0.0010908
0.0010908
0.0010908
-0.0010908
0.0021817
0
0.0010908
-0.0010908
0
0.0021817
0.0010908
0.0010908
0.0010908
-0.0032725
-0.0032725
0.0010908
0.0021817
0.0021817
-0.0043633
-0.0021817
0.0010908
-0.0010908
-0.0010908
-0.0021817
0
0.0010908
0.0010908
0.0010908
-0.0010908
0.0021817
-0.0010908
-0.0021817
-0.0021817
-0.0010908
0.0021817
0
0.0010908
0.0010908
0.0021817
0
0
-0.0010908
-0.0010908
-0.0021817
0
0
0
0
0
-0.0021817
-0.0032725
0.0010908
0.0010908
-0.0010908
0
0
0.0010908
0.0010908
0
0.0021817
0
0.0032725
0.0032725
-0.0021817
-0.0010908
-0.0032725
0
0
0
0
-0.0010908
-0.0021817
-0.0021817
0.0010908
0.0010908
0
0
0
-0.0010908
-0.0010908
-0.0010908
0.0010908
0.0010908
0.0010908
-0.0010908
-0.0010908
0.0010908
-0.0010908
0.0021817
0.0010908
0
-0.0021817
-0.0010908
0.0010908
-0.0010908
0.0010908
0.0032725
0
-0.0032725
-0.0021817
-0.0043633
-0.0021817
-0.0010908
-0.0010908
-0.0021817
-0.0021817
0
-0.0010908
-0.0021817
-0.0032725
-0.010908
-0.064359
-0.049087
0.010908
-0.34034
-0.62941
-0.27162
-0.070904
-0.13417
-0.54105
0.070904
0.49305
-0.37306
-0.48542
-0.11781
-0.049087
0.21707
0.11563
-0.51051
-0.52251
0.040361
0.076358
0.085084
-0.66213
-0.085084
0.0054541
-0.019635
-0.0054541
0.029452
-0.0087266
0.0043633
0.0087266
-0.0010908
-0.0076358
-0.014181
-0.077449
-0.10799
-0.29234
-0.3447
-0.015272
0.17235
0.23562
0.23562
0.14072
0.13744
0.17453
0.17126
0.0032725
0.0032725
-0.0010908
0
-0.0021817
0.0021817
0.0021817
-0.0010908
0.0032725
-0.006545
0.0010908
-0.0054541
-0.0054541
-0.0054541
-0.0010908
0.0043633
0.011999
0.0087266
0.0054541
0.0098174
0.020726
-0.01309
-0.044724
-0.044724
-0.027271
-0.0087266
-0.0010908
-0.0076358
-0.0087266
-0.0032725
0
-0.0087266
-0.0076358
-0.0076358
-0.0054541
-0.010908
-0.0087266
-0.0098174
-0.006545
-0.006545
-0.0021817
0.0098174
0.014181
0.0054541
-0.0043633
-0.0021817
-0.0021817
-0.006545
-0.010908
-0.046906
-0.40688
-0.89666
0.040361
0.4516
-0.18217
-0.27816
-0.27816
-0.038179
-0.02618
0.080721
0.22689
0.077449
0.077449
-0.19089
-0.19089
-0.038179
1.009
0.082903
-0.0032725
-0.0032725
-0.0021817
-0.0043633
-0.0032725
0.0032725
0.0054541
0.0054541
-0.0087266
-0.076358
-0.16035
-0.12435
-0.041451
0.2618
0.15817
-0.0087266
-0.0087266
-0.1789
-0.31961
-0.10363
-0.21053
0.12326
0.12326
0.32398
0.088357
-0.0076358
-0.0054541
-0.0076358
-0.0076358
0.0010908
0.0021817
-0.0010908
-0.0021817
-0.0010908
-0.0010908
0
0.031634
0.006545
0.0076358
0
0
-0.0043633
-0.0054541
-0.0054541
0.0021817
0.0043633
0.0021817
0.0087266
0.01309
-0.006545
-0.017453
-0.017453
-0.015272
-0.0032725
-0.0021817
0.0010908
0.0043633
0.0043633
-0.0032725
-0.0076358
-0.0043633
-0.0021817
-0.0010908
-0.0010908
0.0032725
0.0010908
-0.0010908
-0.0032725
0.0043633
0.0043633
-0.0087266
-0.0098174
0.0098174
-0.0043633
0.006545
0.006545
-0.023998
-0.27162
-0.28689
-0.21817
-0.19417
-0.19417
-0.35888
-0.44724
-0.35016
-0.36434
-0.50942
-0.50942
-0.45269
-0.030543
-0.083994
-0.35779
-0.78867
-0.29998
-0.29998
0.22907
0.15272
-0.26507
-0.20071
-0.0098174
0.035997
0.090539
0.053451
0.021817
0.021817
0.019635
0.050178
0.06545
0.17344
0.2258
0.2258
0.41888
0.69267
0.79303
0.43415
-0.17999
-0.17999
-0.46142
-0.49087
-0.15162
-0.01309
-0.010908
-0.010908
-0.0032725
-0.01309
-0.0010908
-0.0032725
0
0
0.0010908
0.0010908
-0.0076358
-0.0010908
0.023998
0.023998
0.014181
0.0076358
-0.0043633
0.0010908
0.0010908
0.0010908
0.0054541
0.017453
0.029452
0.030543
0.01309
0.01309
0.011999
-0.011999
-0.031634
-0.041451
-0.041451
-0.054541
-0.021817
-0.0076358
-0.0076358
-0.0076358
-0.0076358
-0.011999
0.006545
0.0043633
0.0043633
-0.0076358
-0.018544
-0.016362
-0.0021817
0.010908
0.019635
0.019635
0.014181
0.01309
0.010908
-0.0021817
0.0054541
0.0054541
0.0032725
-0.0010908
-0.19199
-0.58686
0.19635
0.75485
-0.23016
-0.16908
-0.03927
-0.44942
-0.30652
0.24762
-0.056723
-0.2738
-0.52251
-0.52251
-0.19744
0.34252
1.2021
-0.38506
-0.035997
-0.035997
0.0076358
-0.006545
-0.0087266
0
0
0.0032725
0.0032725
0.0043633
0.022907
0.010908
0.010908
-0.0076358
0.20508
0.21053
0.22471
0.12872
0.12872
-0.19308
-0.3927
-0.24216
0.016362
0.015272
0.015272
0.033816
-0.0076358
-0.0010908
0
0.0054541
0.0010908
-0.0021817
-0.011999
-0.0076358
-0.0087266
-0.0087266
0.006545
-0.0043633
-0.0032725
-0.0054541
-0.0054541
-0.0098174
0.0010908
0.015272
0.0076358
0.014181
0.0087266
0.0032725
-0.017453
-0.046906
-0.022907
-0.022907
-0.0098174
0.0043633
0.0010908
0.0010908
-0.0054541
-0.011999
-0.0043633
-0.0010908
0
0.0087266
0.0087266
0.0021817
0
0
-0.0010908
0.0076358
0.0010908
0.0010908
0.0043633
0.016362
-0.01309
-0.01309
-0.054541
-0.64686
0.094902
0.094902
0.29343
-0.18653
-0.18762
-0.27598
-0.27598
-0.32179
-0.05236
0.095993
-0.26289
-0.022907
0.34579
0.83666
-0.33597
-0.12872
-0.006545
-0.006545
0.0076358
-0.0021817
0.0043633
0.0043633
-0.0043633
0.0043633
0.0021817
-0.089448
-0.077449
-0.077449
0.1069
0.34361
0.006545
-0.20508
-0.23344
-0.1669
-0.042542
0.080721
0.044724
0.0043633
-0.0054541
-0.0021817
-0.0021817
0.0021817
0.0021817
0.0021817
-0.0054541
0.0010908
-0.0010908
-0.0010908
0.015272
0.0043633
-0.0032725
-0.0032725
-0.0021817
0.0043633
0.0087266
0.01309
0.006545
0.006545
0.0054541
-0.017453
-0.046906
-0.02618
-0.02618
-0.0021817
0.0032725
-0.0076358
-0.010908
-0.010908
0.0021817
-0.0021817
0.0054541
0.0010908
0.0010908
-0.0021817
0.0021817
0.0032725
-0.0098174
-0.0098174
0.0076358
0
0.0010908
0.0010908
0
-0.30216
-0.63813
0.30434
-0.26071
-0.26071
0.015272
0.043633
-0.29452
-0.29452
0.016362
-0.20617
-0.33379
0.28252
0.26943
0.26943
1.1323
-0.16581
-0.027271
-0.027271
0.0043633
0.0054541
-0.0098174
-0.0032725
-0.0032725
0
0.0021817
-0.006545
-0.06545
0.055632
0.34143
0.34143
0.26834
0.0021817
-0.35888
-0.27925
-0.27925
0.0054541
-0.011999
-0.011999
-0.0043633
-0.0043633
-0.0043633
0
0
0.0032725
0.0098174
0.0098174
0.019635
0.027271
0.027271
-0.0021817
-0.0021817
0
0
0
0.010908
0.010908
0.0087266
-0.015272
-0.015272
-0.035997
-0.019635
-0.0054541
-0.0054541
0.0032725
-0.0043633
-0.0098174
-0.0010908
-0.0010908
-0.0076358
-0.0021817
0
0
0
-0.0021817
0.0087266
0.0043633
0.0043633
0.0043633
0.0021817
0.0076358
0.0043633
-0.24762
-0.24762
-0.6185
-0.2378
0.45924
-0.25634
-0.25634
-0.086175
-0.081812
-0.56614
0.011999
0.011999
-0.31416
-0.25198
0.050178
0.48105
0.12217
-0.23998
-0.23998
-0.082903
-0.0010908
-0.0010908
0.015272
0.042542
-0.0021817
0.0087266
0.0087266
-0.006545
-0.077449
-0.11236
0.02618
0.28143
0.20071
-0.038179
-0.06654
-0.23016
0.019635
0.15162
0.011999
0
-0.01309
-0.006545
-0.0054541
-0.0010908
0.0021817
-0.0054541
-0.0054541
-0.015272
-0.014181
0.0054541
0.01309
0.01309
0.0054541
0.0032725
0.0076358
0.0087266
0.018544
0.043633
0.018544
0.011999
0.0043633
0.0043633
-0.029452
-0.023998
0
0.0010908
0.0010908
-0.0043633
-0.010908
-0.015272
-0.018544
-0.0076358
-0.0043633
-0.0043633
0.0010908
-0.0010908
0.0032725
0.0054541
0.014181
0.010908
0.0032725
0.0098174
0.0098174
0.0076358
0.011999
-0.064359
0.14072
0.27598
0.27598
0.025089
-0.093811
0.081812
-0.17126
-0.6894
-0.33925
0.17017
-0.21598
-0.41342
-0.1778
-0.014181
0.32725
0.7134
-0.40361
-0.070904
-0.0087266
-0.0021817
0.015272
0.042542
0.014181
-0.030543
0.0043633
0
0.0021817
-0.068722
-0.069813
0.13526
0.2498
0.02618
0.02618
-0.077449
-0.095993
0.071995
0.040361
0.040361
-0.011999
-0.01309
-0.0032725
0
-0.0021817
-0.0054541
-0.01309
-0.01309
-0.014181
-0.017453
0.0087266
0.040361
0.0098174
0.0010908
0.0021817
0.0054541
0.018544
0.043633
0.031634
0.020726
0.020726
0.010908
0.010908
-0.019635
-0.02618
-0.0032725
-0.0032725
-0.0010908
-0.01309
-0.0098174
-0.014181
-0.014181
-0.0043633
-0.0054541
-0.0021817
-0.0021817
-0.0010908
0.0021817
0.0032725
0.0098174
0.0043633
0.0021817
0.0076358
-0.0021817
0.021817
-0.0043633
0.0032725
-0.22035
-0.11781
0.24762
0.53669
-0.59886
-0.28361
0.5356
-0.25198
-0.83666
0.071995
0.01309
-0.29998
-0.43197
0.11345
0.37197
0.88793
-0.42215
-0.11454
-0.021817
0.0054541
0.0054541
0.0021817
0.019635
0.0043633
-0.0087266
0.0010908
-0.010908
-0.074176
0
0.077449
0.22362
0.52142
0.28034
-0.094902
-0.43197
-0.33488
-0.093811
0.074176
0.11017
0.022907
0.022907
-0.014181
0
-0.0021817
-0.0032725
0
-0.0010908
-0.006545
-0.014181
-0.010908
-0.0032725
0.035997
0.016362
-0.0032725
0.0010908
0.0010908
0.0010908
0.0010908
0.014181
0.017453
0.0076358
0.0087266
0.0087266
0.0076358
-0.015272
-0.030543
-0.0098174
-0.0021817
-0.0021817
0.0032725
-0.0054541
-0.011999
-0.0098174
-0.01309
-0.0054541
0.0054541
-0.0076358
-0.0021817
-0.0021817
0.0043633
-0.0021817
0.006545
0.0087266
0
-0.0054541
-0.0054541
0.0021817
0.0098174
0.006545
-0.0010908
-0.030543
-0.030543
-0.3807
-0.28252
0.022907
0.19526
-0.055632
-0.055632
-0.068722
-0.15708
-0.26943
-0.48651
-0.028361
-0.028361
-0.01309
-0.089448
-0.28034
-0.30216
0.36325
0.36325
0.88684
-0.20508
-0.21162
-0.030543
0.0098174
0.0098174
0.0021817
0.0032725
0.0076358
-0.0098174
-0.0043633
-0.0043633
0.0010908
-0.006545
-0.085084
-0.029452
0.16471
0.16471
0.51814
0.40688
0.094902
-0.47342
-0.60759
-0.080721
0.017453
0.064359
-0.011999
-0.011999
-0.011999
0
0.0010908
0
-0.0054541
-0.0021817
-0.0021817
-0.014181
-0.02618
-0.0032725
0.049087
0.051269
0.051269
0.011999
0.0010908
0.006545
0.0054541
0
0.0098174
0.017453
0.023998
0.015272
0.0032725
0.0032725
0
-0.014181
-0.070904
-0.054541
-0.054541
0.0054541
-0.0021817
-0.0043633
-0.011999
-0.014181
0.0021817
0.0021817
-0.0054541
-0.0054541
0
0
-0.0032725
-0.0032725
0.006545
-0.0021817
0.0010908
0.0010908
0.006545
0.010908
-0.0010908
-0.0043633
-0.2738
-0.2738
-0.46251
0.11563
0.27162
-0.22689
0.10581
-0.07963
-0.07963
-0.4756
-0.30216
0.0076358
-0.089448
-0.34579
-0.10908
0.18217
0.27707
0.27707
0.90102
0.017453
-0.19635
-0.063268
-0.0043633
-0.0010908
0.0076358
0.0076358
0.0076358
-0.0054541
-0.0010908
0.0054541
-0.077449
-0.077449
-0.23016
-0.13199
0.12545
0.32616
0.2738
0.12763
-0.23562
-0.32943
-0.19417
-0.044724
0.090539
0.090539
0.070904
-0.0032725
0.0010908
0.0010908
-0.0010908
-0.0043633
-0.0032725
-0.0032725
-0.01309
-0.01309
-0.0098174
0.010908
0.041451
0.011999
0
0.0043633
0
0.0010908
0.016362
0.063268
0.063268
0.075267
0.071995
0.0087266
0.0010908
-0.044724
-0.044724
-0.12654
-0.056723
0.0021817
0.0021817
-0.0010908
-0.0098174
-0.010908
0
0
-0.0087266
-0.0054541
-0.01309
-0.0032725
-0.0043633
-0.0010908
0.0098174
0.0043633
0.0043633
-0.0076358
0.0032725
0
-0.0043633
0.0021817
-0.023998
-0.18762
-0.41124
-0.15708
0.50723
0.50723
-0.051269
-0.21489
-0.14181
-0.2138
-0.26289
-0.24871
0.023998
0.1789
0.16362
0.0043633
0.006545
0.33488
0.40797
-0.58032
-0.062177
-0.0021817
0.0043633
0.0043633
0.023998
-0.006545
-0.0054541
-0.0054541
0.0021817
-0.029452
-0.19635
-0.24762
0.0054541
0.22689
0.26725
0.24216
-0.10799
-0.18108
0.016362
0.06654
0.10145
0.058905
0.006545
-0.0043633
-0.0043633
-0.0010908
-0.0032725
-0.0032725
-0.0021817
-0.0021817
0.0098174
0.040361
0.035997
0.035997
0.032725
-0.0021817
0
0.0010908
0.0010908
0.014181
0.01309
0.011999
0.0054541
-0.0043633
-0.0043633
-0.03927
-0.021817
0.021817
0.014181
0.014181
-0.006545
-0.011999
-0.0010908
0.0010908
0.0010908
-0.0087266
-0.0043633
-0.0021817
0
0
0.0021817
-0.0076358
0
0.0021817
0.0021817
-0.0054541
-0.014181
-0.19417
-0.19417
-0.19635
0.49524
0.025089
-0.15926
-0.37961
-0.37961
-0.17017
-0.2967
-0.040361
-0.040361
-0.006545
-0.14835
0.087266
0.12217
0.55523
0.55523
-0.06654
-0.070904
0.010908
0.010908
0.015272
0.037088
-0.031634
-0.0032725
-0.0054541
-0.0054541
-0.12872
-0.064359
0.21162
0.21162
0.38615
0.017453
-0.050178
-0.17017
-0.17017
-0.045815
0.15381
0.15381
-0.014181
-0.014181
-0.0076358
-0.0032725
-0.0076358
-0.0010908
-0.0043633
-0.0043633
0.040361
0.040361
0.032725
0.032725
0.0043633
-0.0043633
0.0054541
0.015272
0.015272
0.011999
0.022907
0.0043633
0
-0.017453
-0.017453
-0.015272
-0.015272
-0.0032725
-0.0032725
-0.0021817
-0.015272
-0.0098174
-0.0010908
-0.0010908
-0.0043633
-0.006545
-0.0021817
0.0021817
0.0021817
-0.0010908
0.0021817
0.0021817
0.0010908
0.0087266
0
-0.0021817
0.0098174
0.0098174
-0.29016
0.11454
0.83121
0.42542
0.42542
-0.19308
-0.40252
-0.51487
-0.51487
-0.23126
-0.02618
0.05236
0.099265
0.099265
0.3087
0.83121
-0.3327
-0.087266
-0.087266
0.0010908
0.0054541
0.011999
-0.0076358
-0.0076358
-0.011999
-0.0032725
-0.10363
-0.19417
-0.19417
0.16799
0.45924
0.020726
-0.25744
-0.25744
-0.16471
0.017453
0.033816
0.019635
0.019635
-0.01309
-0.0098174
-0.0032725
0.006545
0.006545
0.0054541
0
0.006545
0.076358
0.076358
0.050178
-0.006545
-0.0098174
0.0032725
0.0032725
0.011999
0.0098174
0.0054541
0.011999
0.011999
-0.0032725
-0.0032725
-0.020726
-0.034906
0
0
0.0043633
-0.0010908
-0.0032725
-0.011999
-0.016362
0.0010908
0.0010908
-0.0043633
-0.0010908
-0.0021817
-0.0021817
0.0021817
0.01309
0.0098174
-0.0021817
-0.0076358
-0.0076358
0.0010908
0.0021817
0.0076358
0.0010908
0.0010908
-0.28034
-0.28034
-0.01309
0.39379
-0.21817
-0.21817
-0.040361
-0.040361
0.075267
0.17235
0.17235
0.20071
0.22798
0.051269
0.061086
0.45051
0.45051
0.10908
-0.14726
-0.077449
-0.0054541
-0.0010908
-0.0010908
0.0076358
0.010908
-0.0021817
0
0.0010908
-0.056723
-0.17126
-0.18544
0.2618
0.2618
0.23453
-0.0032725
-0.10254
-0.2258
-0.070904
-0.070904
0.043633
0.023998
-0.0032725
0.0021817
0.0021817
0.0010908
0.0032725
-0.0043633
-0.0010908
-0.0087266
-0.011999
-0.0098174
-0.0098174
-0.0087266
0.0010908
0.0010908
-0.0010908
-0.0032725
-0.0032725
-0.0054541
-0.0054541
-0.0054541
0.0054541
0.020726
0.018544
0.017453
-0.020726
-0.020726
-0.0087266
-0.11672
-0.19744
-0.018544
0.014181
0.014181
0.018544
0.034906
0.015272
-0.006545
-0.0098174
-0.0098174
-0.0032725
-0.0032725
-0.0010908
-0.0032725
-0.0021817
-0.0021817
-0.0032725
-0.010908
-0.0021817
-0.0032725
-0.0021817
-0.0021817
0.0021817
0.0021817
0.0032725
0.0010908
0.0032725
0.0043633
0.0043633
0.0010908
0.0032725
0.0032725
0.0021817
0.0087266
0.0010908
-0.0076358
-0.010908
-0.010908
-0.0054541
-0.0076358
-0.0054541
-0.0032725
-0.006545
-0.006545
-0.0010908
-0.0010908
0.0010908
0.0021817
0.0021817
-0.0032725
-0.0032725
0
0.0010908
-0.0021817
-0.0021817
-0.0032725
-0.0021817
-0.0021817
-0.0021817
-0.0043633
-0.0054541
-0.0021817
0
0
0.0021817
-0.0021817
0.0010908
0.0010908
0.0021817
0
0
0
0
0
0.0010908
0
0
0.0010908
0.0010908
-0.0010908
0
0
-0.0010908
0
-0.0021817
0.0010908
0.0021817
0.0010908
0.0021817
-0.0021817
-0.0032725
0
0.0010908
-0.0010908
-0.0010908
-0.0021817
-0.0021817
-0.0010908
0.0032725
-0.0021817
0.0010908
0.0021817
0.0021817
-0.0021817
-0.0010908
0
0.0010908
-0.0021817
-0.0010908
0.0010908
-0.0054541
-0.0032725
0
0.0054541
0.0010908
-0.0021817
-0.0010908
0.0032725
0
0.0021817
0.0021817
-0.0010908
-0.0010908
0.0010908
-0.0021817
0.0010908
-0.0021817
0
0
-0.0043633
-0.0043633
0.0021817
0.0032725
0
0.0021817
0.0010908
0.0021817
0.0032725
0.0021817
0
-0.0010908
-0.0010908
0.0043633
0
0
0
-0.0021817
-0.0021817
0
0.0021817
-0.0010908
0
-0.0010908
0
0.0010908
-0.0021817
0.0010908
0
-0.0010908
0.0010908
-0.0010908
0
0.0010908
0.0021817
-0.0043633
-0.0032725
0.0010908
0.0010908
-0.0010908
-0.0032725
-0.0010908
-0.0021817
0
-0.0032725
0
0
-0.0021817
0.0010908
-0.0021817
0
0
0.0021817
-0.0010908
0
0.0032725
0.0043633
0.0010908
-0.0021817
0
-0.0021817
-0.0021817
-0.0010908
0.0021817
0.0043633
-0.0010908
-0.0010908
0
-0.0032725
0.0021817
0.0021817
0.0021817
0.0021817
0.0021817
0.0021817
0.0021817
0
0.0010908
0.0032725
0.0054541
0.0021817
0.0010908
0.0010908
0.0021817
-0.0010908
0.0021817
0.0054541
0
0.0021817
-0.0021817
-0.0010908
0.0010908
0.0010908
0
0.0032725
0.0032725
0
0.0010908
0.0032725
0.0032725
0
0.0010908
-0.0021817
-0.0010908
-0.0010908
-0.0010908
-0.0021817
-0.0010908
0
-0.0010908
0
-0.0010908
0.0021817
0.0021817
-0.0010908
-0.0010908
-0.0021817
-0.0043633
-0.0043633
-0.0043633
0
0.0010908
-0.0010908
-0.0010908
0
-0.0021817
0.0010908
0.0032725
0.0010908
0.0021817
0
0
0.0021817
0.0021817
-0.0043633
-0.0032725
0.0010908
-0.0010908
-0.0010908
-0.0021817
-0.0021817
0.0021817
0
0.0010908
-0.0021817
-0.0021817
0.0010908
-0.0010908
-0.0043633
-0.0021817
-0.042542
-0.16035
-0.16035
-0.62286
-0.91193
-0.49305
-0.26834
-0.34252
-0.36979
-0.36979
-0.26943
0.23126
-0.37961
-0.48542
-0.48542
-0.55196
-0.4047
-0.33925
-0.05236
0.068722
-0.2738
-0.2738
-0.13308
0.069813
-0.80176
-0.45815
-0.45815
0.045815
-0.0054541
-0.034906
-0.0076358
0.010908
0.031634
0.031634
-0.018544
0.0021817
0
-0.0054541
-0.011999
-0.011999
-0.045815
-0.090539
-0.090539
-0.24762
-0.1549
0.027271
0.027271
0.077449
0.11126
0.42869
0.48433
0.37088
0.37088
0.037088
0.021817
0.020726
0.006545
0
0
-0.0010908
-0.014181
-0.0076358
-0.0021817
-0.0043633
-0.0054541
0
0
0.0021817
0.0043633
0.0010908
0.0021817
0.0021817
0.0054541
0.006545
0.051269
0.051269
0.45051
0.80394
1.4137
1.4552
0.3327
0.20398
0.20398
0.38506
0.061086
0.0054541
0.0010908
0
-0.0054541
-0.0054541
0.0032725
-0.0010908
-0.006545
-0.0032725
-0.0076358
-0.0032725
-0.0098174
-0.031634
-0.031634
-0.1429
-0.32179
-0.1549
-0.48105
-0.89775
-1.7584
-1.7584
-2.1631
-1.8053
-1.9155
-2.2384
-2.2886
-2.2886
-1.7486
-1.357
-1.501
-1.7071
-2.498
-2.5787
-1.621
-1.2305
-0.65995
-1.0788
-1.0788
-0.21598
-0.0087266
-0.021817
-0.07963
-0.49196
-0.49196
-1.0537
-0.85521
-0.34143
-0.2378
-0.82248
-0.82248
-0.75158
-0.21162
0.26507
0.2378
0.055632
0.055632
0.043633
0.27052
0.18871
0.18871
0.18108
0.03927
0.55305
0.67304
0.27489
0.020726
0.020726
-0.0076358
0.0021817
-0.0021817
-0.0043633
-0.0021817
-0.0021817
-0.0021817
0.020726
0.0043633
0
-0.0087266
-0.0076358
0.0032725
0.0087266
0.014181
0.022907
0.022907
0.020726
0.011999
0.050178
0.20289
0.36325
0.36325
0.025089
0.064359
0.29561
0.37961
0.54214
0.54214
0.07854
-0.0010908
0.0010908
0.03927
0.6185
0.6185
1.0286
0.65122
0.12763
0.053451
0.12435
0.12435
0.099265
0.40142
0.73413
0.73413
0.43197
0.61632
1.1312
0.7614
-1.0516
-1.537
-1.537
-1.898
-2.2667
-2.5569
-2.1664
-1.6504
-1.6504
-2.2286
-2.6769
-2.4805
-2.1446
-1.9984
-1.9984
-1.7093
-1.249
-1.249
-0.74285
-0.29125
-0.29125
-0.10799
-0.086175
-0.041451
-0.063268
-0.25307
-0.25307
-0.29452
-0.064359
-0.071995
-0.3567
-0.56941
-0.56941
-0.45924
-0.21053
-0.034906
-0.031634
0.087266
0.087266
0.006545
-0.11236
-0.31634
-0.19526
-0.010908
-0.010908
0.0032725
-0.006545
0.0054541
0.0098174
0.0010908
0.0010908
-0.0087266
-0.006545
-0.0054541
-0.0054541
-0.0010908
-0.0010908
0.0010908
0.0010908
0.0032725
0
-0.0021817
-0.0021817
0.0032725
0.010908
0.010908
0.0076358
0.0076358
0.006545
0.006545
0.045815
0.25744
0.38506
0.38506
0.046906
0.16471
0.47996
0.79521
0.15272
0.15272
0.0054541
0.0021817
0.0021817
0.037088
0.36979
0.36979
0.74722
0.73522
0.32834
0.090539
0.029452
0.029452
0.14508
0.5705
0.78649
0.5945
0.55305
0.55305
0.79194
-0.076358
-1.1377
-1.297
-1.7748
-1.7748
-2.1064
-2.3605
-2.1991
-2.4358
-2.426
-2.426
-2.3507
-2.2591
-1.8239
-1.8031
-1.7835
-1.7835
-1.0821
-0.66977
-0.93048
-0.60323
-0.13199
-0.13199
-0.1789
-0.042542
-0.031634
-0.025089
-0.021817
-0.021817
-0.034906
-0.049087
-0.038179
-0.41779
-0.60105
-0.60105
-0.45597
-0.20835
-0.076358
-0.33488
-0.45487
-0.45487
-0.21271
-0.41888
-0.082903
0.0021817
0.0021817
0.0032725
0.0032725
0.014181
0.0054541
0.0032725
0.0032725
-0.0043633
-0.0054541
0.0010908
0.0010908
0.0010908
-0.0043633
0.0032725
0.0054541
-0.0043633
0.0010908
0.006545
0.006545
0.006545
0.006545
0.010908
0.0054541
0.0032725
0.0032725
0.0032725
0.050178
0.29998
0.29998
0.31307
0.056723
0.029452
0.081812
0.10145
0.10145
0.006545
0.0098174
0.0043633
0.010908
0.10908
0.54214
0.54214
0.82248
0.46906
0.05236
0.053451
0.4047
0.4047
0.73849
0.73085
0.41888
0.35561
0.35561
0.58032
0.24107
-0.65122
-1.2195
-1.7268
-1.7268
-1.669
-2.3366
-2.4424
-2.1806
-2.5318
-2.5318
-2.6311
-2.1806
-1.8413
-2.2635
-1.597
-1.597
-0.57377
-0.77994
-0.89011
-0.53123
-0.14944
-0.14944
-0.10581
-0.06654
-0.037088
-0.018544
-0.010908
-0.010908
-0.006545
-0.029452
-0.038179
-0.056723
-0.3087
-0.3087
-0.18217
-0.24544
-0.26071
-0.42324
-0.49742
-0.49742
-0.58905
-0.30543
-0.11672
0.0021817
0.0021817
0.0043633
0.006545
0.021817
0.01309
-0.0021817
-0.006545
-0.0032725
-0.0032725
0.0043633
-0.0043633
-0.0043633
0.0032725
0.0032725
0
-0.0054541
0.0054541
0.0054541
0.0087266
0.0087266
0.010908
0.0098174
0.0043633
0.0043633
0.010908
0.010908
0.033816
0.34034
0.10145
0.10145
0.014181
0.014181
0.062177
0
0.0021817
0.0043633
0.0043633
0.006545
0.10036
0.62395
0.62395
0.57596
0.056723
0.11999
0.38943
0.68613
0.68613
0.82139
0.50505
0.095993
0.32616
0.31416
0.31416
-0.27816
-0.78103
-1.4475
-1.753
-1.9897
-1.9897
-2.1566
-2.4882
-2.6943
-2.6158
-2.3322
-2.3322
-2.3496
-2.0071
-1.2348
-0.90975
-1.0723
-1.0723
-0.87375
-0.65231
-0.12435
-0.1789
-0.05236
-0.05236
-0.023998
-0.015272
-0.023998
-0.018544
-0.042542
-0.042542
-0.070904
-0.01309
0.011999
-0.016362
-0.095993
-0.095993
-0.36652
-0.66977
-0.57268
-0.47015
-0.54978
-0.54978
-0.31525
-0.094902
-0.0032725
0.16581
0.023998
0.023998
0.0043633
0.0043633
0.0087266
-0.0021817
-0.0021817
-0.0021817
0.0021817
0.0043633
0
0.0032725
0.0032725
-0.0043633
-0.0043633
-0.0054541
0.0021817
0.0054541
0.0054541
0.0087266
0.011999
0.0087266
0.0032725
0.006545
0.006545
0.029452
0.19526
0.35779
0.10036
0.017453
0.017453
0.016362
0.14508
0.051269
0.0087266
-0.0010908
-0.0010908
0.0043633
0.0054541
0.056723
0.44178
0.61304
0.61304
0.17235
0.14508
0.46796
0.42869
0.51378
0.51378
0.47342
0.62723
0.61086
0.32398
-0.006545
-0.006545
-0.10254
-0.86284
-1.7213
-2.306
-2.1042
-2.1042
-2.0355
-2.0562
-2.546
-2.8481
-2.4784
-2.4784
-1.7486
-1.7508
-1.4944
-1.1094
-0.88684
-0.88684
-0.45051
0.076358
-0.028361
-0.05236
-0.045815
-0.045815
-0.16799
-0.15817
-0.028361
-0.05236
-0.05236
-0.06654
-0.0054541
0.0087266
0.0043633
0.020726
0.020726
-0.040361
-0.24762
-0.43742
-0.50396
-0.2738
-0.2738
-0.088357
-0.073085
0.014181
0.25525
0.44288
0.44288
0.063268
-0.0087266
-0.0010908
-0.0032725
0.0010908
0.0010908
-0.0010908
0.0054541
-0.0021817
0.01309
0.017453
0.017453
0.037088
0.014181
0.014181
0.0032725
0.0032725
0.01309
0.0076358
0.0076358
0.006545
0.0043633
0.0043633
0.006545
0.16471
0.46578
0.20398
0.17671
0.17671
0.18762
0.4276
0.58032
0.5356
0.025089
0.025089
-0.0010908
-0.0021817
-0.0043633
0.018544
0.041451
0.041451
0.006545
0.0032725
0.028361
0.30325
0.54214
0.54214
0.33707
0.25634
0.53669
0.68504
0.47669
0.47669
-0.19308
-0.62286
-0.27489
-0.13853
-1.6046
-1.6046
-2.4893
-2.1413
-1.8031
-2.4096
-2.7303
-2.7303
-2.3889
-2.3922
-2.0257
-0.74067
-0.78867
-0.78867
-1.549
-1.3144
-0.0043633
-0.031634
-0.088357
-0.088357
-0.2967
-0.69049
-1.1181
-0.76249
-0.1189
-0.1189
-0.076358
-0.06654
0.0032725
0.080721
0.15599
0.15599
-0.032725
-0.22362
-0.34688
-0.40688
-0.27162
-0.27162
0.0087266
0.17017
0.25962
0.28252
0.28252
0.15053
0.33597
0.15599
0.022907
0
-0.0010908
-0.0010908
-0.0010908
-0.0043633
-0.02618
-0.0098174
-0.0098174
0.029452
0.016362
0.0076358
0.0043633
0.0032725
0
0
0.0010908
-0.0010908
-0.0043633
0.0054541
0.0098174
0.11126
0.11126
0.50396
1.0603
0.90211
0.29452
0.29452
0.17562
0.30761
0.3447
0.11563
0.11563
0.12981
0.11781
0.11672
0.10254
0.051269
0.051269
0.015272
0.016362
0.0032725
0.014181
0.050178
0.050178
0.01309
-0.011999
-0.058905
-0.14072
-0.18762
-0.18762
-0.40797
-0.43633
-0.58032
-0.75158
-0.75158
-1.3679
-2.2318
-2.9681
-2.6845
-1.5544
-1.4966
-1.4966
-2.3671
-2.9769
-2.9212
-1.946
-1.1955
-1.1955
-1.6242
-1.6395
-0.13635
0.075267
-0.043633
-0.043633
-0.083994
-0.24871
-0.49524
-0.68395
-0.24544
-0.24544
-0.094902
-0.27598
-0.083994
-0.06545
-0.0010908
-0.0010908
-0.0021817
-0.0032725
-0.12545
-0.23126
-0.12435
-0.12435
-0.016362
0.017453
0.091629
0.17017
0.17671
0.17671
0.22035
0.042542
-0.0010908
0
0.0021817
0.0021817
0.0010908
0.0054541
0.0043633
-0.0010908
0.0010908
0.0010908
0.0010908
0.0043633
0.0032725
0.0098174
0.0098174
0.0076358
0.006545
0.0021817
0.0054541
0.020726
0.020726
0.068722
0.58686
1.2926
1.4595
0.92502
0.92502
0.44069
0.31198
0.41342
0.58686
0.17562
0.28689
0.40033
0.40033
0.31852
0.34688
0.13526
0.0021817
0.0021817
-0.0076358
-0.0076358
-0.0076358
0.0021817
0.0010908
-0.006545
-0.006545
-0.023998
-0.033816
-0.10472
-0.33816
-0.66104
-0.66104
-1.1061
-1.4792
-1.6755
-1.6755
-2.6594
-2.5078
-2.5078
-2.174
-2.294
-2.294
-2.6082
-2.0126
-2.0126
-1.537
-1.4715
-1.3297
-0.63595
-0.0098174
-0.023998
-0.023998
-0.07854
-0.54323
-1.2566
-0.72322
-0.21817
-0.21817
-0.045815
-0.022907
-0.022907
0.020726
0.028361
0.028361
-0.055632
-0.06545
-0.13417
-0.1789
-0.23562
-0.23562
-0.1189
0.1189
0.019635
0.10145
0.48978
0.48978
0.60759
0.14726
0.0098174
0.006545
0.0054541
0.0054541
0.0043633
-0.0043633
-0.0021817
0.0043633
0.0021817
0.0021817
-0.0032725
-0.0010908
0.0043633
0.006545
0.006545
0.0098174
0.0098174
0.0032725
0.0032725
0.023998
0.23562
0.83012
1.8784
1.862
0.6065
0.097084
0.097084
0.33707
0.65013
0.77994
0.21707
0.038179
0.038179
0.025089
0.045815
0.12435
0.10363
0.028361
0.0010908
0.0010908
0.24544
0.25089
0.022907
0.022907
-0.014181
-0.015272
-0.018544
-0.10908
-0.32725
-0.32725
-0.80176
-1.7061
-1.1781
-0.58032
-1.0363
-1.0363
-2.0562
-2.2406
-1.4606
-1.4584
-1.9013
-1.9013
-2.0213
-2.1118
-2.0137
-1.6701
-1.0974
-1.0974
-0.61195
-0.040361
0.020726
-0.0087266
-0.046906
-0.046906
-0.40797
-0.94247
-0.86503
-0.12872
-0.031634
-0.031634
-0.0076358
-0.015272
-0.010908
0.0010908
0.020726
0.020726
-0.010908
-0.045815
-0.033816
-0.045815
-0.01309
-0.01309
-0.0010908
0.006545
-0.022907
-0.059995
-0.059995
-0.21817
-0.31852
-0.27052
-0.20835
-0.14399
-0.14399
-0.23453
-0.3327
-0.29561
-0.10581
-0.006545
-0.006545
-0.006545
-0.0043633
-0.0032725
-0.0076358
-0.0087266
-0.0087266
-0.006545
-0.0032725
0.0010908
-0.0032725
-0.0021817
0
0
-0.0010908
0.0010908
0.0043633
0.0043633
-0.0043633
0.0032725
0.0021817
0.0010908
0.0010908
-0.0010908
0.0021817
0.0010908
-0.0010908
0.0010908
0.0043633
0.0032725
0.0010908
-0.0010908
0
-0.0032725
-0.0010908
0.0010908
-0.0010908
-0.0010908
0.0021817
0.0021817
0.0010908
0
-0.0021817
-0.0021817
-0.0032725
0.0010908
0.0010908
0.0010908
0
0.0010908
0.0032725
0.0010908
0.0021817
-0.0010908
-0.0032725
0
0
0
-0.0021817
-0.0010908
-0.0021817
0
0.0032725
0.0010908
-0.0043633
0
-0.0010908
0.0010908
0.0010908
0.0032725
-0.0010908
-0.0021817
0
-0.0021817
-0.0021817
0.0010908
0
0.0010908
-0.0010908
-0.0010908
-0.0043633
0.0010908
-0.0010908
-0.0010908
-0.0021817
0.0032725
0
0
0.0021817
0
0
0.0021817
0.0032725
0.0021817
-0.0032725
-0.0010908
0.0021817
0.0010908
0.0021817
0.0032725
0.0010908
0
-0.0010908
-0.0043633
0
0
-0.0043633
0
-0.0010908
0.0010908
0.0010908
0.0043633
0.0043633
0.0021817
-0.0010908
-0.0032725
0
0
0
-0.0043633
0.0021817
0
0.0010908
0.0010908
0.0010908
0.0021817
0.0032725
0.0021817
-0.0032725
-0.0021817
-0.0032725
0.0021817
-0.0010908
-0.0021817
-0.0021817
-0.0032725
-0.0010908
0.0010908
0.0021817
-0.0032725
0.0010908
0.0010908
0.0043633
0.0021817
-0.0010908
0
-0.0021817
-0.0010908
-0.0010908
-0.0032725
-0.0010908
-0.0010908
-0.0010908
0.0010908
0
0.0010908
-0.0032725
0.0010908
-0.0021817
-0.0021817
-0.0010908
0.0010908
0.0010908
0.0010908
0.0043633
0.0054541
0.0010908
0
0.0032725
-0.0010908
0
0.0010908
0.0021817
0.0010908
-0.0010908
0.0021817
0.0032725
0.0010908
0.0010908
-0.0010908
-0.0010908
0
-0.0021817
-0.0021817
0
-0.0010908
-0.0010908
-0.0010908
-0.0010908
-0.0021817
-0.0010908
0.0010908
0.0010908
0
0
-0.0010908
-0.0032725
-0.0010908
-0.0043633
-0.0010908
0.0010908
-0.0054541
-0.0021817
-0.0010908
-0.0021817
0
-0.0010908
-0.0010908
0.0010908
-0.0010908
0.0010908
0.0021817
0.0021817
0
0
-0.0010908
-0.0032725
-0.0054541
-0.0043633
-0.0032725
-0.0021817
-0.0021817
-0.0032725
-0.0010908
-0.0010908
-0.0032725
0.0010908
-0.0032725
-0.0010908
0.0010908
-0.0021817
0
-0.0021817
-0.0010908
-0.0043633
-0.0021817
-0.0010908
0
0
0.0010908
0
0
-0.0021817
-0.0043633
-0.0010908
0.0010908
0
-0.0043633
-0.0010908
0
0
0.0010908
-0.0010908
-0.0010908
-0.0032725
-0.0043633
-0.0021817
-0.0043633
-0.0032725
-0.0021817
-0.0032725
-0.0010908
-0.0032725
-0.0032725
-0.0010908
0
0
0.0010908
-0.0021817
0.0021817
0.0021817
0.0010908
-0.0010908
-0.0010908
0
0.0032725
0.0010908
0.0043633
-0.0021817
0
0
0
0
-0.0010908
-0.0010908
-0.0010908
0.0010908
0.0010908
-0.0010908
-0.0032725
0.0032725
-0.0010908
0.0010908
0.0021817
0.0010908
-0.0010908
-0.0010908
-0.0021817
0.0010908
0.0021817
-0.0010908
0.0032725
0.0021817
-0.0010908
-0.0010908
0.0021817
0.0032725
0
0
-0.0032725
0.0032725
0.0010908
0.0032725
-0.0010908
0
0.0043633
0.0010908
0.0010908
0.0021817
0.0010908
0.0010908
-0.0010908
0.0010908
-0.0021817
0.0010908
0.0021817
-0.0010908
-0.0010908
-0.0010908
0.0021817
0.0021817
0.0021817
0
0.0010908
-0.0043633
-0.0021817
-0.0010908
-0.0010908
0.0010908
0
0.0021817
0.0010908
0.0010908
0.0010908
-0.0021817
0
0
0
0.0021817
0.0010908
0.0021817
0.0021817
0.0043633
0.006545
0.0010908
0.0010908
0
0
0
0.0021817
0.0021817
-0.0010908
-0.0010908
0.0010908
0
0.0032725
-0.0021817
-0.0021817
0
0
0.0010908
0.0010908
0.0010908
-0.0021817
-0.0010908
-0.0010908
0.0010908
0.0010908
0.0021817
-0.0021817
0.0010908
0
0
0
0.0010908
0.0010908
0.0010908
0.0010908
0
0.0010908
0.0021817
0.0032725
0.0032725
0
0.0032725
-0.0010908
0
0
0.0021817
0.0032725
0
-0.0010908
-0.0010908
-0.0010908
0.0021817
0.0010908
0.0021817
0.0021817
-0.0010908
0.0010908
0
0.0032725
0.0032725
0.0021817
0.0010908
0
0.0043633
0.0043633
0.0010908
0.0021817
0.0010908
0.0021817
0.0021817
0.0010908
0.0010908
-0.0021817
-0.0010908
-0.0010908
-0.0021817
-0.0010908
-0.0010908
0
0
-0.0021817
0
0.0021817
0
-0.0010908
0.0010908
-0.0032725
-0.0010908
-0.0010908
-0.0010908
-0.0010908
-0.0010908
0.0021817
0
0.0010908
-0.0010908
0.0010908
0
-0.0021817
0.0010908
-0.0010908
-0.0021817
0.0021817
0.0032725
0.0021817
0
0.0021817
0.0021817
0
-0.0010908
0.0021817
0.0010908
0.0021817
0.0032725
0.0010908
-0.0032725
-0.0032725
-0.0010908
-0.0010908
-0.0010908
0.0010908
-0.0054541
0.0021817
-0.0010908
-0.0032725
0.0021817
0.0021817
0.0043633
0
-0.0021817
-0.0010908
0.006545
0.0021817
-0.0010908
-0.0021817
0.0010908
0
0
-0.0010908
-0.0032725
-0.0032725
-0.0010908
-0.0054541
-0.0043633
-0.0043633
-0.0021817
0.0010908
-0.016362
-0.023998
-0.022907
-0.0098174
-0.0098174
-0.015272
-0.015272
-0.015272
-0.027271
-0.017453
-0.017453
0.006545
0.090539
0.13635
0.045815
0.054541
0.054541
0.053451
0.091629
0.17017
0.10145
0.52032
0.52032
0.28034
0.29125
1.2621
0.53341
-0.68722
-0.68722
-0.63595
-0.24107
-0.11781
-0.10254
-0.16253
0.032725
0.032725
0.025089
0.0032725
0.0043633
-0.011999
-0.015272
-0.015272
-0.014181
-0.022907
-0.032725
-0.032725
-0.0076358
0.011999
0.014181
0.014181
0.35452
0.93157
1.177
1.165
1.7868
2.4445
1.9722
1.225
1.225
1.0494
0.9632
1.0112
1.0494
1.0723
1.0723
1.1181
1.8719
1.5926
0.99592
0.33379
0.59559
0.52032
0.52032
0.016362
-0.047996
-0.0021817
-0.0054541
-0.020726
-0.06545
-0.22362
-0.52687
-0.52687
-1.2403
-1.8522
-1.8162
-1.3254
-0.62068
-0.62068
-0.19308
0.5705
0.86939
0.32179
0.006545
-0.33379
-0.33379
-0.70249
-0.82576
-1.1945
-0.74722
-0.32398
-0.10472
-0.0098174
-0.0098174
-0.0087266
0.0076358
0.010908
0.028361
0.0054541
-0.040361
-0.011999
-0.011999
0.015272
0.014181
0.017453
0.02618
0.071995
0.071995
0.16908
0.02618
0.10908
0.24653
-0.7963
-0.7963
-0.51269
-0.51269
-0.50833
0.045815
0
0
-0.062177
-0.062177
-0.021817
-0.019635
-0.015272
-0.015272
-0.031634
-0.032725
-0.022907
-0.01309
-0.0076358
-0.0076358
0.011999
0.037088
0.1429
0.3567
0.83448
0.83448
0.80285
0.42433
0.12872
0.097084
0.5356
0.5356
0.82576
1.6002
2.4325
2.1413
0.95993
0.95993
0.72758
1.2043
1.2545
1.4901
1.4824
1.4824
1.3472
0.86393
0.050178
0.058905
0.52796
0.52796
1.2119
0.90866
0.19744
-0.051269
-0.069813
-0.069813
-0.025089
-0.059995
-0.42106
-0.37088
-0.97193
-0.97193
-0.96647
-0.55305
0.053451
0.011999
-0.33052
-0.33052
-0.069813
0.077449
-0.20835
-0.070904
-0.43415
-0.43415
-0.82139
-0.99592
-0.85521
-0.56068
-0.29998
-0.29998
-0.11345
0.016362
-0.0098174
-0.0098174
-0.0021817
-0.0021817
-0.0010908
-0.038179
-0.025089
0.0098174
0.034906
0.034906
0.042542
0.063268
0.32288
0.32398
0.31198
0.31198
1.2566
0.68613
-0.71449
-0.95993
0.25307
0.25307
0.081812
-0.23235
-0.06545
0.068722
-0.0010908
-0.0010908
-0.056723
-0.019635
-0.0032725
-0.0054541
-0.014181
-0.014181
-0.021817
-0.03927
-0.059995
-0.12217
-0.076358
-0.076358
0.044724
0.33597
0.49414
0.61304
0.20071
0.20071
0.05236
0.010908
0.045815
0.050178
0.22907
0.22907
0.64795
1.0963
1.4923
2.0988
1.4748
1.4748
0.60323
0.42979
1.345
1.5915
0.28907
0.28907
-0.02618
0.03927
0.31307
0.38724
0.021817
0.021817
-0.0098174
0.0043633
0.02618
-0.0054541
-0.020726
-0.020726
-0.11236
-0.61959
-0.65122
-0.49087
-1.5686
-1.5686
-1.8173
-1.7355
-0.93157
-0.36215
-0.033816
-0.033816
0.13417
0.30434
0.041451
-0.47669
-0.68722
-0.68722
-0.71776
-0.6425
-0.43851
-0.48433
-0.9872
-0.9872
-0.41888
0.017453
0
0.0010908
0.0032725
0.0032725
0.0010908
0.0043633
-0.028361
-0.030543
-0.043633
-0.043633
-0.054541
-0.28689
-0.15162
0.1789
0.028361
0.028361
-0.53778
-0.2138
0.19635
-0.31198
-0.090539
-0.090539
-0.06654
-0.50069
-0.37961
-0.36761
-0.050178
-0.050178
0.051269
0.06545
0.11672
0.047996
0.016362
0.016362
-0.01309
-0.035997
-0.035997
-0.02618
0.0010908
0.0010908
0.23889
0.44615
0.64468
0.74503
0.67522
0.67522
0.38615
0.07854
0.24871
0.55305
0.37524
0.37524
0.18544
0.076358
-0.021817
0.30325
0.51596
0.51596
0.69158
0.49305
0.011999
-0.016362
0.0043633
0.0043633
-0.032725
-0.020726
-0.018544
-0.0043633
0.019635
0.019635
0.0076358
-0.027271
-0.14835
-0.21817
-0.37088
-0.37088
-0.59341
-0.19089
-0.26398
-0.56068
-0.56178
-0.56178
-1.4235
-1.9188
-1.3123
-0.2858
0.068722
0.068722
0.14726
0.37088
0.21707
-0.10254
-0.52796
-0.52796
-0.84757
-0.77449
-0.22144
0.10145
0.13963
0.13963
-0.30107
-0.25525
-0.07963
-0.0054541
-0.011999
-0.011999
-0.12872
-0.033816
-0.07854
-0.0076358
-0.01309
-0.01309
-0.21926
-0.14617
0.54869
0.40906
0.36652
0.36652
0.70358
1.1803
0.22253
-1.0123
-0.99047
-0.99047
-0.18653
-0.24871
0.093811
0.045815
0.17453
0.17453
0.22362
0.14944
0.038179
0.03927
0.019635
0.019635
-0.021817
-0.033816
-0.030543
-0.019635
0.025089
0.025089
0.018544
0.031634
0.0054541
0
-0.0054541
-0.0054541
-0.0043633
0.0087266
-0.011999
-0.014181
-0.22144
-0.22144
-0.30979
-0.21271
-0.18762
0.38615
0.64795
0.64795
0.056723
-0.0087266
-0.027271
-0.028361
0.010908
0.010908
0.011999
0.030543
0.016362
0.021817
0.033816
0.033816
0.015272
-0.2378
-0.38397
-0.057814
0.16253
0.16253
0.24653
0.041451
-0.030543
0.0098174
0.0087266
0.0087266
0.0032725
0.030543
0.080721
0.32288
0.93375
0.93375
0.92829
1.0646
1.1061
0.90975
0.96865
0.96865
0.99156
0.48651
0.071995
-0.089448
0.073085
0.073085
0.097084
-0.0087266
-0.21817
-0.1549
-0.14835
-0.14835
-0.22253
-0.28143
-0.32507
-0.24216
-0.073085
-0.073085
0.010908
0.042542
0.10581
0.095993
0.032725
0.032725
0.031634
0.18653
0.17017
0.070904
0.037088
0.037088
-0.0054541
-0.0054541
0.0010908
0.0021817
-0.0010908
-0.0010908
-0.015272
-0.025089
-0.020726
-0.015272
-0.0087266
-0.0087266
-0.010908
-0.017453
-0.010908
-0.0054541
-0.0043633
-0.0043633
0.0076358
0.0054541
0.0021817
0.0021817
0.0076358
0.0076358
0.0087266
0.0087266
0.0087266
0.01309
0.010908
0.010908
0.01309
0.01309
0.010908
0.015272
0.011999
0.011999
-0.0054541
-0.0054541
-0.011999
-0.0076358
-0.0054541
-0.0054541
-0.0098174
-0.0054541
0.0010908
-0.0010908
-0.0010908
0.0032725
-0.0032725
-0.0076358
-0.0010908
-0.0010908
-0.0010908
-0.0010908
-0.0010908
0.0010908
-0.0032725
-0.0054541
-0.0032725
-0.0010908
-0.0032725
-0.0021817
-0.0010908
-0.0021817
0.0010908
0.0032725
0.0021817
0.0021817
-0.0021817
-0.0021817
0.0010908
-0.0010908
0.0021817
0.0032725
0.0054541
-0.0010908
-0.0010908
0.0010908
0
-0.0032725
-0.0021817
-0.0021817
-0.0021817
-0.0021817
-0.0032725
-0.0021817
0
-0.0010908
0.0032725
0.0043633
-0.0010908
0
-0.0021817
-0.0021817
-0.0021817
-0.0032725
-0.0010908
-0.0010908
0.0010908
-0.0010908
-0.0010908
0.0021817
0.0010908
0
-0.0032725
-0.0021817
0
0
0
0.0021817
0
-0.0032725
-0.0010908
0.0021817
0.0032725
0
0.0010908
0.0021817
0.0032725
-0.0010908
0.0010908
-0.0010908
0.0010908
-0.0021817
-0.0021817
-0.0010908
0.0010908
0
0.0010908
-0.0010908
-0.0032725
0
0
-0.0010908
-0.0021817
0
0.0032725
0.0010908
0
0.0010908
-0.0021817
0.0010908
0.0032725
0.0032725
-0.0010908
-0.0010908
0.0010908
-0.0021817
-0.0021817
0.0010908
0.0010908
0
-0.0021817
-0.0021817
0
-0.0021817
0.0010908
0
0.0010908
-0.0021817
0
-0.0010908
0.0032725
0.0032725
0.0010908
0
0
0.0032725
-0.0010908
-0.0010908
-0.0021817
-0.0021817
0
0
0.0021817
-0.0010908
-0.0010908
0.0010908
0.0010908
0.0010908
-0.0010908
-0.0054541
0.0010908
0.0010908
0.0021817
0.0010908
0.0021817
-0.0021817
-0.0010908
-0.0021817
-0.0010908
-0.0021817
0
0
-0.0010908
-0.0021817
-0.0021817
-0.0032725
-0.0032725
0.0010908
-0.0010908
0.0010908
0.0054541
0.0054541
-0.0010908
0
-0.0054541
0
0
0.0032725
-0.0032725
0.0010908
-0.0021817
-0.0021817
0.0010908
0.0010908
0.0032725
-0.0010908
-0.0010908
0.0010908
-0.0010908
0
-0.0010908
-0.0010908
0.0032725
0.0010908
0.0021817
0.0010908
0.0010908
0.0010908
-0.0010908
-0.0032725
0
0
0.0021817
0.0010908
-0.0010908
0.0032725
0.0032725
0
0.0010908
0.0010908
0.0010908
0.0010908
0.0021817
-0.0010908
-0.0021817
0.0010908
0.0010908
0
0.0021817
0.0010908
-0.0010908
-0.0010908
0
0
0.0021817
0
0
0
-0.0054541
0
0
0
-0.0032725
-0.0010908
-0.0021817
0.0010908
0.0010908
0.0021817
0.0021817
0.0010908
-0.0021817
-0.0021817
-0.0010908
0.0021817
-0.0021817
-0.0021817
0
-0.0010908
0.0032725
0.0021817
0.0010908
0.0010908
-0.0010908
-0.0010908
-0.0032725
0.0032725
0.0032725
-0.0010908
0.0010908
0.0021817
0.0021817
0.0021817
0.0010908
0
0.0010908
0.0010908
0.0032725
-0.0010908
-0.0010908
-0.0010908
0.0010908
-0.0010908
0
-0.0021817
-0.0021817
0
0
0.0021817
0.0010908
0.0021817
0
-0.0021817
0.0021817
0.0010908
-0.0010908
-0.0021817
-0.0010908
-0.0032725
0
-0.0010908
0.0021817
0
-0.0010908
0.0010908
0.0021817
0.0021817
0.0010908
0.0010908
0.0010908
-0.0032725
-0.0010908
-0.0010908
-0.0021817
0.0010908
-0.0021817
-0.0010908
-0.0021817
0
-0.0032725
-0.0010908
0
-0.0010908
-0.0010908
0.0010908
0.0010908
0.0010908
0.0010908
0
0
0
0
-0.0021817
0.0010908
0.0032725
0.0010908
0.0021817
0
0.0043633
0.0010908
-0.0010908
-0.0010908
0.0010908
0.0043633
-0.0010908
-0.0010908
0
0.0032725
0.0010908
0
0.0010908
0
0
-0.0010908
0.0021817
-0.0010908
0
0
-0.0010908
0.0010908
-0.0021817
0.0010908
-0.0010908
-0.0010908
0.0010908
0
-0.0021817
0.0021817
0.0021817
0.0021817
0.0010908
0.0032725
0.0010908
0.0032725
0.0021817
-0.0021817
0.0021817
-0.0032725
0
0
-0.0010908
-0.0032725
-0.0032725
0.0043633
0.0054541
0.0021817
-0.0010908
0.0043633
0.0021817
0.0010908
0.0032725
0.0021817
0
0.0021817
0.0021817
0.0010908
0.0010908
0.0021817
0.0032725
0.0010908
0
0.0010908
0.0021817
0
0.0021817
-0.0010908
-0.0032725
0.0010908
0
0
-0.0021817
0.0010908
0.0054541
0
0.0032725
0.0010908
0.0032725
0.0010908
-0.0010908
-0.0010908
-0.0010908
-0.0032725
0.0021817
0.0021817
0.0010908
0.0010908
0.0032725
0.0021817
-0.0021817
-0.0010908
0.0021817
0
-0.0021817
0
0
-0.0010908
0
0
-0.0010908
0.0010908
-0.0010908
-0.0032725
-0.0010908
0.0021817
0
-0.0010908
0
0
0.0010908
0.0010908
0
-0.0010908
0
0.0010908
-0.0032725
-0.0021817
0.0032725
0.0010908
0.0010908
0.0010908
0
-0.0010908
-0.0010908
0
-0.0010908
0
0.0010908
-0.0021817
0.0010908
-0.0010908
-0.0021817
-0.0010908
0
-0.0010908
-0.0010908
-0.0010908
0
-0.0021817
0.0010908
0
0.0010908
0
0
0.0010908
-0.0032725
-0.0010908
-0.0010908
-0.0010908
0.0021817
-0.0010908
-0.0032725
-0.0010908
0
0.0021817
0
0.0010908
0.0010908
0.0010908
0.0010908
0.0010908
0.0010908
0.0010908
0.0021817
0
0
-0.0010908
0
-0.0010908
-0.0010908
-0.0021817
-0.0010908
0.0043633
0
0
-0.0021817
0
-0.0021817
0
-0.0010908
0.0021817
0.0021817
0.0032725
-0.0010908
-0.0010908
0.0021817
0.0010908
0.0021817
-0.0021817
0
0
0.0010908
0.0010908
0
0.0010908
-0.0010908
-0.0021817
0
0.0021817
0
-0.0010908
-0.0010908
-0.0021817
0.0021817
0.0021817
0.0010908
0
0
-0.0054541
0.0021817
0.0021817
-0.0010908
-0.0021817
0
0.0010908
0.0021817
-0.0010908
0
0.0021817
-0.0010908
-0.0010908
0.0021817
0.0010908
-0.0032725
0.0032725
0.0021817
0
0.0032725
0.0010908
0.0032725
0.0021817
0.0010908
0.0010908
0.0010908
0.0021817
0.0010908
0
0
-0.0032725
-0.0010908
-0.0043633
0.0010908
0.0021817
0.0021817
0.0010908
0.0010908
0.0010908
0.0032725
0.0054541
0.0032725
0.0010908
0
0.0032725
0.0010908
0
-0.0010908
0.0021817
0.0010908
0
-0.0010908
-0.0021817
-0.0021817
-0.0043633
0
-0.0021817
-0.0021817
0
-0.0021817
-0.0021817
-0.0021817
-0.0032725
-0.0032725
0
0
-0.0010908
-0.0021817
0.0021817
0
-0.0010908
-0.0032725
0
0.0010908
-0.0043633
-0.0032725
-0.0010908
-0.0010908
-0.0010908
-0.0010908
0
-0.0032725
0.0021817
-0.0010908
-0.0043633
0.0010908
-0.0010908
-0.0010908
0
0
-0.0032725
-0.0021817
0
0.0010908
-0.0021817
0
-0.0010908
-0.0010908
-0.0032725
0
-0.0032725
0.0032725
0.0010908
0
0.0010908
0.0032725
-0.0010908
0.0021817
0.0010908
0
0.0032725
