-88.125
-88.125
-88.125
-88.125
-88.125
-88.125
-88.125
-88.125
-88.125
-88.125
-88.125
-88.125
-88.125
-88.125
-88.125
-88.125
-88.125
-88.125
-88.125
-88.125
-88.125
-88.125
-88.125
-88.125
-88.125
-88.125
-88.125
-88.125
-88.125
-88.125
-88.125
-88.125
-88.125
-88.125
-88.125
-88.125
-88.125
-88.125
-88.125
-88.125
-88.125
-88.125
-88.125
-88.125
-88.125
-88.125
-88.125
-88.125
-88.125
-88.125
-88.125
-88.125
-88.125
-88.125
-88.125
-88.125
-88.125
-88.125
-88.125
-88.125
-88.125
-88.125
-88.125
-88.125
-88.125
-88.125
-88.125
-88.125
-88.125
-88.125
-88.125
-88.125
-88.125
-88.125
-88.125
-88.125
-88.125
-88.125
-88.125
-88.125
-88.125
-88.125
-88.125
-88.125
-88.125
-88.125
-88.125
-88.125
-88.125
-88.125
-88.125
-88.125
-88.125
-88.125
-88.125
-88.125
-88.125
-88.125
-88.125
-88.125
-88.125
-88.125
-88.125
-88.125
-88.125
-88.125
-88.125
-88.125
-88.125
-88.125
-88.125
-88.125
-88.125
-88.125
-88.125
-88.125
-88.125
-88.125
-88.125
-88.125
-88.125
-88.125
-88.125
-88.125
-88.125
-88.125
-88.125
-88.125
-88.125
-88.125
-88.125
-88.125
-88.125
-88.125
-88.125
-88.125
-88.125
-88.125
-88.125
-88.125
-88.125
-88.125
-88.125
-88.125
-88.125
-88.125
-88.125
-88.125
-88.125
-88.125
-88.125
-88.125
-88.125
-88.125
-88.125
-88.125
-88.125
-88.125
-88.125
-88.125
-88.125
-88.125
-88.125
-88.125
-88.125
-88.125
-88.125
-88.125
-88.125
-88.125
-88.125
-88.125
-88.125
-88.125
-88.125
-88.125
-88.125
-88.125
-88.125
-88.125
-88.125
-88.125
-88.125
-88.125
-88.125
-88.125
-88.125
-88.125
-88.125
-88.125
-88.125
-88.125
-88.125
-88.125
-88.125
-88.125
-88.125
-88.125
-88.125
-88.125
-88.125
-88.125
-88.125
-88.125
-88.125
-88.125
-88.125
-88.125
-88.125
-88.125
-88.125
-88.125
-88.125
-88.125
-88.125
-88.125
-88.125
-88.125
-88.125
-88.125
-88.125
-88.125
-88.125
-88.125
-88.125
-88.125
-88.125
-88.125
-88.125
-88.125
-88.125
-88.125
-88.125
-88.125
-88.125
-88.125
-88.125
-88.125
-88.125
-88.125
-88.125
-88.125
-88.125
-88.125
-88.125
-88.125
-88.125
-88.125
-88.125
-88.125
-88.125
-88.125
-88.125
-88.125
-88.125
-88.125
-88.125
-88.125
-88.125
-88.125
-88.125
-88.125
-88.125
-88.125
-88.125
-88.125
-88.125
-88.125
-88.125
-88.125
-88.125
-88.125
-88.125
-88.125
-88.125
-88.125
-88.125
-88.125
-88.125
-88.125
-88.125
-88.125
-88.125
-88.125
-88.125
-88.125
-88.125
-88.125
-88.125
-88.125
-88.125
-88.125
-88.125
-88.125
-88.125
-88.125
-88.125
-88.125
-88.125
-88.125
-88.125
-88.125
-88.125
-88.125
-88.125
-88.125
-88.125
-88.125
-88.125
-88.125
-88.125
-88.125
-88.125
-88.125
-88.125
-88.125
-88.125
-88.125
-88.125
-88.125
-88.125
-88.125
-88.125
-88.125
-88.125
-88.125
-88.125
-88.125
-88.125
-88.125
-88.125
-88.125
-88.125
-88.125
-88.125
-88.125
-88.125
-88.125
-88.125
-88.125
-88.125
-88.125
-88.125
-88.125
-88.125
-88.125
-88.125
-88.125
-88.125
-88.125
-88.125
-88.125
-88.125
-88.125
-88.125
-88.125
-88.125
-88.125
-88.125
-88.125
-88.125
-88.125
-88.125
-88.125
-88.125
-88.125
-88.125
-88.125
-88.125
-88.125
-88.125
-88.125
-88.125
-88.125
-88.125
-88.125
-88.125
-88.125
-88.125
-88.125
-88.125
-88.125
-88.125
-88.125
-88.125
-88.125
-88.125
-88.125
-88.125
-88.125
-88.125
-88.125
-88.125
-88.125
-88.125
-88.125
-88.125
-88.125
-88.125
-88.125
-88.125
-88.125
-88.125
-88.125
-88.125
-88.125
-88.125
-88.125
-88.125
-88.125
-88.125
-88.125
-88.125
-88.125
-88.125
-88.125
-88.125
-88.125
-88.125
-88.125
-88.125
-88.125
-88.125
-88.125
-88.125
-88.125
-88.125
-88.125
-88.125
-88.125
-88.125
-88.125
-88.125
-88.125
-88.125
-88.125
-88.125
-88.125
-88.125
-88.125
-88.125
-88.125
-88.125
-88.125
-88.125
-88.125
-88.125
-88.125
-88.125
-88.125
-88.125
-88.125
-88.125
-88.125
-88.125
-88.125
-88.125
-88.125
-88.125
-88.125
-88.125
-88.125
-88.125
-88.125
-88.125
-88.125
-88.125
-88.125
-88.125
-88.125
-88.125
-88.125
-88.125
-88.125
-88.125
-88.125
-88.125
-88.125
-88.125
-88.125
-88.125
-88.125
-88.125
-88.125
-88.125
-88.125
-88.125
-88.125
-88.125
-88.125
-88.063
-88.063
-88.063
-88.063
-88.125
-88.125
-88.125
-88.25
-88.25
-88.313
-88.313
-88.313
-88.375
-88.375
-88.375
-88.375
-88.313
-88.313
-88.125
-88.063
-88
-87.938
-87.875
-87.875
-87.875
-87.875
-88
-88.188
-88.188
-88.438
-88.25
-88.25
-88.313
-88.313
-88.313
-88.313
-88.25
-88.125
-88.063
-88.063
-88.063
-88
-88
-87.938
-87.938
-87.938
-87.938
-87.938
-88
-88.125
-88.188
-88.25
-88.25
-88.25
-88.25
-88.375
-88.625
-88.625
-88.625
-88.063
-88
-87.813
-87.125
-86.5
-86.5
-86.125
-85.688
-85.313
-85.063
-84.688
-84.563
-84.563
-85
-86.438
-87.313
-88.313
-88.188
-88.188
-88.25
-88.25
-88.188
-88.188
-88.188
-88.188
-88.125
-88.063
-88.125
-88.125
-88.188
-88.188
-87.75
-87.563
-87.438
-87.313
-87.313
-87.313
-87.375
-87.375
-87.5
-87.625
-87.75
-87.75
-88
-88.313
-88.5
-88.25
-88.188
-88.188
-88.188
-88.188
-88.25
-88.25
-88.313
-88.313
-88.188
-88.063
-88
-88
-88
-88
-88
-88
-88
-88
-88
-88.125
-88.313
-88.313
-88.313
-88.375
-88.375
-88.375
-88.313
-88.25
-88.313
-88.313
-88.313
-88.375
-88.375
-88.375
-88.438
-88.5
-88.563
-88.563
-88.563
-88.625
-88.625
-88.688
-88.688
-88.688
-88.688
-88.688
-88.75
-88.813
-88.938
-88.938
-89.875
-90.063
-90.875
-91.125
-90.938
-90.563
-90.563
-89.938
-89.875
-89
-88.25
-87.5
-87.5
-87.25
-88.563
-88.563
-88.438
-88.313
-88.438
-88.438
-88.5
-88.5
-88.5
-88.375
-88.313
-88.375
-88.375
-88.063
-88.063
-87.875
-87.563
-87.25
-86.875
-86.625
-86.625
-86.438
-86.313
-86.438
-86.563
-86.688
-86.938
-87.188
-87.563
-88
-88.313
-88.188
-88.188
-88.125
-88.125
-88.188
-88.25
-88.25
-88.25
-88.313
-88.313
-88.188
-88.125
-88.063
-88
-88
-88
-88
-87.938
-87.938
-87.938
-87.875
-88
-88.188
-88.375
-88.438
-88.438
-88.25
-88.125
-88.125
-88.125
-88.188
-88.188
-88.188
-88.188
-88.188
-88.188
-88.25
-88.25
-88.25
-88.313
-88.313
-88.375
-88.5
-88.5
-88.438
-88.375
-88.375
-88.438
-88.688
-89.375
-89.813
-89.813
-89.5
-89.625
-88.875
-88.438
-87.938
-87.938
-87.375
-86.5
-86.313
-85.75
-85.438
-84.563
-84.375
-84.75
-86.313
-86.188
-86.188
-87.5
-87.438
-87.563
-87.375
-87.375
-87.375
-87.313
-87.313
-87.063
-86.938
-86.75
-86.375
-86.188
-86
-85.875
-85.875
-85.813
-85.75
-85.813
-86
-86.063
-86.25
-86.5
-86.875
-87.438
-87.875
-87.875
-88.25
-88.063
-88.063
-88
-88.063
-88.063
-88.125
-88.125
-88.063
-87.938
-87.875
-87.875
-87.875
-87.875
-87.813
-87.813
-87.813
-87.813
-87.813
-87.813
-87.813
-87.875
-88
-88.125
-88.25
-88.188
-88.188
-88.25
-88.25
-88.25
-88.188
-88.188
-88.063
-88.063
-88.063
-88.125
-88.25
-88.25
-88.313
-88.313
-88.313
-88.313
-88.375
-88.438
-88.438
-88.438
-88.438
-88.438
-88.5
-88.688
-89.5
-89.5
-89.313
-89.563
-89.25
-88.875
-88.375
-88.375
-87.813
-87.125
-86.875
-86.5
-85.625
-85.438
-84.688
-85.063
-86.563
-86.75
-88.438
-87.813
-88.188
-88.063
-87.938
-87.938
-87.938
-87.938
-87.813
-87.688
-87.438
-87.188
-86.938
-86.75
-86.563
-86.563
-86.563
-86.5
-86.5
-86.563
-86.625
-86.938
-87.188
-87.5
-87.938
-88.125
-88.125
-88.125
-88.063
-88.063
-88.063
-88.063
-88.125
-88.125
-88.125
-88.125
-88.063
-88.063
-88.063
-88.063
-88
-87.938
-87.875
-87.875
-87.875
-87.813
-87.75
-87.75
-87.813
-87.938
-87.938
-88.063
-88.188
-88.125
-88.125
-88.063
-88.063
-88.063
-88.063
-88.063
-88.063
-88.063
-88.063
-88.063
-88.063
-88.063
-88.125
-88.125
-88.125
-88.188
-88.188
-88.25
-88.313
-88.313
-88.313
-88.313
-88.25
-88.375
-88.375
-89
-89
-89
-89.563
-89.813
-89.5
-89.313
-89.313
-88.875
-88.125
-87.563
-87.438
-86.625
-86.625
-86.188
-85.375
-85
-86.813
-86.875
-86.875
-88
-88.125
-88.063
-88.125
-88.063
-88.063
-88.063
-88.125
-88.063
-88.063
-87.938
-87.938
-87.688
-87.5
-87.313
-87.188
-87.125
-87.125
-87.125
-87.125
-87.25
-87.375
-87.563
-87.563
-87.938
-88.063
-88
-88
-88
-88
-88
-88
-88
-88
-88.063
-88
-88
-88
-87.938
-87.938
-87.938
-87.875
-87.875
-87.813
-87.813
-87.813
-87.813
-87.875
-88.063
-88.125
-88.125
-88.063
-88.125
-88.063
-88.063
-88.063
-88.063
-88.063
-88.063
-88
-88
-88
-88
-88.063
-88.063
-88.125
-88.125
-88.125
-88.188
-88.25
-88.25
-88.313
-88.25
-88.25
-88.25
-88.375
-88.688
-89
-89.375
-89.375
-90.063
-90
-89.875
-89.625
-89.063
-89.063
-88.438
-88.063
-87.375
-86.938
-86.313
-86.313
-85.5
-86.813
-87.375
-88.125
-87.938
-87.938
-88.063
-88.063
-88.063
-88.063
-88.063
-88.063
-88
-87.813
-87.625
-87.375
-87.125
-87.063
-86.938
-86.875
-86.813
-86.813
-86.875
-86.938
-87.125
-87.438
-87.813
-87.813
-88.063
-88
-88
-87.938
-87.938
-87.938
-87.938
-87.938
-88
-88
-88
-87.938
-87.875
-87.875
-87.875
-87.813
-87.75
-87.688
-87.688
-87.688
-87.688
-87.688
-87.75
-87.938
-88.063
-88.125
-88.125
-88.063
-88
-87.938
-87.938
-87.938
-87.938
-87.938
-87.938
-87.938
-87.938
-87.938
-88
-88
-88.063
-88.125
-88.125
-88.188
-88.188
-88.188
-88.188
-88.25
-88.25
-88.25
-88.875
-88.938
-89.25
-89.75
-89.75
-89.438
-89.375
-88.875
-88.25
-87.25
-87.25
-87.25
-86.688
-85.938
-85.438
-85.438
-85.188
-85.188
-86.938
-87.25
-88.063
-88
-88
-88.063
-87.938
-87.938
-87.875
-87.875
-87.875
-87.688
-87.563
-87.375
-87.125
-86.875
-86.875
-86.688
-86.563
-86.563
-86.563
-86.563
-86.625
-86.688
-86.75
-87
-87.375
-87.375
-87.75
-88
-87.938
-87.938
-87.875
-87.875
-87.875
-87.875
-87.938
-87.938
-87.938
-87.938
-87.875
-87.875
-87.813
-87.813
-87.75
-87.75
-87.75
-87.688
-87.688
-87.688
-87.688
-87.625
-87.688
-87.813
-88
-88.125
-88.125
-88
-87.938
-87.938
-87.875
-87.938
-87.938
-87.875
-87.875
-87.875
-87.875
-87.875
-87.875
-87.938
-88
-88
-88
-88.125
-88.125
-88.125
-88.188
-88.188
-88.125
-88.188
-88.188
-88.25
-88.625
-89.125
-89.188
-89.563
-89.563
-89.375
-88.938
-88.563
-88.063
-87.188
-87.188
-86.938
-86.375
-85.688
-85
-84.813
-85.063
-86.625
-87.063
-87.875
-88
-88
-87.875
-87.938
-87.813
-87.813
-87.875
-87.688
-87.563
-87.438
-87.25
-86.938
-86.75
-86.625
-86.625
-86.563
-86.625
-86.688
-86.75
-87
-87.313
-87.75
-87.75
-88
-87.938
-87.938
-87.875
-87.875
-87.875
-87.938
-87.938
-87.938
-87.875
-87.875
-87.875
-87.813
-87.813
-87.813
-87.75
-87.75
-87.688
-87.688
-87.688
-87.625
-87.625
-87.625
-87.688
-87.75
-88.063
-88.188
-87.938
-87.938
-87.938
-88
-87.938
-87.875
-87.875
-87.875
-87.875
-87.875
-87.875
-87.938
-87.938
-88
-88
-88
-88.063
-88.125
-88.125
-88.188
-88.188
-88.125
-88.125
-88.25
-88.25
-88.5
-88.75
-88.75
-89.063
-89.063
-89.063
-88.563
-88.063
-87.625
-86.938
-86.75
-86.75
-86.5
-85.625
-85.125
-85
-84.625
-84.625
-86.438
-86.938
-87.875
-88
-88
-88
-88
-87.938
-87.875
-87.938
-87.875
-87.875
-87.813
-87.813
-87.563
-87.375
-87.188
-87.188
-87
-86.875
-86.875
-86.875
-86.938
-87.063
-87.313
-87.625
-87.938
-87.938
-87.938
-87.938
-87.875
-87.875
-87.875
-87.938
-87.938
-87.938
-87.938
-87.938
-87.875
-87.875
-87.875
-87.813
-87.813
-87.75
-87.688
-87.625
-87.625
-87.625
-87.625
-87.625
-87.625
-87.563
-87.563
-87.688
-87.813
-88
-88
-87.938
-87.938
-87.875
-87.813
-87.813
-87.813
-87.813
-87.813
-87.813
-87.813
-87.75
-87.813
-87.813
-87.813
-87.875
-87.875
-88
-88
-88
-88
-88.063
-88.063
-88.125
-88.375
-88.5
-88.5
-88.688
-89.375
-89.313
-89
-88.375
-88.375
-87.813
-87.063
-86.813
-86.25
-85.688
-84.875
-84.688
-84.688
-85.75
-85.75
-86.25
-87.438
-87.813
-87.875
-87.875
-87.875
-87.875
-87.813
-87.813
-87.75
-87.688
-87.563
-87.375
-87.063
-86.875
-86.688
-86.688
-86.688
-86.625
-86.688
-86.688
-86.75
-86.75
-86.938
-87.125
-87.563
-87.875
-87.938
-87.938
-87.875
-87.875
-87.875
-87.875
-87.875
-87.875
-87.875
-87.938
-87.875
-87.813
-87.813
-87.75
-87.75
-87.75
-87.688
-87.688
-87.688
-87.688
-87.688
-87.625
-87.688
-87.688
-87.75
-87.875
-88.125
-88.188
-88.125
-88
-88
-87.875
-87.875
-87.875
-87.875
-87.875
-87.875
-87.875
-87.875
-87.938
-87.938
-88
-88
-88
-88.125
-88.125
-88.125
-88.125
-88.125
-88.063
-88.25
-88.375
-88.938
-88.938
-88.5
-88.688
-88.75
-88.313
-87.813
-87.813
-87.563
-86.938
-86.375
-86.313
-85.688
-85.688
-85.188
-84.75
-84.5
-85.625
-86.5
-86.5
-87.438
-87.875
-87.875
-88
-87.875
-87.875
-87.875
-87.875
-87.875
-87.688
-87.625
-87.625
-87.438
-87.25
-87.063
-86.813
-86.75
-86.688
-86.625
-86.688
-86.813
-87
-87
-87.188
-87.563
-87.875
-87.938
-87.938
-87.938
-87.938
-87.938
-87.938
-87.938
-87.938
-87.938
-88
-87.938
-87.875
-87.813
-87.75
-87.75
-87.75
-87.75
-87.688
-87.625
-87.625
-87.625
-87.625
-87.625
-87.688
-87.875
-88
-88
-88.063
-88
-87.875
-87.875
-87.875
-87.875
-87.875
-87.875
-87.875
-87.875
-87.875
-87.938
-87.938
-87.938
-87.938
-87.938
-88
-88.063
-88.063
-88.063
-88.063
-88.188
-88.188
-88.25
-88.563
-88.5
-88.875
-88.75
-88.438
-88.438
-88.063
-87.563
-87
-86.375
-86.375
-86.438
-85.75
-85.063
-85
-84.313
-84.75
-86.438
-86.625
-87.938
-87.813
-87.813
-87.938
-87.938
-87.813
-87.813
-87.813
-87.688
-87.688
-87.563
-87.5
-87.313
-87.063
-87.063
-86.938
-86.875
-86.75
-86.813
-86.875
-86.875
-87
-87.25
-87.5
-87.875
-87.875
-87.875
-87.813
-87.813
-87.813
-87.813
-87.813
-87.813
-87.813
-87.813
-87.813
-87.813
-87.75
-87.75
-87.688
-87.688
-87.625
-87.625
-87.625
-87.563
-87.5
-87.5
-87.5
-87.5
-87.625
-87.813
-87.938
-87.938
-87.938
-87.75
-87.688
-87.688
-87.688
-87.688
-87.688
-87.688
-87.688
-87.688
-87.688
-87.75
-87.75
-87.813
-87.75
-87.813
-87.938
-88
-88.063
-88.125
-88.125
-88.125
-88.188
-87.313
-87
-86.875
-86.563
-86.563
-85.875
-85.875
-85.688
-85.5
-84.875
-84.875
-84.688
-84.375
-83.625
-83.813
-84.938
-84.938
-85.5
-86.688
-86.75
-87.125
-87.125
-87.125
-87.063
-87.125
-87.313
-87.313
-87
-87
-86.875
-86.688
-86.375
-86.313
-86.25
-86.25
-86.25
-86.25
-86.125
-86.188
-86.25
-86.375
-86.5
-86.688
-87.125
-87.75
-87.75
-87.938
-87.875
-87.813
-87.813
-87.813
-87.813
-87.813
-87.813
-87.75
-87.688
-87.688
-87.688
-87.688
-87.688
-87.813
-87.875
-87.875
-87.938
-87.875
-87.75
-87.75
-87.75
-87.938
-88.125
-88.375
-88.688
-88.688
-88.438
-88.438
-88.188
-88
-87.938
-87.875
-87.875
-87.875
-87.875
-87.875
-87.875
-87.938
-87.938
-87.938
-87.938
-88
-88
-88.063
-88.063
-88.125
-88.125
-88.125
-88.125
-88.313
-88.625
-88.625
-88
-87.063
-86.438
-85.938
-84.813
-84.813
-84.688
-84.188
-83.938
-83.25
-82.938
-82.938
-82.813
-82.25
-82.75
-83.875
-83.875
-84.688
-85.688
-86.063
-86.438
-86.313
-86.25
-86.25
-86.563
-86.875
-87
-86.875
-86.875
-86.813
-86.625
-86.5
-86.375
-86.5
-86.5
-86.5
-86.5
-86.5
-86.625
-86.75
-86.875
-87.125
-87.563
-87.875
-87.813
-87.813
-87.75
-87.75
-87.75
-87.75
-87.688
-87.688
-87.688
-87.688
-87.688
-87.688
-87.688
-87.75
-87.75
-87.75
-87.813
-87.875
-87.813
-87.813
-87.75
-87.688
-87.625
-87.75
-87.813
-87.813
-87.875
-87.875
-87.813
-87.688
-87.688
-87.688
-87.75
-87.813
-87.813
-87.813
-87.813
-87.813
-87.813
-87.875
-87.875
-87.875
-87.875
-87.875
-87.875
-88
-88
-88.063
-88.063
-88.125
-88.375
-88.5
-87.125
-86.313
-86.313
-85.625
-84.875
-84.125
-83.688
-83.188
-83.188
-82.75
-82.375
-82.188
-82.25
-82.25
-81.875
-82.313
-83.375
-85.188
-86.063
-86.75
-87.25
-87.375
-87.563
-87.625
-87.625
-87.813
-88.063
-88.125
-88.125
-88.063
-88.063
-88
-87.938
-87.875
-87.813
-87.813
-88
-88
-88.125
-88.188
-88.188
-88.188
-88.125
-88.125
-88.125
-88
-88
-88
-88
-88
-88
-88
-88
-87.938
-87.938
-87.875
-87.875
-87.875
-87.938
-88
-88.063
-88.063
-88.063
-88.125
-88.188
-88.188
-88.188
-88.063
-88
-87.938
-87.938
-87.938
-88
-88
-88
-87.938
-87.938
-87.938
-87.938
-88
-88
-88
-88
-88
-88
-88
-88
-88
-88
-88
-88.125
-88.125
-88.25
-88.25
-88.5
-88.75
-88.563
-87.125
-86.313
-85.688
-85.688
-85.063
-84.438
-83.625
-83.25
-83.063
-83.063
-82.75
-82.438
-83
-83.313
-83.375
-83.375
-84.063
-85.875
-86.813
-87.875
-88.125
-88.25
-88.313
-88.313
-88.25
-88.25
-88.25
-88.25
-88.25
-88.25
-88.313
-88.313
-88.313
-88.313
-88.313
-88.375
-88.375
-88.375
-88.375
-88.375
-88.313
-88.313
-88.25
-88.25
-88.188
-88.188
-88.188
-88.25
-88.25
-88.25
-88.25
-88.188
-88.125
-88.125
-88.063
-88.063
-88.063
-88.125
-88.188
-88.188
-88.188
-88.188
-88.25
-88.25
-88.25
-88.188
-88.188
-88.063
-88.063
-88.063
-88.125
-88.125
-88.188
-88.188
-88.188
-88.188
-88.188
-88.188
-88.188
-88.188
-88.188
-88.188
-88.188
-88.25
-88.25
-88.25
-88.25
-88.25
-88.188
-88.188
-88.188
-88.188
-88.375
-88.438
-88.5
-88.625
-88.938
-88.938
-89.188
-88.313
-86.625
-85.75
-84.813
-83.938
-83.125
-82.063
-82
-81.938
-81.938
-81.938
-82.5
-82.938
-83.938
-84.375
-84.375
-85.438
-87.25
-88.063
-88.563
-88.5
-88.5
-88.5
-88.5
-88.5
-88.438
-88.438
-88.438
-88.438
-88.5
-88.5
-88.563
-88.563
-88.563
-88.625
-88.563
-88.625
-88.563
-88.563
-88.563
-88.5
-88.438
-88.375
-88.313
-88.313
-88.313
-88.313
-88.313
-88.313
-88.313
-88.25
-88.25
-88.25
-88.25
-88.188
-88.313
-88.438
-88.438
-88.5
-88.563
-88.625
-88.688
-88.688
-88.688
-88.688
-88.563
-88.5
-88.375
-88.375
-88.375
-88.375
-88.375
-88.313
-88.25
-88.25
-88.25
-88.313
-88.375
-88.375
-88.438
-88.438
-88.438
-88.375
-88.375
-88.438
-88.438
-88.438
-88.438
-88.438
-88.5
-88.438
-88.438
-88.5
-88.563
-88.813
-89
-89
-89.063
-89.063
-88.313
-87.25
-85.813
-85.188
-84.375
-84.375
-83.25
-82.563
-81.813
-81.563
-81.438
-81.875
-82.688
-83.188
-84.563
-85.625
-85.625
-87.5
-88.563
-88.938
-88.875
-88.875
-88.875
-88.875
-88.813
-88.813
-88.813
-88.813
-88.813
-88.875
-88.875
-88.938
-88.938
-89
-89
-89
-89
-89
-88.938
-88.938
-88.875
-88.813
-88.75
-88.625
-88.625
-88.625
-88.625
-88.625
-88.625
-88.563
-88.563
-88.5
-88.5
-88.5
-88.5
-88.5
-88.625
-88.625
-88.625
-88.625
-88.688
-88.625
-88.625
-88.563
-88.5
-88.438
-88.375
-88.375
-88.375
-88.375
-88.375
-88.438
-88.438
-88.5
-88.5
-88.563
-88.563
-88.563
-88.5
-88.5
-88.5
-88.563
-88.563
-88.563
-88.563
-88.563
-88.563
-88.5
-88.563
-88.688
-88.813
-89.125
-89.375
-89.375
-89.625
-89.125
-87.438
-86.563
-85.438
-84.875
-84.875
-83.875
-82.875
-82.5
-82.25
-82
-82.313
-82.688
-83.5
-84.188
-84.188
-85.375
-86.688
-88
-89
-89
-89
-89
-89.063
-89
-88.938
-88.938
-89
-89
-89
-89
-89.063
-89.063
-89.063
-89.125
-89.125
-89.125
-89.125
-89.063
-89.063
-89.063
-89
-88.938
-88.875
-88.75
-88.75
-88.75
-88.75
-88.75
-88.75
-88.688
-88.688
-88.688
-88.688
-88.688
-88.688
-88.688
-88.688
-88.813
-88.875
-88.938
-89
-89
-89
-89.063
-89
-88.875
-88.813
-88.688
-88.688
-88.688
-88.75
-88.75
-88.75
-88.75
-88.75
-88.75
-88.75
-88.813
-88.875
-88.813
-88.813
-88.75
-88.75
-88.75
-88.75
-88.75
-88.75
-88.813
-88.813
-88.75
-88.813
-88.813
-88.938
-89.125
-89.438
-89.875
-90.125
-90.125
-89.375
-87.875
-87.125
-86.438
-85.875
-85.875
-85.25
-84.563
-84.188
-83.813
-83.438
-83.438
-83.125
-83.438
-83.938
-84.438
-85.25
-86.375
-88.688
-88.813
-89.5
-89.375
-89.375
-89.375
-89.313
-89.313
-89.313
-89.313
-89.313
-89.313
-89.313
-89.313
-89.313
-89.375
-89.375
-89.375
-89.375
-89.375
-89.375
-89.313
-89.313
-89.313
-89.25
-89.188
-89.063
-89.063
-89.063
-89.125
-89.125
-89.063
-89
-89
-89
-88.938
-88.875
-88.938
-89
-89
-89.063
-89.063
-89.063
-89.125
-89.188
-89.125
-89.125
-89
-88.875
-88.875
-88.875
-88.938
-89
-89.063
-89.063
-89.063
-89
-89
-89
-89.063
-89.063
-89.063
-89.063
-89
-89
-89
-88.938
-88.938
-89
-89
-89
-89
-89.063
-89.188
-89.25
-89.563
-89.938
-89.938
-90.375
-90.188
-89.125
-88.688
-88.188
-88.188
-87.813
-87.125
-86.75
-86.375
-86.125
-86.125
-85.813
-85.563
-86
-86.063
-86.25
-86.25
-87.063
-87.5
-89.188
-89.375
-89.125
-89.063
-89.125
-89.125
-89.125
-89.063
-89.063
-89
-89
-89.063
-89.063
-89.063
-89.063
-89.125
-89.25
-89.25
-89.25
-89.25
-89.25
-89.25
-89.25
-89.25
-89.25
-89.25
-89.25
-89.25
-89.25
-89.25
-89.188
-89.125
-89.063
-89.063
-89
-89
-89
-88.938
-88.875
-88.875
-88.875
-88.875
-88.875
-88.875
-88.875
-88.875
-88.875
-88.875
-88.875
-88.875
-88.813
-88.813
-88.813
-88.813
-88.875
-88.875
-88.875
-88.875
-88.875
-88.875
-88.875
-88.813
-88.813
-88.813
-88.813
-88.813
-88.813
-88.75
-88.75
-88.75
-88.75
-88.688
-88.688
-88.688
-88.688
-88.625
-88.625
-88.625
-88.625
-88.625
-88.625
-88.563
-88.563
-88.563
-88.563
-88.563
-88.563
-88.563
-88.563
-88.5
-88.5
-88.5
-88.5
-88.5
-88.5
-88.5
-88.5
-88.5
-88.5
-88.5
-88.5
-88.438
-88.438
-88.438
-88.438
-88.438
-88.438
-88.438
-88.438
-88.438
-88.375
-88.375
-88.375
-88.375
-88.375
-88.375
-88.375
-88.375
-88.375
-88.375
-88.375
-88.375
-88.313
-88.313
-88.313
-88.313
-88.313
-88.313
-88.313
-88.313
-88.313
-88.313
-88.313
-88.313
-88.313
-88.25
-88.25
-88.25
-88.25
-88.25
-88.25
-88.25
-88.25
-88.25
-88.25
-88.25
-88.25
-88.25
-88.25
-88.25
-88.188
-88.188
-88.188
-88.188
-88.188
-88.188
-88.188
-88.188
-88.188
-88.188
-88.188
-88.188
-88.188
-88.188
-88.188
-88.188
-88.188
-88.188
-88.188
-88.125
-88.125
-88.125
-88.125
-88.125
-88.125
-88.125
-88.125
-88.125
-88.125
-88.125
-88.125
-88.125
-88.125
-88.125
-88.125
-88.125
-88.125
-88.125
-88.063
-88.063
-88.125
-88.125
-88.063
-88.063
-88.063
-88.063
-88.063
-88.063
-88.063
-88.063
-88.063
-88.063
-88.063
-88.063
-88.063
-88.063
-88.063
-88.063
-88.063
-88.063
-88.063
-88.063
-88.063
-88.063
-88.063
-88
-88
-88
-88
-88
-88
-88
-88
-88
-88
-88
-88
-88
-88
-88
-88
-88
-88
-88
-88
-88
-88
-88
-88
-88
-88
-88
-88
-88
-88
-88
-88
-88
-88
-88
-88
-88
-88
-88
-88
-88
-88
-88
-88
-88
-88
-88
-88
-88
-88
-88
-88
-88
-88
-88
-88
-88
-88
-88
-88
-88
-88
-88
-88
-88
-88
-88
-88
-88
-88
-88
-88
-88
-88
-88
-88
-88
-88
-88
-88
-88
-88
-88
-88
-88
-88
-88
-88
-88
-88
-88
-88
-88
-88
-88
-88
-88
-88
-88
-88
-88
-88
-88
-88
-88
-88
-88
-88
-88
-88
-88
-88
-88
-88
-88
-88
-88
-88
-88
-88
-88
-88
-88
-88
-88
-88
-88
-88
-88
-88
-88
-88
-88
-88
-88
-88
-88
-88
-88
-88
-88
-88
-88
-88
-88
-88
-88
-88
-88
-88
-88
-88
-88
-88
-88
-88
-88
-88
-88
-88
-88
-87.938
-87.938
-87.938
-87.938
-87.938
-87.938
-87.938
-87.938
-87.938
-87.938
-87.938
-87.938
-87.938
-87.875
-87.875
-87.875
-87.875
-87.875
-87.875
-87.875
-87.875
-87.875
-87.875
-87.938
-87.938
-87.938
-87.938
-87.938
-88
-88.063
-88.125
-88.125
-88.25
-88.188
-88.438
-88.875
-89
-89
-89.25
-89.25
-88.938
-88.875
-88.375
-88
-87.563
-87.625
-86.938
-86.813
-86.875
-86.563
-88.375
-87.938
-87.938
-87.938
-88
-88.063
-88.125
-88.063
-88
-87.938
-87.938
-87.938
-88
-88.063
-88
-87.938
-87.875
-87.813
-87.813
-87.688
-87.688
-87.688
-87.75
-87.875
-88
-88
-87.938
-87.938
-87.938
-87.938
-87.938
-87.938
-87.938
-87.938
-88
-88
-87.938
-87.938
-87.938
-87.875
-87.813
-87.813
-87.75
-87.813
-87.75
-87.813
-87.938
-88.125
-88.125
-88.063
-88.063
-88.063
-88.063
-88.063
-88.063
-88.125
-88.125
-88.125
-88.125
-88.125
-88.188
-88.188
-88.25
-88.25
-88.25
-88.25
-88.313
-88.313
-88.313
-88.375
-88.375
-88.375
-88.375
-88.438
-88.563
-88.688
-89.875
-90.438
-91.063
-91.5
-91.5
-91.313
-91.313
-90.688
-90.188
-89.625
-89.625
-88.438
-87.5
-86.563
-85.938
-87.563
-87.313
-87.313
-87.313
-87.313
-87.313
-87.313
-87.313
-87.313
-87.313
-87.313
-87.063
-86.938
-86.813
-86.625
-86.375
-86.375
-86.125
-85.875
-85.875
-85.875
-85.938
-86.063
-86.063
-86.375
-86.75
-87.063
-87.375
-87.313
-87.313
-87.25
-87.25
-87.25
-87.25
-87.25
-87.25
-87.313
-87.375
-87.375
-87.375
-87.313
-87.313
-87.25
-87.25
-87.25
-87.25
-87.188
-87.125
-87.125
-87.125
-87.188
-87.188
-87.25
-87.313
-87.375
-87.375
-87.313
-87.313
-87.313
-87.313
-87.375
-87.375
-87.375
-87.375
-87.375
-87.375
-87.375
-87.375
-87.375
-87.375
-87.375
-87.375
-87.5
-87.563
-87.5
-87.5
-87.563
-87.563
-87.625
-88.188
-89.063
-89.063
-89.25
-89.75
-89.375
-89.188
-88.5
-88.5
-88
-87
-86.375
-85.938
-85.5
-85.5
-84.813
-84.25
-84.313
-84.25
-86.25
-85.875
-86.688
-86.813
-86.75
-86.625
-86.625
-86.5
-86.5
-86.438
-86.375
-86.313
-86.313
-86.125
-86
-85.75
-85.688
-85.563
-85.563
-85.625
-85.625
-85.688
-85.75
-86
-86
-86.313
-86.688
-87.125
-87.25
-87.125
-87.125
-87.125
-87.125
-87.188
-87.188
-87.188
-87.188
-87.25
-87.25
-87.188
-87.188
-87.188
-87.188
-87.125
-87.125
-87.125
-87.063
-87
-87
-87
-87
-87
-87.125
-87.313
-87.313
-87.375
-87.438
-87.438
-87.375
-87.375
-87.375
-87.375
-87.375
-87.375
-87.25
-87.25
-87.313
-87.438
-87.5
-87.5
-87.5
-87.5
-87.5
-87.563
-87.563
-87.625
-87.625
-87.625
-87.563
-87.625
-87.688
-87.938
-89
-89
-89.375
-90.125
-90.125
-89.5
-89.5
-88.875
-88.375
-88
-87.125
-86.125
-85.5
-85.125
-84.938
-86.813
-86.688
-86.688
-87.375
-87.25
-87.25
-87.25
-87.25
-87.125
-87.125
-87
-86.75
-86.563
-86.563
-86.375
-86.25
-86.188
-86.063
-86
-86
-86.063
-86
-86.125
-86.25
-86.5
-86.5
-86.938
-87.188
-87.188
-87.188
-87.188
-87.188
-87.188
-87.25
-87.25
-87.25
-87.25
-87.25
-87.25
-87.25
-87.25
-87.25
-87.25
-87.25
-87.188
-87.063
-87.063
-87
-87
-87.063
-87.125
-87.188
-87.375
-87.438
-87.438
-87.438
-87.375
-87.375
-87.375
-87.375
-87.313
-87.313
-87.313
-87.313
-87.375
-87.375
-87.375
-87.438
-87.375
-87.438
-87.563
-87.563
-87.563
-87.563
-87.438
-87.563
-87.688
-88.063
-88.875
-89.188
-90.188
-90.375
-90.25
-90.125
-89.625
-88.688
-88.125
-87.25
-86.438
-85.375
-85.063
-85.125
-86.563
-86.563
-87.438
-87.25
-87.313
-87.188
-87.063
-87.125
-87.063
-87
-86.875
-86.688
-86.375
-86.125
-86
-85.875
-85.75
-85.75
-85.813
-85.875
-86
-86.313
-86.625
-87
-87.25
-87.188
-87.188
-87.188
-87.188
-87.188
-87.188
-87.25
-87.25
-87.25
-87.188
-87.188
-87.188
-87.188
-87.188
-87.125
-87.063
-87
-87
-87
-87.063
-87.188
-87.313
-87.438
-87.5
-87.438
-87.313
-87.313
-87.313
-87.313
-87.313
-87.313
-87.313
-87.313
-87.313
-87.375
-87.375
-87.375
-87.438
-87.563
-87.563
-87.563
-87.438
-87.5
-87.625
-87.875
-88.938
-89.063
-89.75
-90
-89.938
-89.813
-89.438
-88.688
-88.313
-87.625
-86.688
-85.563
-85.313
-84.563
-86.5
-86.438
-87.313
-87.25
-87.25
-87.25
-87.125
-87.063
-87.063
-87
-86.875
-86.688
-86.438
-86.188
-86
-85.938
-85.688
-85.75
-85.75
-85.813
-86
-86.313
-86.688
-87
-87.25
-87.25
-87.25
-87.25
-87.25
-87.25
-87.25
-87.25
-87.25
-87.25
-87.25
-87.188
-87.188
-87.188
-87.125
-87.125
-87.063
-87.063
-87.063
-87.125
-87.188
-87.375
-87.5
-87.563
-87.563
-87.438
-87.438
-87.438
-87.375
-87.375
-87.375
-87.375
-87.438
-87.438
-87.438
-87.438
-87.438
-87.438
-87.625
-87.625
-87.625
-87.5
-87.563
-87.688
-87.813
-88.75
-88.938
-89.625
-89.813
-89.813
-89.688
-89.313
-88.5
-87.875
-87.5
-86.375
-85.625
-85.313
-84.938
-85.75
-86.313
-86.938
-87.5
-87.313
-87.188
-87.063
-86.938
-86.938
-86.813
-86.688
-86.625
-86.375
-86.25
-86.063
-85.875
-85.875
-85.75
-85.875
-85.875
-86
-86.313
-86.625
-87
-87.25
-87.313
-87.313
-87.25
-87.25
-87.313
-87.313
-87.313
-87.313
-87.313
-87.313
-87.313
-87.313
-87.313
-87.25
-87.25
-87.188
-87.125
-87.063
-87.063
-87.063
-87.125
-87.313
-87.438
-87.438
-87.375
-87.313
-87.313
-87.313
-87.375
-87.313
-87.313
-87.313
-87.313
-87.313
-87.375
-87.375
-87.438
-87.438
-87.5
-87.563
-87.563
-87.5
-87.563
-87.563
-87.813
-88.688
-88.813
-89.375
-89.75
-89.563
-89.5
-89.063
-88.313
-87.563
-87.313
-86.5
-85.938
-85.375
-84.875
-85.063
-86.875
-86.813
-87.375
-87.313
-87.375
-87.125
-87.063
-87.063
-87.063
-86.938
-86.813
-86.625
-86.375
-86.25
-86
-86.063
-85.938
-85.938
-85.938
-86
-86.25
-86.563
-87
-87.25
-87.313
-87.25
-87.25
-87.25
-87.25
-87.25
-87.25
-87.313
-87.313
-87.25
-87.25
-87.25
-87.25
-87.25
-87.188
-87.125
-87.063
-87.063
-87
-87
-87
-87.063
-87.188
-87.438
-87.438
-87.375
-87.25
-87.25
-87.313
-87.313
-87.313
-87.313
-87.313
-87.313
-87.313
-87.375
-87.375
-87.438
-87.438
-87.5
-87.563
-87.563
-87.563
-87.5
-87.563
-87.688
-88.125
-88.75
-89
-90.125
-89.75
-89.625
-89.438
-89
-88.188
-87.875
-87.125
-86.5
-85.563
-85.188
-85
-86.875
-86.75
-87.375
-87.375
-87.313
-87.313
-87.375
-87.25
-87.188
-87.25
-87.125
-86.938
-86.75
-86.5
-86.313
-86.125
-86.063
-86
-86
-86
-86.125
-86.313
-86.625
-87
-87
-87.25
-87.25
-87.25
-87.25
-87.25
-87.25
-87.25
-87.25
-87.25
-87.25
-87.25
-87.25
-87.25
-87.25
-87.25
-87.25
-87.188
-87.125
-87.063
-87
-87
-87
-87
-87.063
-87.125
-87.313
-87.375
-87.375
-87.375
-87.313
-87.25
-87.25
-87.25
-87.313
-87.25
-87.25
-87.25
-87.25
-87.25
-87.25
-87.313
-87.313
-87.375
-87.375
-87.438
-87.5
-87.5
-87.5
-87.438
-87.438
-87.5
-87.563
-88.063
-88.563
-89
-89
-89.75
-89.75
-89.875
-89.438
-89.125
-89.125
-88.25
-87.875
-87.125
-86.375
-86
-86
-85.063
-84.813
-86.438
-86.375
-87.375
-87.375
-87.313
-87.25
-87.313
-87.25
-87.188
-87.188
-87.188
-87.125
-87
-86.813
-86.563
-86.563
-86.375
-86.25
-86.125
-86.063
-86.063
-86.125
-86.188
-86.375
-86.688
-86.688
-86.938
-87.25
-87.313
-87.25
-87.25
-87.25
-87.25
-87.25
-87.25
-87.25
-87.313
-87.313
-87.313
-87.25
-87.25
-87.25
-87.188
-87.188
-87.188
-87.125
-87.063
-87
-87
-87
-87
-87.063
-87.188
-87.25
-87.25
-87.375
-87.438
-87.313
-87.25
-87.25
-87.25
-87.25
-87.25
-87.188
-87.188
-87.25
-87.25
-87.25
-87.25
-87.313
-87.313
-87.375
-87.438
-87.5
-87.5
-87.375
-87.438
-87.438
-87.563
-87.813
-88.688
-88.813
-89.25
-89.25
-89.563
-89.313
-89.313
-88.875
-88
-87.625
-87
-86
-86
-85.125
-85.125
-84.5
-86
-86.688
-87.063
-87.375
-87.375
-87.313
-87.313
-87.313
-87.188
-87.188
-87.188
-87.188
-87.188
-87
-86.75
-86.5
-86.313
-86.25
-86.188
-86.188
-86.188
-86.188
-86.313
-86.438
-86.688
-87
-87.188
-87.25
-87.188
-87.188
-87.188
-87.188
-87.188
-87.188
-87.25
-87.25
-87.25
-87.25
-87.188
-87.25
-87.188
-87.188
-87.125
-87.125
-87.125
-87.063
-87
-87
-87
-87
-87
-87.063
-87.188
-87.375
-87.438
-87.375
-87.375
-87.313
-87.25
-87.25
-87.188
-87.188
-87.188
-87.188
-87.188
-87.25
-87.25
-87.25
-87.313
-87.25
-87.313
-87.438
-87.438
-87.438
-87.375
-87.438
-87.5
-87.5
-87.688
-88.5
-88.438
-89
-89.563
-89.375
-89.563
-89.188
-88.313
-88
-87.188
-87.188
-86.5
-85.5
-84.938
-84.563
-85.375
-86.563
-87.063
-87.25
-87.25
-87.313
-87.25
-87.188
-87.188
-87.188
-87.125
-87
-86.813
-86.563
-86.375
-86.375
-86.25
-86.125
-86.063
-86.063
-86.125
-86.25
-86.5
-86.813
-87.063
-87.25
-87.25
-87.25
-87.25
-87.25
-87.25
-87.25
-87.25
-87.313
-87.25
-87.188
-87.188
-87.188
-87.188
-87.125
-87.125
-87
-87
-86.938
-86.938
-86.938
-87
-87.188
-87.375
-87.438
-87.313
-87.188
-87.188
-87.188
-87.188
-87.188
-87.125
-87.125
-87.188
-87.188
-87.25
-87.313
-87.25
-87.25
-87.375
-87.438
-87.438
-87.375
-87.438
-87.563
-87.688
-88.625
-88.563
-89.063
-89.5
-89.313
-89.25
-88.813
-88
-87.313
-86.875
-86.063
-85.25
-84.75
-84.5
-84.5
-85.938
-86.25
-87.188
-87.25
-87.313
-87.125
-87.063
-86.938
-87
-86.813
-86.688
-86.5
-86.313
-86.063
-85.938
-85.875
-85.75
-85.75
-85.75
-85.875
-86
-86.25
-86.5
-86.938
-87.25
-87.188
-87.125
-87.125
-87.125
-87.125
-87.188
-87.188
-87.188
-87.125
-87.125
-87.063
-87.063
-87.063
-87
-86.938
-86.938
-86.938
-86.938
-86.938
-87
-87.125
-87.375
-87.438
-87.313
-87.313
-87.313
-87.25
-87.313
-87.25
-87.188
-87.188
-87.188
-87.25
-87.313
-87.375
-87.375
-87.375
-87.438
-87.5
-87.5
-87.5
-87.5
-87.5
-87.688
-87.938
-88.875
-88.563
-89.438
-89.375
-89.25
-88.938
-88.375
-87.438
-87.25
-86.625
-85.625
-85.063
-84.563
-84.25
-86.313
-86
-87.375
-87.188
-87.188
-87.125
-87.063
-87
-87
-86.813
-86.75
-86.563
-86.313
-86.188
-85.938
-85.813
-85.75
-85.688
-85.75
-85.875
-86.125
-86.375
-86.688
-87
-87.25
-87.25
-87.188
-87.188
-87.188
-87.25
-87.25
-87.25
-87.25
-87.188
-87.125
-87.125
-87.063
-87.063
-87.063
-87
-87
-87
-87
-87
-87
-87.063
-87.188
-87.438
-87.5
-87.438
-87.375
-87.313
-87.313
-87.313
-87.313
-87.25
-87.25
-87.25
-87.313
-87.313
-87.375
-87.438
-87.438
-87.375
-87.375
-87.438
-87.5
-87.5
-87.563
-87.5
-87.563
-87.688
-88.625
-89.563
-89.438
-90.125
-90.125
-89.875
-90.063
-90.25
-89.5
-89.125
-88.625
-87.313
-86.938
-86
-85.813
-85.813
-86.813
-87.5
-88.063
-88.563
-88.438
-88.438
-88.438
-88.375
-88.25
-88.25
-88.25
-88.125
-88
-87.75
-87.5
-87.313
-87.25
-87.188
-87.188
-87.25
-87.25
-87.375
-87.5
-87.75
-88.063
-88.375
-88.438
-88.375
-88.375
-88.375
-88.375
-88.375
-88.375
-88.375
-88.375
-88.375
-88.375
-88.375
-88.313
-88.375
-88.375
-88.375
-88.375
-88.375
-88.375
-88.313
-88.188
-88.188
-88.188
-88.25
-88.5
-88.75
-88.813
-88.688
-88.688
-88.625
-88.563
-88.5
-88.438
-88.438
-88.438
-88.438
-88.438
-88.375
-88.313
-88.313
-88.313
-88.313
-88.313
-88.375
-88.375
-88.375
-88.375
-88.438
-88.438
-88.438
-88.375
-88.375
-88.375
-88.375
-88.375
-88.375
-88.375
-88.313
-88.313
-88.313
-88.313
-88.313
-88.313
-88.313
-88.313
-88.375
-88.375
-88.375
-88.375
-88.375
-88.375
-88.375
-88.375
-88.313
-88.313
-88.313
-88.313
-88.25
-88.25
-88.25
-88.25
-88.25
-88.25
-88.25
-88.25
-88.25
-88.25
-88.25
-88.25
-88.25
-88.25
-88.25
-88.25
-88.25
-88.25
-88.25
-88.188
-88.25
-88.25
-88.188
-88.25
-88.25
-88.188
-88.188
-88.188
-88.188
-88.188
-88.188
-88.188
-88.188
-88.188
-88.188
-88.188
-88.188
-88.188
-88.188
-88.188
-88.188
-88.188
-88.188
-88.188
-88.188
-88.188
-88.188
-88.188
-88.188
-88.188
-88.188
-88.188
-88.188
-88.188
-88.188
-88.188
-88.188
-88.188
-88.188
-88.188
-88.188
-88.188
-88.188
-88.188
-88.125
-88.125
-88.125
-88.125
-88.125
-88.125
-88.125
-88.125
-88.125
-88.125
-88.125
-88.125
-88.125
-88.125
-88.125
-88.125
-88.125
-88.125
-88.125
-88.125
-88.125
-88.125
-88.125
-88.125
-88.125
-88.125
-88.125
-88.125
-88.125
-88.125
-88.125
-88.125
-88.125
-88.125
-88.125
-88.125
-88.125
-88.125
-88.125
-88.125
-88.125
-88.125
-88.125
-88.125
-88.125
-88.125
-88.125
-88.125
-88.125
-88.125
-88.125
-88.125
-88.125
-88.125
-88.125
-88.125
-88.125
-88.125
-88.125
-88.125
-88.125
-88.125
-88.125
-88.125
-88.125
-88.125
-88.125
-88.125
-88.125
-88.125
-88.125
-88.125
-88.125
-88.125
-88.125
-88.125
-88.125
-88.125
-88.125
-88.125
-88.125
-88.125
-88.125
-88.125
-88.125
-88.125
-88.125
-88.125
-88.125
-88.125
-88.125
-88.125
-88.125
-88.125
-88.125
-88.125
-88.125
-88.125
-88.125
-88.125
-88.125
-88.125
-88.125
-88.125
-88.125
-88.125
-88.125
-88.125
-88.125
-88.125
-88.125
-88.125
-88.125
-88.125
-88.125
-88.125
-88.125
-88.125
-88.125
-88.125
-88.125
-88.125
-88.125
-88.125
-88.125
-88.125
-88.125
-88.125
-88.125
-88.125
-88.125
-88.125
-88.125
-88.125
-88.125
-88.125
-88.125
-88.125
-88.125
-88.125
-88.125
-88.125
-88.125
-88.125
-88.125
-88.125
-88.125
-88.125
-88.125
-88.125
-88.125
-88.125
-88.125
-88.125
-88.125
-88.125
-88.125
-88.125
-88.125
-88.125
-88.125
-88.125
-88.125
-88.125
-88.188
-88.188
-88.25
-88.188
-87.938
-87.688
-88.063
-88.063
-88.188
-88.125
-88.25
-88.125
-88.188
-88.188
-88.125
-87.875
-87.813
-87.813
-87.438
-87.438
-87.25
-87.438
-86.938
-87.438
-87.5
-87.5
-88.313
-88.125
-88.125
-87.938
-88.063
-88.063
-88.188
-88.188
-88.125
-88.188
-88.063
-87.938
-87.938
-88
-88
-88.063
-88.063
-88.125
-88.125
-88.063
-87.938
-87.938
-87.875
-87.875
-87.875
-88.063
-88.188
-88.063
-88
-88
-88
-87.938
-87.938
-87.875
-87.875
-87.875
-87.875
-87.875
-87.875
-87.875
-87.875
-87.875
-87.938
-87.938
-87.938
-87.938
-87.938
-87.938
-87.938
-87.938
-87.938
-88.063
-88.375
-88.375
-88.375
-88.063
-88
-88
-88
-88
-87.938
-87.875
-87.875
-87.875
-87.938
-88
-88
-88
-88
-88
-88
-88
-88.063
-88.125
-88.188
-88.188
-88.188
-88.313
-88.75
-89.375
-88.563
-88.125
-87.75
-87.438
-86.938
-85.625
-85.625
-84.938
-84.188
-83.563
-84.063
-84.063
-84.938
-84.938
-85.375
-86
-87.75
-87.813
-87.813
-87.875
-87.875
-87.938
-87.938
-87.875
-87.875
-87.813
-87.875
-87.875
-87.75
-87.75
-87.563
-87.313
-87.25
-87.063
-86.938
-86.938
-86.875
-86.813
-86.75
-86.75
-86.75
-86.813
-86.813
-87.125
-87.563
-87.813
-87.813
-87.75
-87.75
-87.75
-87.813
-87.875
-87.875
-87.875
-87.875
-87.813
-87.75
-87.75
-87.75
-87.75
-87.75
-87.75
-87.75
-87.75
-87.75
-87.75
-87.75
-87.75
-87.75
-87.75
-87.813
-87.813
-87.813
-87.813
-87.813
-87.813
-87.75
-87.75
-87.75
-87.75
-87.813
-87.813
-87.813
-87.813
-87.75
-87.75
-87.75
-87.75
-87.813
-87.938
-88.063
-88.063
-88.125
-88.25
-88.25
-88.375
-87.125
-85.75
-84.813
-84.25
-83.813
-83.063
-83.063
-82.813
-82.875
-83
-83.063
-83.75
-83.75
-84.625
-85.375
-86
-86.75
-87.563
-87.563
-87.938
-87.813
-87.875
-87.813
-87.875
-87.875
-87.938
-87.875
-87.875
-87.875
-87.875
-87.875
-87.875
-87.938
-87.875
-87.875
-87.813
-87.813
-87.688
-87.625
-87.625
-87.625
-87.625
-87.625
-87.625
-87.75
-87.938
-87.938
-87.938
-87.938
-87.938
-87.938
-87.938
-87.875
-87.938
-87.938
-87.938
-87.938
-87.938
-87.938
-87.938
-87.938
-87.875
-87.875
-87.813
-87.813
-87.813
-87.75
-87.688
-87.688
-87.688
-87.688
-87.688
-87.75
-87.75
-87.75
-87.813
-87.813
-87.813
-87.813
-87.75
-87.688
-87.688
-87.688
-87.688
-87.688
-87.688
-87.75
-87.75
-87.75
-87.688
-87.688
-87.688
-87.813
-87.938
-87.938
-88
-88.188
-88.125
-88
-86.813
-86.813
-85.688
-84.5
-83.875
-83.5
-82.875
-82.875
-82.875
-82.75
-83
-83.188
-83.688
-83.688
-84.813
-85.5
-86.188
-87.063
-87.938
-87.938
-88.063
-87.813
-87.938
-87.813
-87.875
-87.875
-87.875
-87.875
-87.875
-87.813
-87.813
-87.813
-87.813
-87.875
-87.875
-87.813
-87.813
-87.813
-87.75
-87.75
-87.75
-87.688
-87.688
-87.625
-87.688
-87.938
-87.938
-87.938
-87.938
-87.938
-87.938
-87.875
-87.875
-87.875
-87.875
-87.875
-87.938
-87.938
-87.938
-87.938
-87.938
-87.938
-87.875
-87.875
-87.813
-87.813
-87.75
-87.75
-87.688
-87.688
-87.688
-87.688
-87.75
-87.75
-87.75
-87.75
-87.75
-87.75
-87.813
-87.75
-87.75
-87.688
-87.688
-87.688
-87.688
-87.688
-87.75
-87.688
-87.688
-87.688
-87.688
-87.688
-87.813
-87.938
-87.938
-87.938
-88
-88
-88.063
-87.125
-87.125
-85.938
-84.938
-83.688
-83.438
-82.25
-82.25
-82.5
-82.313
-82.313
-82.625
-83.25
-83.25
-84.375
-85.125
-85.75
-87.125
-87.688
-87.688
-88.063
-87.938
-87.875
-87.938
-87.938
-87.938
-88
-87.938
-87.938
-87.875
-87.875
-87.875
-87.938
-87.938
-87.938
-87.938
-87.875
-87.875
-87.75
-87.688
-87.688
-87.688
-87.75
-87.875
-87.875
-88
-88
-88
-88
-88
-87.938
-87.938
-87.938
-87.938
-87.938
-88
-88
-88
-88
-88
-87.938
-87.938
-87.938
-87.875
-87.813
-87.813
-87.75
-87.75
-87.75
-87.75
-87.75
-87.75
-87.75
-87.75
-87.75
-87.75
-87.75
-87.75
-87.75
-87.75
-87.688
-87.688
-87.688
-87.688
-87.688
-87.75
-87.688
-87.688
-87.688
-87.688
-87.75
-87.875
-87.938
-87.938
-87.938
-87.938
-87.938
-87.563
-86.438
-85.375
-85.375
-84.375
-83.313
-82.688
-82.25
-81.563
-81.563
-81.875
-82.313
-82.875
-84
-84.938
-84.938
-85.625
-87
-87.875
-88.125
-88
-88
-87.875
-87.875
-87.875
-88
-87.938
-87.938
-87.938
-87.813
-87.813
-87.813
-87.938
-87.938
-87.938
-87.938
-87.875
-87.875
-87.75
-87.75
-87.75
-87.813
-87.875
-87.875
-87.875
-87.875
-87.875
-88
-87.938
-87.875
-87.875
-87.875
-87.875
-87.813
-87.813
-87.875
-87.875
-87.875
-87.938
-87.938
-87.938
-87.938
-87.875
-87.813
-87.813
-87.75
-87.688
-87.688
-87.688
-87.688
-87.688
-87.688
-87.688
-87.688
-87.75
-87.75
-87.75
-87.75
-87.813
-87.813
-87.813
-87.75
-87.75
-87.688
-87.688
-87.75
-87.75
-87.75
-87.813
-87.813
-87.75
-87.75
-87.75
-87.75
-87.813
-87.875
-87.875
-87.938
-87.938
-87.938
-87.5
-86.875
-85.75
-85.75
-84.75
-83.625
-82.813
-81.938
-81.188
-81.125
-81.125
-81.688
-82.188
-83.313
-84.563
-84.563
-85.25
-86.563
-87.813
-88.188
-87.938
-87.75
-87.75
-87.813
-88
-88.063
-88.125
-88.125
-88
-87.875
-87.813
-87.813
-87.938
-87.938
-88.063
-88.063
-88.063
-88
-88
-88
-88
-88
-88
-88
-88
-88
-87.938
-88
-88
-88
-87.938
-87.938
-87.938
-87.875
-87.875
-87.875
-87.875
-87.875
-87.938
-87.938
-87.938
-87.875
-87.875
-87.875
-87.75
-87.75
-87.688
-87.688
-87.688
-87.688
-87.688
-87.625
-87.688
-87.75
-87.813
-87.813
-87.875
-87.813
-87.813
-87.813
-87.875
-87.875
-87.813
-87.813
-87.813
-87.813
-87.875
-87.875
-87.938
-87.938
-87.938
-87.875
-87.875
-87.875
-87.875
-87.938
-88
-88
-88.063
-88.063
-88.188
-88.188
-87.5
-86.875
-86
-86
-84.938
-83.75
-82.813
-81.875
-81.063
-81.063
-81.063
-81.375
-82.563
-83.688
-84.563
-84.563
-86.125
-87.625
-88.25
-88.188
-87.938
-87.938
-87.938
-88.188
-88.375
-88.438
-88.313
-88.313
-88.25
-88.313
-88.375
-88.438
-88.438
-88.438
-88.375
-88.563
-88.625
-88.625
-88.625
-88.625
-88.625
-88.625
-88.625
-88.5
-88.313
-88.313
-88.313
-88.25
-88.188
-88.063
-87.938
-87.938
-87.938
-87.938
-87.938
-87.875
-87.938
-87.938
-87.938
-87.938
-87.938
-87.875
-87.875
-87.875
-87.875
-87.875
-87.875
-87.875
-87.875
-87.875
-87.875
-87.938
-88.063
-88.125
-88.063
-88.063
-88.063
-88
-88
-88
-88
-88
-88.063
-88.063
-88.063
-88.063
-88.063
-88.063
-88.063
-88.125
-88.125
-88.188
-88.125
-88.125
-88.125
-88.125
-88.188
-88.25
-88.375
-88.375
-88.5
-88.688
-88.875
-87.938
-87.25
-87.25
-86.5
-86
-85.063
-84.313
-83.625
-83.625
-83.438
-83.813
-84.813
-85.375
-86.688
-86.688
-88.188
-88.875
-88.5
-88.375
-88.125
-88.125
-88.25
-88.5
-88.5
-88.563
-88.375
-88.375
-88.313
-88.375
-88.375
-88.438
-88.438
-88.438
-88.5
-88.563
-88.563
-88.563
-88.5
-88.5
-88.5
-88.5
-88.5
-88.438
-88.375
-88.375
-88.438
-88.438
-88.438
-88.375
-88.375
-88.375
-88.313
-88.313
-88.313
-88.313
-88.313
-88.313
-88.375
-88.313
-88.313
-88.25
-88.25
-88.25
-88.188
-88.125
-88.125
-88.125
-88.188
-88.188
-88.25
-88.313
-88.375
-88.375
-88.313
-88.313
-88.313
-88.25
-88.25
-88.25
-88.25
-88.25
-88.25
-88.313
-88.313
-88.25
-88.25
-88.25
-88.188
-88.25
-88.25
-88.313
-88.25
-88.25
-88.25
-88.313
-88.375
-88.375
-88.438
-88.438
-88.75
-89.188
-88.938
-88.125
-87.375
-87.375
-86.688
-85.938
-85.375
-85.375
-85.625
-85.625
-85.813
-86.125
-86.875
-87.625
-88.5
-88.5
-88.313
-88.125
-88.125
-88
-88.188
-88.188
-88.313
-88.375
-88.25
-88.188
-88.188
-88.188
-88.25
-88.25
-88.188
-88.063
-88.188
-88.188
-88.125
-88.125
-88.063
-88
-87.938
-88
-87.938
-87.813
-88
-88
-88.063
-88
-88
-88
-87.938
-87.938
-87.875
-87.875
-87.875
-87.875
-87.875
-87.875
-87.938
-87.938
-87.875
-87.875
-87.875
-87.875
-87.875
-87.813
-87.813
-87.875
-87.938
-88
-88
-88
-88
-87.938
-87.938
-87.938
-87.875
-87.875
-87.875
-87.938
-87.938
-87.938
-87.938
-88
-88
-88
-88
-88
-88.063
-88.063
-88.063
-88.063
-88.063
-88.063
-88.063
-88
-88.313
-88.313
-88.688
-88.875
-88.313
-88.125
-87.813
-87.813
-87.063
-86.625
-86.375
-86.188
-85.938
-85.938
-86.563
-86.75
-87.5
-88
-88.813
-88.813
-88.375
-88.5
-88.25
-88.313
-88.438
-88.438
-88.5
-88.5
-88.375
-88.25
-88.188
-88.188
-88.125
-88.125
-88.188
-88.188
-88.188
-88.188
-88.25
-88.25
-88.25
-88.25
-88.188
-88.125
-88.063
-88.063
-87.938
-87.875
-87.75
-87.625
-87.563
-87.5
-87.5
-87.5
-87.563
-87.563
-87.688
-87.75
-87.75
-87.813
-87.875
-87.875
-87.938
-88
-88
-88.063
-88.125
-88.188
-88.188
-88.188
-88.188
-88.188
-88.188
-88.188
-88.188
-88.188
-88.188
-88.188
-88.188
-88.188
-88.188
-88.188
-88.188
-88.188
-88.188
-88.188
-88.188
-88.188
-88.188
-88.188
-88.188
-88.188
-88.188
-88.125
-88.125
-88.125
-88.125
-88.125
-88.125
-88.125
-88.125
-88.125
-88.125
-88.125
-88.125
-88.125
-88.125
-88.125
-88.125
-88.125
-88.125
-88.063
-88.063
-88.063
-88.063
-88.063
-88.063
-88.063
-88.063
-88.063
-88.063
-88.063
-88.063
-88.063
-88
-88
-88
-88
-88
-88
-88
-88
-88
-88
-88
-88
-88
-88
-88
-88
-88
-88
-88
-88
-88
-88
-88
-88
-88
-88
-88
-88
-88
-88
-88
-88
-88
-88
-88
-87.938
-87.938
-87.938
-87.938
-87.938
-87.938
-87.938
-87.938
-87.938
-87.938
-87.938
-87.938
-87.938
-87.938
-87.938
-87.938
-87.938
-87.938
-87.938
-87.938
-87.938
-87.938
-87.938
-87.938
-87.938
-87.938
-87.938
-87.938
-87.938
-87.938
-87.938
-87.938
-87.938
-87.938
-87.938
-87.938
-87.938
-87.938
-87.938
-87.938
-87.938
-87.938
-87.938
-87.938
-87.938
-87.938
-87.938
-87.938
-87.938
-87.938
-87.938
-87.938
-87.938
-87.938
-87.938
-87.938
-87.938
-87.938
-87.938
-87.938
-87.938
-87.938
-87.938
-87.938
-87.938
-87.938
-87.938
-87.938
-87.938
-87.938
-87.938
-87.938
-87.938
-87.938
-87.938
-87.938
-87.938
-87.938
-87.938
-87.938
-87.938
-87.938
-87.938
-87.938
-87.938
-87.938
-87.938
-87.938
-87.938
-87.938
-87.938
-87.938
-87.938
-87.938
-87.938
-87.938
-87.938
-87.938
-87.938
-87.938
-87.938
-87.938
-87.938
-87.938
-87.938
-87.938
-87.938
-87.938
-87.938
-87.938
-87.938
-87.938
-87.938
-87.938
-87.938
-87.938
-87.938
-87.938
-87.938
-87.938
-87.938
-87.938
-87.938
-87.938
-87.938
-87.938
-87.938
-87.938
-87.938
-87.938
-87.938
-87.938
-87.938
-87.938
-87.938
-87.938
-87.938
-87.938
-87.938
-87.938
-87.938
-87.938
-87.938
-87.938
-87.938
-87.938
-87.938
-87.938
-87.938
-87.938
-87.938
-87.938
-87.938
-87.938
-87.938
-87.938
-87.938
-87.938
-87.938
-87.938
-87.938
-87.938
-87.938
-87.938
-87.938
-87.938
-87.938
-87.938
-87.938
-87.938
-87.938
-87.938
-87.938
-87.938
-87.938
-87.938
-87.938
-87.938
-87.938
-87.938
-87.938
-87.938
-87.938
-87.938
-87.938
-87.938
-87.938
-87.938
-87.938
-87.938
-87.938
-87.938
-87.938
-87.938
-87.938
-87.938
-87.938
-87.938
-87.938
-87.938
-87.938
-87.938
-87.938
-87.938
-87.938
-87.938
-87.938
-87.938
-87.938
-87.938
-87.938
-87.938
-87.938
-87.938
-87.938
-87.938
-87.938
-87.938
-87.938
-87.938
-87.938
-87.938
-87.938
-87.938
-87.938
-87.938
-87.938
-87.938
-87.938
-87.938
-87.938
-87.938
-87.938
-87.938
-87.938
-87.938
-87.938
-87.938
-87.938
-87.938
-87.938
-87.938
-87.938
-87.938
-87.938
-87.938
-87.938
-87.938
-87.938
-87.938
-87.938
-87.938
-87.938
-87.938
-87.938
-87.938
-87.938
-87.938
-87.938
-87.938
-87.938
-87.938
-87.938
-87.938
-87.938
-87.938
-87.938
-87.938
-87.938
-87.938
-87.938
-87.938
-87.938
-87.938
-87.938
-87.938
-87.938
-87.938
-87.938
-87.938
-87.938
-87.938
-87.938
-87.938
-87.938
-87.938
-87.938
-87.938
-87.938
-87.938
-87.938
-87.938
-87.938
-87.938
-87.938
-87.938
-87.938
-87.938
-87.938
-87.938
-87.938
-87.938
-87.938
-87.938
-87.938
-87.938
-87.938
-87.938
-87.938
-87.938
-87.938
-87.938
-87.938
-87.938
-87.938
-87.938
-87.938
-87.938
-87.938
-87.938
-87.938
-87.938
-87.938
-87.938
-87.938
-87.938
-87.938
-87.938
-87.938
-87.938
-87.938
-87.938
-87.938
-87.938
-87.938
-87.938
-87.938
-87.938
-87.938
-87.938
-87.938
-87.938
-87.938
-87.938
-87.938
-87.938
-87.938
-87.938
-87.938
-87.938
-87.938
-87.938
-87.938
-87.938
-87.938
-87.938
-87.938
-87.938
-87.938
-87.938
-87.938
-87.938
-87.938
-87.938
-87.938
-87.938
-87.938
-87.875
-87.875
-87.875
-87.875
-87.875
-87.875
-87.875
-87.875
-87.875
-87.875
-87.875
-87.875
-87.875
-87.875
-87.875
-87.875
-87.875
-87.875
-87.875
-87.875
-87.875
-87.938
-87.938
-87.938
-87.938
-87.938
-87.938
-87.938
-87.938
-88
-88
-88.063
-88.063
-88.125
-88.188
-88.25
-88.25
-88.313
-88.375
-88.438
-88.438
-88.5
-88.563
-88.563
-88.625
-88.625
-88.625
-88.5
-88.5
-88.438
-88.375
-88.25
-88.125
-88.125
-88.188
-88.188
-88.25
-88.688
-89.188
-88.938
-88.938
-89
-88.875
-88.688
-88.625
-88.438
-88.25
-88.25
-88.063
-87.938
-87.938
-87.938
-87.813
-87.813
-87.75
-87.75
-87.75
-87.813
-87.875
-88
-88.063
-88.063
-88.063
-88.125
-88.25
-88.25
-88.313
-87.75
-87.063
-86.813
-86.813
-86.25
-85.875
-85.625
-85.563
-85.375
-84.875
-85.375
-85.375
-86.063
-86.938
-87.313
-87.625
-88.125
-88.125
-88.125
-88.188
-88.188
-88.188
-88.125
-88.125
-88.125
-88.125
-88.125
-88.063
-88.063
-88
-87.938
-87.75
-87.625
-87.625
-87.5
-87.25
-87.25
-87.125
-87.063
-87.125
-87.125
-87.313
-87.563
-87.875
-87.938
-88
-88
-87.875
-87.938
-88
-88
-87.938
-87.875
-87.938
-88
-88.063
-88.063
-88
-88
-88.063
-88.125
-88.125
-88.125
-88.125
-88.25
-88.688
-88.875
-88.875
-89.188
-89.188
-89.188
-89.188
-89.063
-88.688
-88.688
-88.688
-88.625
-88.563
-88.563
-88.5
-88.5
-88.5
-88.563
-88.688
-88.75
-88.813
-88.813
-88.813
-88.875
-88.938
-88.938
-88.938
-88.938
-88.938
-88.938
-88.875
-88.875
-88.813
-88.813
-88.625
-88.938
-88.563
-88.125
-88.125
-88.125
-87.813
-87.688
-87.25
-87.438
-87.688
-87.688
-88.313
-88.5
-88.563
-88.563
-88.625
-88.625
-88.625
-88.563
-88.5
-88.438
-88.438
-88.438
-88.5
-88.438
-88.438
-88.375
-88.25
-88.25
-88.125
-87.625
-87.313
-87.063
-87
-87
-86.875
-86.813
-86.813
-86.75
-86.813
-86.813
-87
-87.25
-87.688
-88.188
-88.438
-88.438
-88.438
-88.563
-88.5
-88.5
-88.438
-88.438
-88.375
-88.375
-88.375
-88.438
-88.438
-88.438
-88.5
-88.5
-88.563
-88.563
-88.813
-88.813
-89.313
-89.25
-89.5
-89.875
-89.938
-89.938
-89.938
-90
-89.688
-89.375
-89.063
-89.063
-89
-89
-88.938
-88.813
-88.688
-88.688
-88.688
-88.75
-88.875
-88.875
-88.875
-88.875
-88.813
-88.938
-89
-88.938
-88.938
-88.938
-88.875
-88.875
-88.875
-88.875
-88.75
-88.75
-88.75
-88.75
-88.938
-88.75
-88.438
-88.438
-88.125
-87.688
-87.938
-88.563
-88.625
-88.625
-88.563
-88.688
-88.938
-89.063
-88.938
-88.938
-88.813
-88.75
-88.688
-88.625
-88.625
-88.625
-88.5
-88.563
-88.438
-88.313
-88.313
-88.313
-88.188
-88
-87.688
-87.375
-86.875
-86.875
-86.5
-86.125
-85.938
-85.75
-85.688
-85.688
-85.75
-85.938
-86.375
-87.25
-87.938
-87.938
-88.375
-88.563
-88.75
-88.938
-88.938
-88.938
-88.875
-88.813
-88.875
-89
-89
-89
-89
-89
-89.125
-89.375
-89.625
-89.625
-90
-90.25
-90.438
-90.563
-90.563
-90.563
-90.875
-91.313
-91.188
-90.5
-90.5
-89.688
-89.063
-88.75
-88.938
-89
-89
-88.813
-88.75
-88.875
-89
-89.125
-89.125
-89.125
-89.188
-89.25
-89.25
-89.25
-89.313
-89.25
-89.188
-89.125
-89.125
-89.125
-89.125
-88.875
-88.875
-88.813
-88.75
-88.75
-88.813
-88.875
-88.813
-88.875
-88.813
-88.813
-88.938
-89.063
-89.188
-89.313
-89.25
-89.25
-89.25
-89.125
-89
-89
-88.813
-88.813
-88.938
-88.813
-88.625
-88.5
-88.438
-88.438
-88.375
-88.313
-88.25
-88.188
-88.125
-88.125
-88.125
-87.938
-87.75
-87.188
-86.813
-86.813
-86.5
-86.063
-85.813
-85.813
-86.063
-86.063
-86.625
-87.063
-87.75
-88.25
-88.563
-88.563
-88.75
-88.688
-88.688
-88.625
-88.625
-88.625
-88.688
-88.688
-88.688
-88.875
-89.188
-89.188
-89.375
-89.438
-89.063
-88.875
-88.875
-88.875
-89.25
-89.5
-89.75
-90.375
-90.375
-90.313
-89.75
-89.188
-88.813
-88.625
-88.625
-88.625
-88.563
-88.5
-88.375
-88.375
-88.5
-88.5
-88.688
-88.813
-88.875
-88.875
-88.938
-88.938
-88.938
-89
-89
-89.125
-89.188
-89.188
-89.188
-89.125
-89.125
-89.188
-89.375
-89.375
-89.563
-89.563
-89.188
-89
-89
-89
-89.125
-89.25
-89.313
-89.313
-89.188
-89.188
-89.125
-89
-89
-89
-88.938
-88.938
-88.938
-88.813
-88.688
-88.563
-88.563
-88.563
-88.5
-88.375
-88.375
-88.375
-88.438
-88.438
-88.5
-88.5
-88.438
-88.313
-88.125
-88.125
-87.625
-86.938
-86.125
-85.375
-84.875
-84.875
-84.563
-84.5
-84.5
-84.625
-84.875
-84.875
-85.125
-85.438
-85.75
-86.063
-86.375
-86.375
-86.75
-87.063
-87.313
-87.563
-87.813
-87.813
-87.938
-88.125
-88.375
-88.563
-88.625
-88.625
-88.625
-88.563
-88.563
-88.625
-88.688
-88.688
-88.563
-88.5
-88.438
-88.5
-88.563
-88.563
-88.563
-88.625
-88.625
-88.625
-88.625
-88.688
-88.688
-88.75
-88.75
-88.75
-88.75
-88.75
-88.688
-88.688
-88.625
-88.625
-88.625
-88.563
-88.563
-88.563
-88.5
-88.5
-88.5
-88.5
-88.563
-88.563
-88.625
-88.625
-88.688
-88.688
-88.625
-88.563
-88.5
-88.438
-88.438
-88.438
-88.375
-88.375
-88.375
-88.375
-88.375
-88.375
-88.375
-88.375
-88.375
-88.375
-88.375
-88.375
-88.375
-88.375
-88.375
-88.375
-88.375
-88.375
-88.375
-88.375
-88.375
-88.375
-88.375
-88.375
-88.375
-88.375
-88.375
-88.375
-88.375
-88.375
-88.375
-88.375
-88.375
-88.375
-88.375
-88.375
-88.375
-88.375
-88.375
-88.375
-88.375
-88.375
-88.375
-88.375
-88.375
-88.375
-88.375
-88.375
-88.375
-88.375
-88.375
-88.375
-88.375
-88.375
-88.375
-88.375
-88.375
-88.375
-88.375
-88.375
-88.375
-88.375
-88.375
-88.375
-88.313
-88.313
-88.313
-88.313
-88.313
-88.313
-88.313
-88.313
-88.313
-88.313
-88.313
-88.313
-88.313
-88.313
-88.313
-88.313
-88.313
-88.313
-88.313
-88.313
-88.313
-88.313
-88.313
-88.313
-88.313
-88.313
-88.313
-88.313
-88.313
-88.313
-88.313
-88.313
-88.313
-88.313
-88.313
-88.313
-88.313
-88.313
-88.313
-88.313
-88.313
-88.313
-88.313
-88.313
-88.313
-88.313
-88.313
-88.313
-88.313
-88.313
-88.313
-88.313
-88.313
-88.313
-88.313
-88.313
-88.313
-88.313
-88.313
-88.313
-88.313
-88.313
-88.313
-88.313
-88.313
-88.313
-88.313
-88.313
-88.313
-88.313
-88.313
-88.313
-88.313
-88.313
-88.313
-88.313
-88.313
-88.313
-88.313
-88.313
-88.313
-88.313
-88.313
-88.313
-88.313
-88.313
-88.313
-88.313
-88.313
-88.313
-88.313
-88.313
-88.313
-88.313
-88.313
-88.313
-88.313
-88.313
-88.313
-88.313
-88.313
-88.313
-88.313
-88.313
-88.313
-88.313
-88.313
-88.313
-88.313
-88.313
-88.313
-88.313
-88.313
-88.313
-88.313
-88.313
-88.313
-88.313
-88.313
-88.313
-88.313
-88.313
-88.313
-88.313
-88.313
-88.313
-88.313
-88.313
-88.313
-88.313
-88.313
-88.313
-88.313
-88.313
-88.313
-88.313
-88.313
-88.313
-88.313
-88.313
-88.313
-88.313
-88.313
-88.313
-88.313
-88.313
-88.313
-88.313
-88.313
-88.313
-88.313
-88.313
-88.313
-88.313
-88.313
-88.313
-88.313
-88.313
-88.313
-88.313
-88.313
-88.313
-88.313
-88.313
-88.313
-88.313
-88.313
-88.313
-88.313
-88.313
-88.313
-88.313
-88.313
-88.313
-88.313
-88.313
-88.313
-88.313
-88.313
-88.313
-88.313
-88.313
-88.313
-88.313
-88.313
-88.313
-88.313
-88.313
-88.313
-88.313
-88.313
-88.313
-88.313
-88.313
-88.313
-88.313
-88.313
-88.313
-88.313
-88.313
-88.313
-88.313
-88.313
-88.313
-88.313
-88.313
-88.313
-88.313
-88.313
-88.313
-88.313
-88.313
-88.313
-88.313
-88.313
-88.313
-88.313
-88.313
-88.313
-88.313
-88.313
-88.313
-88.313
-88.313
-88.313
-88.313
-88.313
-88.313
-88.313
-88.313
-88.313
-88.313
-88.313
-88.313
-88.313
-88.313
-88.313
-88.313
-88.313
-88.313
-88.313
-88.313
-88.313
-88.313
-88.313
-88.313
-88.313
-88.313
-88.313
-88.313
-88.313
-88.313
-88.313
-88.313
-88.313
-88.313
-88.313
-88.313
-88.313
-88.313
-88.313
-88.313
-88.313
-88.313
-88.313
-88.313
-88.313
-88.313
-88.313
-88.313
-88.313
-88.313
-88.313
-88.313
-88.313
-88.313
-88.313
-88.313
-88.313
-88.313
-88.313
-88.313
-88.313
-88.313
-88.313
-88.313
-88.313
-88.313
-88.313
-88.313
-88.313
-88.313
-88.313
-88.313
-88.313
-88.313
-88.313
-88.313
-88.313
-88.313
-88.313
-88.313
-88.313
-88.313
-88.313
-88.313
-88.313
-88.313
-88.313
-88.313
-88.313
-88.313
-88.313
-88.313
-88.313
-88.313
-88.313
-88.313
-88.313
-88.313
-88.313
-88.313
-88.313
-88.313
-88.313
-88.313
-88.313
-88.313
-88.313
-88.313
-88.313
-88.313
-88.313
-88.313
-88.313
-88.313
-88.313
-88.313
-88.313
-88.313
-88.313
-88.313
-88.313
-88.313
-88.313
-88.313
-88.313
-88.313
-88.313
-88.313
-88.313
-88.313
-88.313
-88.313
-88.313
-88.313
-88.313
-88.313
-88.313
-88.313
-88.313
-88.313
-88.313
-88.313
-88.313
-88.313
-88.313
-88.313
-88.313
-88.313
-88.313
-88.313
-88.313
-88.313
-88.313
-88.313
-88.313
-88.313
-88.313
-88.313
-88.313
-88.313
-88.313
-88.313
-88.313
-88.313
-88.313
-88.313
-88.313
-88.313
-88.313
-88.313
-88.313
-88.313
-88.313
-88.313
-88.313
-88.313
-88.313
-88.313
-88.313
-88.313
-88.313
-88.313
-88.313
-88.313
-88.313
-88.313
-88.313
-88.313
-88.313
-88.313
-88.313
-88.313
-88.313
-88.313
-88.313
-88.313
-88.313
-88.313
-88.313
-88.313
-88.313
-88.313
-88.313
-88.313
-88.313
-88.313
-88.313
-88.313
-88.313
-88.313
-88.313
-88.313
-88.313
-88.313
-88.313
-88.313
-88.313
-88.313
-88.313
-88.313
-88.313
-88.313
-88.313
-88.313
-88.313
-88.313
-88.313
-88.313
-88.313
-88.313
-88.313
-88.313
-88.313
-88.313
-88.313
-88.313
-88.313
-88.313
-88.313
-88.313
-88.313
-88.313
-88.313
-88.313
-88.313
-88.313
-88.313
-88.313
-88.313
-88.313
-88.313
-88.313
-88.313
-88.313
-88.313
-88.313
-88.313
-88.313
-88.313
-88.313
-88.313
-88.313
-88.313
-88.313
-88.313
-88.313
-88.313
-88.313
-88.313
-88.313
-88.313
-88.313
-88.313
-88.313
-88.313
-88.313
-88.313
-88.313
-88.313
-88.313
-88.313
-88.313
-88.313
-88.313
-88.313
-88.313
-88.313
-88.313
-88.313
-88.313
-88.313
-88.313
-88.313
-88.313
-88.313
-88.313
-88.313
-88.313
-88.313
-88.313
-88.313
-88.313
-88.313
-88.313
-88.313
-88.313
-88.313
-88.313
-88.313
-88.313
-88.313
-88.313
-88.313
-88.313
-88.313
-88.313
-88.313
-88.313
-88.313
-88.313
-88.313
-88.313
-88.313
-88.313
-88.313
-88.313
-88.313
-88.313
-88.313
-88.313
-88.313
-88.313
-88.313
-88.313
-88.313
-88.313
-88.313
-88.313
-88.313
-88.313
-88.313
-88.313
-88.313
-88.313
-88.313
-88.313
-88.313
-88.313
