127.31
127.31
127.31
127.31
127.31
127.31
127.31
127.31
127.31
127.31
127.31
127.31
127.31
127.31
127.31
127.31
127.31
127.31
127.31
127.31
127.31
127.31
127.31
127.31
127.31
127.31
127.31
127.31
127.31
127.31
127.31
127.31
127.31
127.31
127.31
127.31
127.31
127.31
127.31
127.31
127.31
127.31
127.31
127.31
127.31
127.31
127.31
127.31
127.31
127.31
127.31
127.31
127.31
127.31
127.31
127.31
127.31
127.31
127.31
127.31
127.31
127.31
127.31
127.31
127.31
127.31
127.31
127.31
127.31
127.31
127.31
127.31
127.31
127.31
127.31
127.31
127.31
127.31
127.31
127.31
127.31
127.31
127.31
127.31
127.31
127.31
127.31
127.31
127.31
127.31
127.31
127.31
127.31
127.31
127.31
127.31
127.31
127.31
127.31
127.31
127.31
127.31
127.31
127.31
127.31
127.31
127.31
127.31
127.31
127.31
127.31
127.31
127.31
127.31
127.31
127.31
127.31
127.31
127.31
127.31
127.31
127.31
127.31
127.31
127.31
127.31
127.31
127.31
127.31
127.31
127.31
127.31
127.31
127.31
127.31
127.31
127.31
127.31
127.31
127.31
127.31
127.31
127.31
127.31
127.31
127.31
127.31
127.31
127.31
127.31
127.31
127.31
127.31
127.31
127.31
127.31
127.31
127.31
127.31
127.31
127.31
127.31
127.31
127.31
127.31
127.31
127.31
127.31
127.31
127.31
127.31
127.31
127.31
127.31
127.31
127.31
127.31
127.31
127.31
127.31
127.31
127.31
127.31
127.31
127.31
127.31
127.31
127.31
127.31
127.31
127.31
127.31
127.31
127.31
127.31
127.31
127.31
127.31
127.31
127.31
127.31
127.31
127.31
127.31
127.31
127.31
127.31
127.31
127.31
127.31
127.31
127.31
127.31
127.31
127.31
127.31
127.31
127.31
127.31
127.31
127.31
127.31
127.31
127.31
127.31
127.31
127.31
127.31
127.31
127.31
127.31
127.31
127.31
127.31
127.31
127.31
127.31
127.31
127.31
127.31
127.31
127.31
127.31
127.31
127.31
127.31
127.31
127.31
127.31
127.31
127.31
127.31
127.31
127.31
127.31
127.31
127.31
127.31
127.31
127.31
127.31
127.31
127.31
127.31
127.31
127.31
127.31
127.31
127.31
127.31
127.31
127.31
127.31
127.31
127.31
127.31
127.31
127.31
127.31
127.31
127.31
127.31
127.31
127.31
127.31
127.31
127.31
127.31
127.31
127.31
127.31
127.31
127.31
127.31
127.31
127.31
127.31
127.31
127.31
127.31
127.31
127.31
127.31
127.31
127.31
127.31
127.31
127.31
127.31
127.31
127.31
127.31
127.31
127.31
127.31
127.31
127.31
127.31
127.31
127.31
127.31
127.31
127.31
127.31
127.31
127.31
127.31
127.31
127.31
127.31
127.31
127.31
127.31
127.31
127.31
127.31
127.31
127.31
127.31
127.31
127.31
127.31
127.31
127.31
127.31
127.31
127.31
127.31
127.31
127.31
127.31
127.31
127.31
127.31
127.31
127.31
127.31
127.31
127.31
127.31
127.31
127.31
127.31
127.31
127.31
127.31
127.31
127.31
127.31
127.31
127.31
127.31
127.31
127.31
127.31
127.31
127.31
127.31
127.31
127.31
127.31
127.31
127.31
127.31
127.31
127.31
127.31
127.31
127.31
127.31
127.31
127.31
127.31
127.31
127.31
127.31
127.31
127.31
127.31
127.31
127.31
127.31
127.31
127.31
127.31
127.31
127.31
127.31
127.31
127.31
127.31
127.31
127.31
127.31
127.31
127.31
127.31
127.31
127.31
127.31
127.31
127.31
127.31
127.31
127.31
127.31
127.31
127.31
127.31
127.31
127.31
127.31
127.31
127.31
127.31
127.31
127.31
127.31
127.31
127.31
127.31
127.31
127.31
127.31
127.31
127.31
127.31
127.31
127.31
127.31
127.31
127.31
127.31
127.31
127.31
127.31
127.31
127.31
127.31
127.31
127.31
127.31
127.31
127.31
127.31
127.31
127.31
127.31
127.31
127.31
127.31
127.31
127.31
127.31
127.31
127.31
127.31
127.31
127.31
127.31
127.31
127.31
127.31
127.31
127.31
127.31
127.31
127.31
127.31
127.31
127.31
127.38
127.38
127.31
127.31
127.31
127.25
127.25
127.25
127.31
127.38
127.38
127.44
127.56
127.56
127.38
127.25
127.25
127.31
127.31
127.31
127.31
127.38
127.38
127.38
127.38
127.19
127.06
127.06
126.75
125.88
125.5
125.56
125.81
126.13
126.13
126.44
126.56
126.56
126.56
126.56
126.63
126.63
126.56
126.63
126.56
126.56
126.56
126.56
126.5
126.5
126.56
126.56
126.56
126.56
126.63
126.69
127.13
127.13
127.25
127.44
128.25
129.13
129.56
129.56
129.88
130
129.94
130.06
130.31
130.5
130.5
130.25
129.19
129.13
128.31
127.88
127.88
127.88
128.06
128.38
128.13
127.88
127.88
127.63
127.63
127.56
127.56
127.56
127.56
127.56
127.13
126.69
126.19
125.63
125.63
125
124.69
124.5
124.31
124.56
124.56
125.06
125.94
126.75
127.06
127.06
127.06
127.06
127.06
127
127
127
126.88
126.81
126.81
126.88
126.88
126.88
126.88
126.88
126.94
126.94
126.88
126.88
126.81
126.81
126.81
126.81
126.81
126.88
126.88
126.88
126.88
126.88
126.88
126.81
126.81
126.81
126.81
126.88
126.94
127
127.06
127.13
127.31
127.31
127.63
127.81
127.81
127.63
127.38
127.25
127.19
127.31
127.31
128.63
129.44
129.5
130.13
131
130.75
130.75
130.38
129.94
129.69
129.75
129.63
129.63
128.5
126.88
126
125.75
125.75
125.69
125.69
125.75
125.81
125.75
125.75
125.75
125.75
125.69
125.56
125.56
125.44
125.06
124.88
124.63
124.25
124.25
124
123.88
124.06
124.31
124.75
125.13
125.44
125.88
126
126.31
126.56
126.56
126.56
126.56
126.5
126.5
126.5
126.5
126.5
126.5
126.5
126.5
126.5
126.56
126.56
126.5
126.5
126.5
126.5
126.44
126.44
126.31
126.31
126.25
126.25
126.25
126.25
126.19
126.19
126.19
126.19
126.19
126.19
126.19
126.19
126.19
126.19
126.13
126.13
126.13
126.13
126.13
126.13
126.13
126.13
126.19
126.19
126.19
126.19
126.19
126.13
126.13
126.25
126.75
127.25
127.56
127.75
127.75
127.69
127.81
128.06
128.19
128.31
128.38
128.19
127.06
126.5
126.56
126.56
126.63
126.56
126.63
126.69
126.75
126.75
126.69
126.63
126.5
126.5
126.44
126.31
126.06
125.5
125.25
125.25
125
124.81
124.75
124.75
124.69
124.81
125.06
125.19
125.38
125.44
125.44
125.5
125.63
125.63
125.63
125.63
125.63
125.56
125.44
125.44
125.44
125.44
125.44
125.44
125.44
125.44
125.44
125.38
125.38
125.25
125.19
125.19
125.19
125.13
125.19
125.19
125.19
125.19
125.19
125.19
125.13
125.13
125.13
125.13
125.13
125.13
125.13
125.06
125.06
125.06
125.06
125.06
125.13
125.25
125.31
125.31
125.31
125.19
125.13
125.13
125.19
125.63
125.63
126
125.81
126.31
127.38
127.31
127.31
127
126.94
127.06
127.06
127.13
126.88
126.63
125.88
124.94
125
125
125.19
125.38
125.38
125.44
125.44
125.38
125.31
125.31
125.25
125.25
125.19
125.06
124.5
123.94
123.5
123.5
123.25
123.31
123.63
123.81
124.13
124.31
124.5
124.56
124.69
124.75
124.75
124.75
124.75
124.75
124.75
124.75
124.75
124.69
124.69
124.69
124.69
124.69
124.69
124.69
124.69
124.69
124.69
124.69
124.69
124.69
124.69
124.63
124.56
124.56
124.56
124.63
124.63
124.63
124.63
124.63
124.63
124.56
124.56
124.56
124.56
124.56
124.56
124.56
124.56
124.5
124.5
124.5
124.44
124.5
124.56
124.56
124.63
124.63
124.56
124.5
124.56
124.56
125.06
125.06
125.38
125.13
125.81
126.69
126.75
126.75
126.56
126.38
126.31
125.94
125.88
125.88
126
125.88
125.56
124.38
124.63
124.63
124.81
124.81
124.88
124.88
124.88
124.88
124.88
124.88
124.88
124.88
124.81
124.81
124.81
124.69
124.44
123.88
123.5
123.5
123.38
122.75
122.94
123.56
123.81
123.81
124.13
124.5
124.63
124.63
124.63
124.63
124.63
124.63
124.56
124.56
124.56
124.5
124.44
124.44
124.44
124.44
124.44
124.44
124.44
124.44
124.44
124.44
124.38
124.38
124.38
124.38
124.38
124.44
124.38
124.38
124.38
124.38
124.38
124.38
124.38
124.38
124.38
124.38
124.38
124.31
124.31
124.25
124.25
124.25
124.38
124.5
124.56
124.38
124.38
124.38
124.38
124.44
124.94
126
126
126
126.56
127.19
127.44
127.25
127.13
127.13
127.06
126.69
126.56
126.69
126.75
126.75
126.63
124.88
124.5
124.5
124.44
124.44
124.44
124.44
124.56
124.56
124.5
124.5
124.5
124.44
124.44
124.38
124.25
123.88
123.5
123.38
123.31
123.31
123.69
124.06
124.19
124.5
124.63
124.63
124.69
124.75
124.75
124.81
124.81
124.81
124.75
124.75
124.75
124.75
124.69
124.63
124.63
124.63
124.63
124.69
124.69
124.69
124.75
124.75
124.75
124.75
124.63
124.63
124.69
124.69
124.69
124.69
124.69
124.69
124.69
124.63
124.63
124.63
124.63
124.63
124.63
124.63
124.63
124.56
124.56
124.63
124.63
124.63
124.69
124.63
124.63
124.63
124.63
124.63
125.06
125.5
125.63
126
126
126.69
127.13
126.94
126.63
126.5
126.5
126.25
126.38
126.69
126.75
126.75
126.5
125.75
124.94
125
125
125.06
125.06
125.06
125.13
125.13
125.13
125.13
125.06
125.06
125
125
124.94
124.81
124.81
124.44
124.06
123.69
123.5
123.5
123.69
124.19
124.5
124.63
124.75
124.75
124.81
124.88
124.94
124.94
124.94
124.94
124.94
124.94
124.94
124.88
124.88
124.88
124.81
124.81
124.81
124.81
124.88
124.88
124.88
124.88
124.88
124.88
124.88
124.88
124.81
124.81
124.81
124.88
124.88
124.81
124.81
124.81
124.81
124.81
124.81
124.81
124.81
124.81
124.81
124.81
124.81
124.75
124.75
124.69
124.69
124.75
124.75
124.81
124.75
124.75
124.75
124.81
124.81
124.81
125.06
125.69
125.5
125.75
125.75
126.63
127.19
126.88
126.38
126.25
126.25
126.31
126.25
126.13
126.38
126.44
126
125
125.06
125.06
125.13
125.13
125.19
125.19
125.25
125.25
125.19
125.13
125.13
125.13
125.06
125
124.63
124.19
123.75
123.88
123.94
124.25
124.5
124.63
124.63
124.69
124.69
124.75
124.81
124.88
124.88
124.88
124.88
124.81
124.81
124.81
124.75
124.75
124.75
124.75
124.75
124.75
124.75
124.75
124.81
124.81
124.75
124.75
124.75
124.75
124.75
124.75
124.75
124.75
124.81
124.81
124.75
124.75
124.75
124.69
124.69
124.75
124.75
124.75
124.69
124.69
124.69
124.63
124.63
124.63
124.63
124.69
124.69
124.69
124.69
124.69
124.69
124.69
124.69
124.81
125.69
125.69
125.38
126.06
126.06
126.94
126.94
126.56
126.31
126.19
126.19
126.06
126
125.81
125.69
125.5
125.5
124.38
124.44
124.5
124.56
124.56
124.56
124.63
124.69
124.69
124.56
124.56
124.56
124.56
124.5
124.5
124.5
124.5
124.5
124.19
123.81
123.69
123.69
124
124.13
124.19
124.25
124.31
124.31
124.38
124.44
124.44
124.44
124.44
124.44
124.44
124.44
124.38
124.38
124.25
124.19
124.19
124.25
124.25
124.25
124.25
124.31
124.31
124.31
124.31
124.31
124.31
124.31
124.31
124.31
124.31
124.31
124.38
124.38
124.38
124.38
124.31
124.31
124.31
124.31
124.31
124.31
124.31
124.31
124.31
124.25
124.25
124.25
124.25
124.25
124.25
124.25
124.25
124.25
124.31
124.31
124.44
125.31
125.31
125.31
125.19
125.81
126.56
126.56
126.56
126.44
126.25
126.19
126.31
126.38
126.25
126.06
125.88
125.06
125.06
124.94
124.88
124.88
125
125
125
125.06
125.06
125
124.94
124.94
124.94
124.94
124.88
124.69
124.25
124.25
123.94
123.75
123.88
124.31
124.31
124.31
124.44
124.63
124.63
124.63
124.63
124.63
124.69
124.69
124.69
124.69
124.69
124.69
124.63
124.63
124.63
124.56
124.56
124.56
124.56
124.56
124.63
124.63
124.63
124.63
124.63
124.63
124.63
124.56
124.56
124.56
124.63
124.69
124.69
124.69
124.69
124.63
124.63
124.56
124.56
124.56
124.56
124.56
124.56
124.56
124.56
124.5
124.5
124.5
124.5
124.5
124.56
124.56
124.56
124.56
124.63
124.69
125.19
125.19
125.56
125.25
125.63
126.44
126.63
126.63
126.31
126.31
126.31
126.63
126.38
126.38
126.06
126.06
126.06
124.94
124.69
124.69
124.69
124.75
124.88
124.94
124.94
124.94
125
124.88
124.88
124.81
124.81
124.81
124.81
124.75
124.75
124.38
123.88
123.75
123.75
124
124.13
124.19
124.19
124.38
124.44
124.5
124.56
124.56
124.56
124.63
124.63
124.63
124.56
124.56
124.56
124.5
124.5
124.44
124.44
124.44
124.44
124.44
124.44
124.44
124.5
124.5
124.5
124.5
124.5
124.44
124.44
124.44
124.44
124.5
124.5
124.5
124.5
124.5
124.5
124.5
124.5
124.5
124.5
124.5
124.44
124.44
124.44
124.44
124.44
124.44
124.44
124.44
124.44
124.44
124.44
124.44
124.5
124.94
125
124.88
125.5
126.56
126.56
126.5
126.38
126.25
125.88
125.88
125.88
126.06
126
125.75
125.75
125.25
124.63
124.88
124.81
124.88
124.88
124.94
124.94
125
124.94
124.94
124.88
124.88
124.88
124.88
124.88
124.88
124.88
124.69
124.25
124.06
124.06
124.13
124.31
124.56
124.63
124.69
124.75
124.75
124.88
124.94
124.94
124.94
124.94
124.94
124.88
124.88
124.81
124.81
124.81
124.81
124.81
124.81
124.81
124.81
124.81
124.88
124.88
124.88
124.88
124.88
124.81
124.81
124.81
124.88
124.88
124.88
124.88
124.88
124.88
124.88
124.88
124.88
124.88
124.88
124.88
124.88
124.81
124.81
124.81
124.81
124.81
124.81
124.81
124.81
124.81
124.56
124.56
123.81
123
122.13
121.88
121.63
121.63
121.13
120.25
119.06
117.81
116.94
116.94
116.44
116.13
115.38
114.19
112.75
112.75
112.06
111.06
111.13
111.25
111.38
111.38
111.06
110.25
110
110
110
110
110
110.13
110.38
110.56
110.69
110.69
110.56
110.5
110.69
110.63
110.38
110.19
110.25
110.31
110.63
110.81
110.81
111.06
111.19
111.25
111.25
111.25
111.25
111.25
111.25
111.25
111.25
111.25
111.19
111.13
110.88
110.56
110.38
110.38
110.13
109.81
109.75
109.75
109.75
109.69
109.5
109.31
109.13
109.13
109.25
109.25
109.25
109.25
109.19
109.19
109.19
109.19
109.19
109.19
109.19
109.19
109.19
109.19
109.19
109.19
109.19
109.19
109.19
109.19
109.19
109.19
109.19
109.06
108.63
108.63
108.38
107.88
107.38
107.19
106.88
106.88
106.31
105.44
104.81
103.94
103.44
103.44
103
102.25
100.69
99.438
99.438
98.375
97.75
97.688
97.813
97.5
97.125
97.125
96.563
96.375
96.313
96.375
96.375
96.5
96.875
97.125
97.188
96.875
96.938
96.938
97.063
97
96.875
96.813
96.625
96.875
97.125
97.375
97.625
97.625
97.688
97.688
97.688
97.688
97.688
97.688
97.688
97.688
97.625
97.563
97.563
97.438
97.313
97.063
96.813
96.563
96.313
96.313
96.188
96.188
96.188
96.188
96.188
96.188
96.188
96.25
96.25
96.313
96.313
96.313
96.313
96.25
96.25
96.25
96.25
96.25
96.25
96.313
96.25
96.25
96.25
96.25
96.25
96.25
96.25
96.25
96.25
96.063
95.563
95
94.688
94.438
94.438
93.938
93.25
92.438
91.75
91.063
91.063
90.313
89.813
89.188
88.563
88.563
88
87.125
85.625
84.5
83.875
83.563
83.5
83.438
83.5
83.25
83.25
83.063
82.875
82.875
82.875
82.875
82.875
83
83
82.938
82.813
83
83.25
83.25
83.5
83.625
83.813
83.875
84
84
84.125
84.188
84.25
84.25
84.25
84.25
84.25
84.25
84.25
84.25
84.25
84.188
84.188
84.125
84.063
84
83.938
83.938
83.875
83.75
83.438
83.188
83.188
83.188
83.25
83.25
83.188
83.188
83.188
83.188
83.188
83.25
83.25
83.25
83.25
83.188
83.188
83.188
83.188
83.188
83.188
83.188
83.188
83.188
83.188
83.188
83.188
83.188
82.938
82.938
82.438
81.625
81.5
81.063
80.625
80
80
79.25
78.688
78.563
77.625
76.313
76.313
75.5
74.938
74.25
73.75
73.5
73.5
72.5
71.25
70.188
69.688
69.438
69.375
69.375
69.313
69.188
69.188
69.188
69.188
69.188
69.188
69.188
69.188
69.25
69.313
69.25
69.25
69.25
69.25
69.25
69.25
69.313
69.5
69.563
69.563
69.688
69.75
69.75
69.75
69.75
69.75
69.75
69.75
69.75
69.75
69.688
69.688
69.688
69.625
69.563
69.563
69.5
69.5
69.438
69.375
69.25
69.188
69.188
69.25
69.25
69.25
69.188
69.188
69.25
69.25
69.25
69.25
69.188
69.188
69.188
69.188
69.188
69.188
69.188
69.188
69.125
69.125
69.125
69.188
69.188
69.188
69.188
69.188
69.188
69.125
68.875
68.313
67.5
67.5
66.938
67
66.875
66.625
66.125
65.75
65.313
64.375
62.875
61.75
61.75
61
60.5
59.875
59.313
58.313
58.313
57.188
56.063
55
54.5
54.188
54.188
54.188
54.125
54.063
54
53.875
53.875
53.875
53.813
53.813
53.813
53.813
53.813
53.813
53.813
53.813
53.813
53.875
53.875
53.875
53.938
54
54.125
54.125
54.125
54.188
54.188
54.25
54.25
54.25
54.25
54.25
54.188
54.188
54.125
54.125
54.125
54.125
54.063
54.063
54.063
54.063
54.063
53.938
53.813
53.813
53.813
53.813
53.813
53.875
53.875
53.875
53.938
53.938
53.938
53.938
53.875
53.875
53.813
53.813
53.813
53.813
53.813
53.813
53.813
53.813
53.813
53.813
53.813
53.813
53.813
53.813
53.625
53.125
52.188
51.375
51.063
51.063
50.875
50.813
50.938
50.688
50.438
50.438
50.75
50.5
49.25
47.688
46.75
45.75
44.875
44.063
42.75
41.563
41.563
40.25
39.5
38.938
38.625
38.563
38.563
38.5
38.438
38.313
38.063
37.938
37.938
37.875
37.813
37.813
37.813
37.813
37.813
37.75
37.75
37.75
37.813
37.813
37.875
38
38.125
38.188
38.25
38.25
38.313
38.313
38.375
38.313
38.313
38.313
38.25
38.25
38.25
38.188
38.188
38.125
38.063
38.063
38.063
38.063
38
37.938
37.938
38
38
38
38
38
38.063
38.063
38.063
38.063
38.063
38
38
38
38
38
38
38
38
38
38
38
38
38.063
38
38
37.75
37.188
36.375
36.375
35.625
35.5
35.313
35.188
34.75
34.5
34.5
34.25
33.938
32.625
31.063
30.188
29.313
28.375
27.563
26.625
26.625
25.563
24.625
23.625
22.75
22.313
22.313
22.125
22.063
22.063
22
21.875
21.813
21.813
21.75
21.688
21.688
21.75
21.75
21.75
21.75
21.75
21.75
21.75
21.75
21.75
21.813
21.938
22.125
22.125
22.125
22.188
22.25
22.25
22.25
22.25
22.25
22.25
22.25
22.25
22.25
22.188
22.188
22.125
22.125
22.125
22.125
22.125
22.125
22.063
22
22
22
22.063
22.063
22.063
22.063
22.063
22.125
22.125
22.125
22.125
22.125
22.125
22.063
22
22
22
22.063
22
22
22
22
22
22
22.063
22.063
22.063
22
21.813
21.375
20.625
19.75
19.75
19.375
19
18.875
18.125
17.5
17.5
17.563
17.125
16.063
14.875
13.688
13.688
12.75
11.938
11.438
10.438
9.5
8.5625
7.8125
7.125
6.75
6.625
6.625
6.625
6.5625
6.5
6.4375
6.4375
6.4375
6.4375
6.4375
6.4375
6.4375
6.4375
6.4375
6.5
6.5625
6.6875
6.75
6.75
6.75
6.75
6.8125
6.8125
6.875
6.9375
6.9375
6.9375
6.9375
6.9375
6.9375
6.9375
6.9375
6.9375
6.9375
6.875
6.875
6.875
6.8125
6.8125
6.8125
6.8125
6.75
6.6875
6.625
6.625
6.625
6.625
6.625
6.625
6.625
6.6875
6.6875
6.6875
6.6875
6.6875
6.6875
6.625
6.625
6.625
6.625
6.625
6.625
6.625
6.625
6.625
6.625
6.625
6.625
6.625
6.625
6.625
6.6875
6.625
6.5625
6.5625
6.375
5.9375
6
6.6875
6.875
6.875
7.25
7.875
7.5
7
6.6875
6.6875
6.625
6.5
6.4375
6.875
7.375
7.375
7.6875
7.5625
7.3125
7.0625
6.9375
6.9375
6.9375
6.9375
6.9375
6.9375
6.9375
7
7
7
7
7
7
7
7
6.875
6.6875
6.6875
6.5625
6.4375
6.375
6.4375
6.375
6.4375
6.5625
6.6875
6.875
7
7
7.0625
7.0625
7.0625
7
7
7
7
7
7
7
7
7
7
7
7
7
7
7
6.9375
6.9375
6.9375
6.9375
6.9375
6.9375
6.9375
6.9375
6.9375
6.9375
6.9375
6.9375
6.9375
6.9375
6.9375
6.9375
6.9375
6.9375
6.9375
6.9375
6.875
6.875
6.875
6.875
6.875
6.875
6.875
6.875
6.875
6.875
6.875
6.875
6.875
6.875
6.875
6.875
6.875
6.875
6.875
6.875
6.875
6.875
6.875
6.875
6.875
6.875
6.875
6.875
6.875
6.875
6.875
6.875
6.875
6.875
6.8125
6.8125
6.8125
6.8125
6.8125
6.8125
6.8125
6.8125
6.8125
6.8125
6.8125
6.8125
6.8125
6.8125
6.8125
6.8125
6.8125
6.8125
6.8125
6.8125
6.8125
6.8125
6.8125
6.8125
6.8125
6.8125
6.8125
6.8125
6.8125
6.8125
6.8125
6.8125
6.8125
6.8125
6.8125
6.8125
6.8125
6.8125
6.8125
6.8125
6.8125
6.8125
6.8125
6.8125
6.8125
6.8125
6.8125
6.75
6.75
6.75
6.75
6.75
6.75
6.75
6.75
6.75
6.75
6.75
6.75
6.75
6.75
6.75
6.75
6.75
6.75
6.75
6.75
6.75
6.75
6.75
6.75
6.75
6.75
6.75
6.75
6.75
6.75
6.75
6.75
6.75
6.75
6.75
6.75
6.75
6.75
6.75
6.75
6.75
6.75
6.75
6.75
6.75
6.75
6.75
6.75
6.75
6.75
6.75
6.75
6.75
6.75
6.75
6.75
6.75
6.75
6.75
6.75
6.75
6.75
6.75
6.75
6.75
6.75
6.75
6.75
6.75
6.75
6.75
6.75
6.75
6.75
6.75
6.75
6.75
6.75
6.75
6.6875
6.6875
6.6875
6.6875
6.6875
6.6875
6.6875
6.6875
6.6875
6.6875
6.6875
6.6875
6.6875
6.6875
6.6875
6.6875
6.6875
6.6875
6.6875
6.6875
6.6875
6.6875
6.6875
6.6875
6.6875
6.6875
6.6875
6.6875
6.6875
6.6875
6.6875
6.6875
6.6875
6.6875
6.6875
6.6875
6.6875
6.6875
6.6875
6.6875
6.6875
6.6875
6.6875
6.6875
6.6875
6.6875
6.6875
6.6875
6.6875
6.6875
6.6875
6.6875
6.6875
6.6875
6.6875
6.6875
6.6875
6.6875
6.6875
6.6875
6.6875
6.6875
6.6875
6.6875
6.6875
6.6875
6.6875
6.6875
6.6875
6.6875
6.6875
6.6875
6.6875
6.6875
6.6875
6.6875
6.6875
6.6875
6.6875
6.6875
6.6875
6.6875
6.6875
6.6875
6.6875
6.6875
6.6875
6.6875
6.6875
6.6875
6.6875
6.6875
6.6875
6.6875
6.6875
6.6875
6.6875
6.6875
6.6875
6.6875
6.6875
6.6875
6.6875
6.6875
6.6875
6.6875
6.6875
6.6875
6.6875
6.6875
6.6875
6.6875
6.6875
6.6875
6.6875
6.6875
6.6875
6.6875
6.6875
6.6875
6.6875
6.6875
6.6875
6.6875
6.6875
6.6875
6.6875
6.6875
6.6875
6.6875
6.6875
6.6875
6.6875
6.6875
6.6875
6.6875
6.6875
6.6875
6.6875
6.6875
6.6875
6.6875
6.6875
6.6875
6.6875
6.6875
6.6875
6.6875
6.75
6.75
6.75
6.75
6.75
6.75
6.75
6.75
6.75
6.6875
6.6875
6.6875
6.6875
6.75
6.75
6.75
6.75
6.75
6.75
6.75
6.75
6.75
6.75
6.75
6.6875
6.6875
6.6875
6.6875
6.6875
6.6875
6.5625
6.4375
6.0625
6.375
6.9375
7.375
8.4375
8.1875
6.4375
6.125
5.875
5.4375
5.4375
5.3125
5.6875
7.3125
8.9375
9.125
8.9375
8.375
8.8125
8.875
8.875
8.875
8.8125
8.875
8.8125
8.8125
8.875
8.875
8.8125
8.8125
8.8125
8.875
8.9375
9.0625
8.9375
8.9375
8.6875
8.4375
8.375
8.375
8.5
8.625
8.75
8.875
8.875
8.875
8.875
8.875
8.875
8.875
8.8125
8.8125
8.8125
8.8125
8.8125
8.8125
8.875
8.875
8.875
8.9375
8.9375
8.875
8.8125
8.75
8.8125
8.8125
8.8125
8.8125
8.8125
8.8125
8.8125
8.8125
8.8125
8.8125
8.8125
8.8125
8.75
8.75
8.75
8.8125
8.8125
8.875
8.875
8.875
9.125
9.375
9.375
9.375
9.25
9.0625
8.9375
9.0625
9.5
10.688
11
11.25
12.063
12.063
12.5
12.25
11.875
11.563
11.125
11.125
10.938
10.938
10.875
10.5
8.9375
8.75
8.75
8.75
8.75
8.75
8.75
8.75
8.75
8.6875
8.625
8.5625
8.5
8.375
8.1875
7.875
7.875
7.625
7.375
7.3125
7.75
7.8125
8.1875
8.1875
8.4375
8.5625
8.6875
8.875
8.9375
8.9375
9
9
9
9
8.9375
8.9375
8.9375
8.875
8.8125
8.875
8.875
8.875
8.9375
8.9375
8.9375
8.9375
8.9375
9
9
9
8.9375
8.9375
8.9375
8.9375
8.9375
8.9375
8.9375
8.9375
8.9375
8.9375
8.9375
8.9375
8.9375
8.9375
8.9375
8.9375
8.875
8.875
8.875
8.875
8.875
8.9375
8.875
8.875
8.875
8.875
8.9375
8.9375
8.9375
9.0625
9.375
9.375
9.5
10.063
10.875
11.313
11.25
11.25
10.938
10.688
10.688
10.688
11
11
11.125
11.563
11.5
11.063
11.188
11.188
11.375
11.375
11.438
11.5
11.5
11.5
11.5
11.438
11.313
11.188
11.188
10.938
10.813
10.5
10.063
9.5
9.5
9.25
9.5
9.75
10.125
10.25
10.25
10.313
10.375
10.563
10.688
10.75
10.75
10.813
10.75
10.75
10.75
10.75
10.75
10.688
10.688
10.688
10.688
10.688
10.688
10.688
10.688
10.688
10.688
10.75
10.75
10.688
10.688
10.688
10.625
10.625
10.625
10.688
10.75
10.75
10.75
10.75
10.75
10.688
10.688
10.688
10.75
10.75
10.688
10.688
10.688
10.688
10.688
10.688
10.625
10.75
10.875
10.938
10.813
10.813
10.688
10.688
10.688
10.813
11.813
11.813
12.25
12
12.938
13.5
13.5
13.188
12.813
12.313
12.25
12.25
12.5
12.438
11.688
10.563
10.813
10.813
10.875
10.875
10.875
10.875
10.875
10.813
10.813
10.813
10.75
10.688
10.688
10.5
10.438
10.125
10
9.875
9.875
9.75
9.875
10.25
10.563
10.688
10.688
10.75
10.875
10.938
11
11
11
11
10.938
10.938
10.938
10.938
10.938
10.938
10.938
10.938
11
11
11
11
11.063
11.063
11.063
11.063
11.063
11
11
11
11.063
11
11
11
11
11
11
11
11
11
11
11
11
10.938
10.938
10.938
10.938
11
11
11
11
11
11
11.063
11.5
12.313
12.438
12.688
13.438
13.938
14
13.75
13.563
13.438
13.5
13.313
13.313
13.125
12.375
11.438
11.625
11.688
11.75
11.75
11.75
11.75
11.75
11.688
11.688
11.688
11.625
11.625
11.5
11.438
11.063
10.813
10.813
11
11.125
11.375
11.563
11.625
11.75
11.813
11.813
11.875
11.875
11.875
11.875
11.813
11.813
11.813
11.813
11.813
11.813
11.813
11.813
11.813
11.875
11.875
11.875
11.875
11.875
11.813
11.813
11.875
11.875
11.938
11.875
11.875
11.875
11.875
11.875
11.875
11.875
11.875
11.875
11.813
11.813
11.813
11.813
11.813
11.875
11.938
11.813
11.813
11.875
11.875
12.063
12.938
13.188
13.313
14.375
14.813
14.688
14.625
14.375
14.125
14.125
14.125
14.25
13.875
13.438
12.125
12.313
12.375
12.438
12.438
12.438
12.438
12.438
12.375
12.375
12.375
12.313
12.313
12.188
12.063
11.625
11.375
11.375
11.313
11.563
11.875
12.063
12.188
12.25
12.375
12.375
12.438
12.438
12.438
12.438
12.438
12.438
12.438
12.375
12.375
12.375
12.375
12.375
12.438
12.438
12.438
12.438
12.438
12.375
12.375
12.375
12.438
12.438
12.375
12.375
12.375
12.375
12.375
12.375
12.375
12.375
12.375
12.313
12.313
12.313
12.313
12.313
12.375
12.438
12.375
12.375
12.375
12.375
12.563
13.188
13.75
13.875
14.25
15.063
15.063
14.313
14.125
13.813
13.813
14.188
14.25
14.125
13.688
13
12.938
13.063
13.125
13.125
13.125
13.125
13.188
13.125
13.063
13.063
12.938
12.875
12.875
12.813
12.5
12.313
12.375
12.313
12.563
12.688
12.75
12.875
12.938
13.063
13.063
13.125
13.125
13.125
13.125
13.125
13.125
13.125
13.125
13.125
13.125
13.125
13.125
13.125
13.125
13.125
13.188
13.188
13.188
13.125
13.063
13.063
13.063
13.063
13.063
13.125
13.125
13.063
13.063
13.125
13.125
13.125
13.125
13.125
13.063
13.063
13
13
13
13.063
13
13
13
13.063
13.125
13.375
13.5
13.625
14.375
14.938
14.813
14.5
14.313
14.063
13.813
14.313
14.688
14.625
14.5
13.813
13.25
13.438
13.438
13.5
13.438
13.438
13.5
13.5
13.438
13.375
13.375
13.25
13.125
13.063
12.875
12.688
12.5
12.5
12.625
12.75
12.813
13
13.125
13.188
13.25
13.313
13.313
13.313
13.313
13.313
13.313
13.313
13.313
13.313
13.25
13.25
13.25
13.25
13.313
13.313
13.313
13.313
13.313
13.313
13.25
13.188
13.188
13.188
13.188
13.188
13.25
13.25
13.188
13.188
13.188
13.25
13.25
13.25
13.188
13.188
13.125
13.125
13.125
13.188
13.25
13.25
13.188
13.188
13.188
13.188
13.375
14.063
14.125
14.188
15.188
16.063
15.063
14.625
14.75
14.438
14.688
14.75
14.938
14.688
14
13.188
13.5
13.5
13.5
13.563
13.563
13.563
13.563
13.563
13.5
13.5
13.438
13.438
13.313
13.125
12.938
12.438
12.313
12.438
12.75
12.938
13.188
13.313
13.375
13.375
13.438
13.438
13.5
13.5
13.5
13.5
13.5
13.438
13.438
13.438
13.438
13.375
13.375
13.375
13.375
13.375
13.438
13.438
13.438
13.438
13.438
13.438
13.438
13.375
13.375
13.375
13.438
13.438
13.375
13.438
13.438
13.438
13.375
13.375
13.375
13.375
13.375
13.375
13.375
13.375
13.313
13.313
13.313
13.313
13.313
13.375
13.375
13.375
13.375
13.375
13.375
13.438
13.75
14.125
14.25
14.25
14.625
15.438
15.938
15.75
15.375
15.375
15.125
14.813
15.063
15.125
15.188
15.188
15.188
14.625
13.938
13.938
14
14
14.063
14.063
14.063
14.063
14.063
14.063
14.063
14
14
13.938
13.938
13.938
13.813
13.688
13.188
12.938
12.813
13.25
13.75
13.813
14
14
14
14.063
14.125
14.125
14.188
14.188
14.188
14.188
14.188
14.125
14.188
14.125
14.125
14.063
14.063
14
14
14
14.063
14.063
14.063
14.125
14.125
14.125
14.063
14.063
14.063
14.063
14.063
14.125
14.188
14.188
14.125
14.125
14.125
14.125
14.125
14.125
14.125
14.125
14.125
14.125
14.063
14.063
14.063
14.063
14.063
14.063
14.063
14.125
14.125
14.125
14.125
14.313
15.125
15.063
15.188
15.188
16.25
16.625
16.5
16.5
16.25
16
16.063
16.188
16.188
15.813
15.813
15.313
14.188
14.25
14.313
14.375
14.375
14.375
14.375
14.438
14.438
14.375
14.375
14.375
14.375
14.313
14.438
14.438
14.188
13.938
13.688
13.688
13.813
13.813
14
14.125
14.375
14.438
14.563
14.563
14.563
14.625
14.625
14.625
14.625
14.563
14.563
14.563
14.563
14.563
14.5
14.5
14.5
14.5
14.5
14.5
14.563
14.563
14.563
14.5
14.438
14.438
14.438
14.438
14.5
14.563
14.625
14.563
14.563
14.563
14.563
14.563
14.563
14.563
14.563
14.563
14.563
14.563
14.563
14.5
14.5
14.5
14.5
14.5
14.5
14.5
14.563
14.563
14.563
14.563
14.688
15.375
15.563
15.5
16.25
16.938
17
16.688
16.313
16.125
16.25
16.25
16.25
16.063
16
15.688
15
14.75
14.938
14.938
15
15
15
15
14.938
14.938
14.938
14.875
14.938
15.063
14.875
14.875
14.688
14.5
14.25
14.375
14.563
14.625
14.688
14.75
14.813
14.875
14.938
14.938
14.938
14.938
14.938
14.938
14.875
14.875
14.813
14.75
14.75
14.75
14.75
14.75
14.813
14.813
14.813
14.813
14.813
14.75
14.813
14.813
14.813
14.875
14.813
14.813
14.813
14.75
14.75
14.813
14.813
14.813
14.75
14.75
14.688
14.688
14.688
14.688
14.688
14.75
14.75
14.75
14.75
14.813
14.938
15.25
15.5
15.5
16.25
16.938
17.313
16.688
16.125
15.813
15.75
16.188
16.125
16.188
15.938
15.5
14.938
15.125
15.063
15.125
15.188
15.188
15.188
15.188
15.125
15.125
15.125
15.125
15.125
15.063
14.875
14.438
14.375
14.375
14.375
14.563
14.688
14.813
14.875
14.875
14.938
15
15
15
15
15
15
14.938
14.875
14.875
14.875
14.875
14.875
14.875
14.875
14.875
14.938
14.938
14.938
14.938
14.938
14.938
14.938
14.938
14.938
14.938
14.938
14.938
14.938
14.938
14.938
14.938
14.875
14.875
14.813
14.813
14.813
14.813
14.875
14.938
15
14.938
14.875
14.875
14.938
15.125
15.75
16.125
16
16.5
17.188
16.938
16.438
16.25
16.063
16.375
16.313
16.188
16
15.438
14.625
14.688
14.813
14.875
14.875
14.875
14.875
14.938
14.875
14.813
14.813
14.813
14.75
14.813
14.563
14.313
13.938
13.938
14.188
14.375
14.375
14.563
14.688
14.75
14.813
14.875
14.938
14.938
14.938
14.875
14.875
14.813
14.75
14.688
14.688
14.688
14.688
14.688
14.75
14.688
14.75
14.75
14.75
14.75
14.75
14.688
14.75
14.75
14.813
14.75
14.75
14.75
14.75
14.75
14.75
14.75
14.75
14.75
14.688
14.688
14.688
14.625
14.625
14.625
14.625
14.625
14.75
14.75
14.75
14.688
14.75
14.75
15.313
15.875
16.25
16.25
16.25
17.188
17.125
17.063
16.813
16.375
16.5
16.375
16.063
15.813
15.438
15.438
14.938
14.813
14.875
14.938
14.938
14.938
14.938
14.938
14.938
14.938
14.938
14.875
14.875
14.938
14.875
15.063
14.688
14.563
14.625
14.688
14.688
14.938
15
15.125
15.188
15.25
15.25
15.313
15.313
15.313
15.313
15.313
15.313
15.313
15.313
15.313
15.313
15.313
15.313
15.313
15.25
15.25
15.25
15.25
15.25
15.313
15.313
15.313
15.313
15.313
15.188
15.188
15.313
15.438
15.438
15.5
15.5
15.5
15.438
15.438
15.438
15.438
15.438
15.438
15.438
15.375
15.375
15.375
15.375
15.375
15.375
15.375
15.313
15.313
15.313
15.313
15.313
15.375
15.375
15.375
15.375
15.375
15.375
15.375
15.375
15.375
15.375
15.375
15.375
15.375
15.375
15.375
15.375
15.375
15.375
15.375
15.375
15.375
15.375
15.375
15.375
15.375
15.375
15.375
15.375
15.375
15.375
15.375
15.375
15.375
15.375
15.375
15.375
15.375
15.375
15.375
15.375
15.375
15.375
15.375
15.375
15.375
15.375
15.375
15.375
15.375
15.375
15.375
15.375
15.375
15.375
15.375
15.375
15.375
15.375
15.375
15.375
15.375
15.375
15.375
15.375
15.375
15.375
15.375
15.375
15.375
15.375
15.375
15.375
15.375
15.375
15.375
15.375
15.375
15.375
15.375
15.375
15.375
15.375
15.375
15.375
15.375
15.375
15.375
15.375
15.375
15.375
15.375
15.375
15.375
15.375
15.375
15.375
15.375
15.375
15.375
15.375
15.375
15.375
15.375
15.375
15.375
15.375
15.375
15.375
15.375
15.375
15.375
15.375
15.375
15.375
15.375
15.375
15.375
15.375
15.375
15.375
15.375
15.375
15.375
15.375
15.375
15.375
15.375
15.375
15.375
15.375
15.375
15.375
15.375
15.375
15.375
15.375
15.375
15.375
15.375
15.375
15.375
15.375
15.375
15.375
15.375
15.375
15.375
15.375
15.375
15.375
15.375
15.375
15.375
15.375
15.375
15.375
15.375
15.375
15.375
15.375
15.375
15.375
15.375
15.375
15.375
15.375
15.375
15.375
15.375
15.375
15.375
15.375
15.375
15.375
15.375
15.375
15.375
15.375
15.375
15.375
15.375
15.375
15.375
15.375
15.375
15.375
15.375
15.375
15.375
15.375
15.375
15.375
15.375
15.375
15.375
15.375
15.375
15.375
15.375
15.375
15.375
15.375
15.375
15.375
15.375
15.375
15.375
15.375
15.375
15.375
15.375
15.375
15.375
15.375
15.375
15.375
15.375
15.375
15.375
15.375
15.375
15.375
15.375
15.375
15.375
15.375
15.375
15.375
15.375
15.375
15.375
15.375
15.375
15.375
15.375
15.375
15.375
15.375
15.375
15.375
15.375
15.375
15.313
15.313
15.313
15.313
15.375
15.375
15.375
15.313
15.313
15.313
15.313
15.313
15.313
15.313
15.313
15.313
15.563
15.813
16.063
16.063
16.5
16.813
16.688
15.563
14.188
14.188
13.813
13.375
13.313
13.5
13.813
13.813
14
14.313
15.25
16.5
18.75
18.75
19.188
19.188
19.063
19.125
19.125
19.125
19.125
19.188
19.188
19.125
19.188
19.188
19.188
19.188
19.188
19.188
19.25
19.25
19.25
19.313
19.125
18.75
18.625
18.75
18.75
18.813
18.875
18.75
18.75
18.688
18.688
18.688
18.688
18.75
18.75
18.813
18.813
18.75
18.75
18.75
18.75
18.75
18.75
18.75
18.813
18.813
18.813
18.813
18.813
18.813
18.75
18.5
18.063
18.063
17.25
16.25
16.125
16.125
15.875
15.875
15.875
15.875
15.875
15.875
15.813
15.813
15.813
15.813
15.813
15.813
15.813
15.813
15.875
15.938
16.063
16.25
16.25
16.375
16.438
16.438
17.375
19.438
21.188
22.688
24
25.063
25.063
25.813
26.313
27.125
28.125
29.813
31.438
31.438
32.188
32.5
32
32.438
32.375
32.375
32.375
32.438
32.438
32.75
33.313
33.75
33.938
34.063
34.5
34.5
34.813
34.813
34.438
34.188
34
34
33.938
33.625
33.563
33.5
33.563
33.875
33.875
33.813
33.625
33.438
33.438
33.375
33.375
33.375
33.375
33.375
33.375
33.375
33.375
33.375
33.375
33.375
33.375
33.375
33.438
33.438
33.375
33.375
33.375
33.375
33.313
33.313
33.25
33
33
32.938
32.813
32.563
32.563
32.25
32.25
32.25
32.25
32.188
31.875
31.875
31.313
30.938
30.875
30.875
30.875
30.813
30.75
30.563
30.25
29.813
29.563
29.188
29.188
28.25
27.688
28.875
30.313
31.875
33.313
34.438
34.438
35.188
35.5
36.375
37.563
38.875
38.875
40.188
41.938
43.25
43.563
44.375
44.375
44.313
44.438
44.5
44.563
44.563
44.563
44.563
44.75
44.875
44.938
45
45
45.188
45.438
45.688
45.75
45.625
45.625
45.563
45.313
45.375
45.5
45.875
45.875
46.063
46.188
46.188
46.188
46.25
46.25
46.25
46.25
46.25
46.25
46.25
46.25
46.25
46.188
46.188
46.25
46.25
46.25
46.25
46.25
46.25
46.313
46.313
46.313
46.313
46.313
46.313
46.313
46.25
46.063
45.813
45.813
45.688
45.688
45.438
44.938
44.938
44.938
44.938
44.938
44.938
44.875
44.688
44.25
43.875
43.875
43.688
43.688
43.688
43.625
43.313
43.313
42.875
42.563
42.063
41.25
41.313
41.313
42.563
43.688
45.5
47.125
47.938
47.938
48.625
49.375
50.25
51.25
52.375
52.375
53.313
54.938
56.875
57.125
57.25
57.25
57.438
57.75
57.813
57.875
57.875
57.875
57.875
57.875
57.875
57.938
58
58
58
58.125
58.375
58.5
58.625
58.625
58.438
58.438
58.813
59.188
59.313
59.75
59.875
59.938
60
60
60.063
60.063
60.063
60.063
60.063
60.063
60.063
60.063
60.063
60
60.063
60.063
60.063
60.063
60.063
60.063
60.125
60.125
60.125
60.188
60.188
60.188
60.188
60.125
60.063
59.813
59.688
59.625
59.625
59.563
59.5
59.5
59.5
59.5
59.5
59.5
59.5
59.438
59.125
58.688
58.688
58.438
58.438
58.375
58.188
57.813
57.813
57.375
57.125
56.875
56.125
55.875
55.875
56.688
57.938
59.75
61.125
61.938
61.938
62.75
63.375
64.375
65.5
66.5
66.5
67.375
68.938
70.25
70.75
71.438
71.438
71.688
71.813
71.938
71.938
72
72
72
72
72
72
72.063
72.063
72.063
72
72
71.938
71.938
71.938
72
72.188
72.438
72.875
73.25
73.563
73.75
73.875
73.938
74
74
74
74
74
74
74
74
73.938
73.938
73.938
73.938
73.938
73.938
74
74
74
74.063
74.063
74.063
74.125
74.125
74.063
74.063
74.063
74
73.813
73.75
73.75
73.75
73.75
73.688
73.75
73.688
73.688
73.688
73.688
73.625
73.313
73
73
73
72.938
72.688
72.375
71.875
71.563
71.563
71.5
71.125
70.75
71.125
72.063
72.063
73.625
75.125
76.25
77.313
78.063
78.063
79.125
80.188
81.188
82.313
83.563
83.563
84.625
85.313
86.125
86.375
86.313
86.313
86.438
86.5
86.563
86.5
86.5
86.5
86.5
86.563
86.625
86.625
86.5
86.5
86.313
86.125
85.938
85.938
86.375
86.375
86.5
86.688
87.188
87.5
87.688
87.688
88.063
88.125
88.188
88.25
88.313
88.313
88.313
88.313
88.313
88.25
88.25
88.25
88.188
88.188
88.188
88.188
88.25
88.25
88.313
88.313
88.375
88.375
88.375
88.375
88.375
88.375
88.313
88.313
88.188
88
87.938
87.875
87.875
87.875
87.75
87.75
87.813
87.75
87.75
87.75
87.75
87.75
87.5
87.125
87.063
87
87
86.75
86.563
86.25
85.938
85.563
85.563
85
84.75
85.125
85.625
85.625
86.688
88.25
90.125
91.313
92.313
92.938
92.938
93.813
94.938
96.063
97.125
97.125
98.5
99.5
100.19
99.625
99.438
99.375
99.375
99.438
99.438
99.438
99.563
99.563
99.625
99.688
99.75
99.813
99.813
99.813
99.75
99.625
99.5
99.25
98.938
98.938
98.875
99.188
99.25
99.25
99.563
99.563
99.813
100.13
100.25
100.31
100.31
100.31
100.31
100.31
100.38
100.38
100.31
100.31
100.25
100.19
100.19
100.13
100.13
100.13
100.19
100.25
100.25
100.25
100.31
100.31
100.31
100.31
100.31
100.19
99.938
99.938
99.813
99.688
99.563
99.313
99
99
98.688
98.688
98.688
98.688
98.688
98.688
98.625
98.625
98.625
98.625
98.625
98.625
98.438
98.188
98
97.875
97.625
97.625
97.25
97.188
97.563
98.438
99
99
99.375
100.88
103.19
104.69
105.81
105.81
106.94
108.13
109
110.13
111.44
111.44
111.69
111.25
110.69
110.94
110.81
110.81
110.88
110.88
111.13
111.5
112.06
112.06
112.5
112.63
112.69
112.75
112.75
112.75
112.69
112.56
112.44
112.25
112.13
112.13
111.94
111.75
111.63
111.56
111.63
111.63
111.94
112.31
112.56
112.5
112.5
112.5
112.5
112.5
112.5
112.5
112.5
112.5
112.44
112.44
112.38
112.44
112.44
112.44
112.44
112.5
112.5
112.5
112.5
112.5
112.5
112.5
112.44
112.13
111.56
111.56
111.06
110.94
110.81
110.63
110.44
110.44
110.38
110.38
110.44
110.38
110.31
110.31
110.19
110.13
110.06
110
110
110
109.94
109.94
110
110
110.13
110.13
110.25
110.5
111
111.69
112.63
112.63
114.31
116.5
118.69
120.44
121.19
121.19
121.56
122.5
123.88
125.31
126.31
126.31
126.69
126.5
126.13
126.13
126.13
126.13
126.19
126.19
126.38
126.63
127
127
127.13
127.25
127.44
127.5
127.44
127.44
127.38
127.31
127.06
126.81
126.5
126.5
126.31
126.25
126.19
126.19
126.56
126.56
127.06
127.31
127.38
127.38
127.44
127.44
127.44
127.44
127.44
127.44
127.38
127.38
127.38
127.38
127.44
127.44
127.5
127.5
127.56
127.56
127.56
127.56
127.5
127.5
127.44
127.06
126.38
125.56
125.06
125.06
124.81
124.63
124.38
124.06
123.94
123.94
123.81
123.63
123.5
123.25
123.19
123.19
123.13
123.13
123.13
123.13
123.13
123.13
123.13
123.19
123.19
123.25
123.31
123.31
123.44
123.63
124.31
126
127.88
127.88
129.69
132.06
133.69
134.56
135.63
135.63
136.69
138.13
139.06
139.56
139.94
139.94
139.13
139.13
139.06
139.13
139.19
139.19
139.5
140.19
140.56
140.75
140.81
140.81
140.81
140.81
140.75
140.69
140.56
140.56
140.19
140.19
139.88
140.06
140.25
140
140
140.31
140.44
140.44
140.38
140.31
140.38
140.38
140.38
140.38
140.38
140.38
140.38
140.38
140.38
140.38
140.38
140.38
140.44
140.44
140.44
140.44
140.5
140.5
140.5
140.5
140.31
139.88
139.88
138.81
137.81
137.44
137.38
137.19
136.81
136.44
136.31
136.25
136.25
136.25
136.25
136.13
136.06
136.06
136.06
136.06
136
135.88
135.75
135.75
135.81
135.81
135.81
135.81
136.13
136.13
136.38
137.31
138.44
139.75
141.38
141.38
143.38
144.88
145
145.31
145.94
145.94
146.94
148.38
149.88
150.81
150.63
150.63
149.56
149.31
149.25
149.25
149.31
149.31
149.56
150.13
150.5
150.56
150.63
150.63
150.63
150.63
150.56
150.56
150.5
150.5
150.5
150.25
150.06
150.06
149.75
149.56
149.38
149.25
149.13
149.06
149.13
149.44
149.75
150.06
150.06
150.31
150.56
150.81
151.13
151.44
151.44
151.63
151.69
151.69
151.75
151.75
151.75
151.75
151.75
151.81
151.81
151.81
151.81
151.88
151.88
151.88
151.88
151.88
151.88
151.88
151.88
151.94
151.94
151.94
152
152
152
152
152.06
152.06
152.06
152.06
152.06
152.06
152.13
152.13
152.13
152.13
152.13
152.19
152.19
152.19
152.19
152.19
152.25
152.25
152.25
152.25
152.25
152.31
152.31
152.31
152.31
152.31
152.38
152.38
152.38
152.38
152.38
152.38
152.38
152.38
152.44
152.44
152.44
152.44
152.44
152.44
152.44
152.5
152.5
152.5
152.5
152.5
152.5
152.5
152.5
152.56
152.56
152.56
152.56
152.56
152.56
152.56
152.56
152.56
152.63
152.63
152.63
152.63
152.63
152.63
152.63
152.63
152.63
152.63
152.69
152.69
152.69
152.69
152.69
152.69
152.69
152.69
152.69
152.69
152.69
152.69
152.69
152.75
152.75
152.75
152.75
152.75
152.75
152.75
152.75
152.75
152.75
152.75
152.75
152.75
152.81
152.81
152.81
152.81
152.81
152.81
152.81
152.81
152.81
152.81
152.81
152.81
152.81
152.81
152.81
152.88
152.88
152.88
152.88
152.88
152.88
152.88
152.88
152.88
152.88
152.88
152.88
152.88
152.88
152.88
152.88
152.88
152.88
152.88
152.88
152.88
152.88
152.88
152.88
152.88
152.88
152.88
152.88
152.88
152.88
152.88
152.88
152.88
152.88
152.88
152.88
152.88
152.88
152.88
152.88
152.88
152.88
152.88
152.88
152.88
152.88
152.88
152.88
152.88
152.88
152.88
152.88
152.88
152.88
152.88
152.88
152.88
152.88
152.88
152.88
152.88
152.88
152.88
152.88
152.88
152.88
152.88
152.88
152.88
152.88
152.88
152.88
152.88
152.88
152.88
152.88
152.88
152.88
152.88
152.88
152.88
152.88
152.88
152.88
152.88
152.88
152.88
152.88
152.88
152.88
152.88
152.88
152.88
152.88
152.88
152.88
152.88
152.88
152.88
152.88
152.88
152.88
152.88
152.88
152.88
152.88
152.88
152.88
152.88
152.88
152.88
152.88
152.88
152.88
152.88
152.88
152.88
152.88
152.88
152.88
152.88
152.88
152.88
152.88
152.88
152.88
152.88
152.88
152.88
152.88
152.88
152.88
152.88
152.88
152.88
152.88
152.88
152.88
152.88
152.88
152.88
152.88
152.88
152.88
152.88
152.88
152.88
152.88
152.88
152.88
152.88
152.88
152.88
152.88
152.88
152.88
152.88
152.88
152.88
152.88
152.88
152.88
152.88
152.88
152.88
152.88
152.88
152.88
152.88
152.88
152.88
152.88
152.88
152.88
152.88
152.88
152.88
152.88
152.88
152.88
152.88
152.88
152.88
152.88
152.88
152.88
152.88
152.88
152.88
152.88
152.88
152.88
152.88
152.88
152.88
152.88
152.88
152.88
152.88
152.88
152.88
152.88
152.88
152.88
152.88
152.88
152.88
152.88
152.88
152.88
152.88
152.88
152.88
152.88
152.88
152.88
152.88
152.88
152.88
152.88
152.88
152.88
152.88
152.88
152.88
152.88
152.88
152.88
152.88
152.88
152.88
152.88
152.88
152.88
152.88
152.88
152.88
152.88
152.88
152.88
152.88
152.88
152.88
152.88
152.88
152.88
152.88
152.88
152.88
152.88
152.88
152.88
152.88
152.88
152.88
152.88
152.88
152.88
152.88
152.88
152.88
152.88
152.88
152.88
152.88
152.88
152.88
152.88
152.88
152.88
152.88
152.88
152.88
152.88
152.88
152.88
152.88
152.88
152.88
152.88
152.88
152.88
152.88
152.88
152.88
152.88
152.88
152.88
152.88
152.88
152.88
152.88
152.88
152.88
152.88
152.88
152.88
152.88
152.88
152.88
152.88
152.88
152.88
152.88
152.88
152.88
152.88
152.88
152.88
152.88
152.88
152.88
152.88
152.88
152.88
152.88
152.88
152.88
152.88
152.88
152.88
152.88
152.88
152.88
152.88
152.88
152.88
152.88
152.88
152.94
152.88
152.88
152.94
152.94
152.94
152.94
152.94
152.94
152.94
152.88
152.94
152.94
152.94
152.94
152.94
152.94
152.94
152.94
152.94
153
153
153
153
153
153
153
153
153
153
153.06
153.06
153.06
153.06
153.13
153.13
153.19
153.25
153.25
153.31
153.5
153.75
154
154.13
154.06
154.06
153.94
153.63
153.31
153.13
153.13
153.13
153.06
153.06
153.06
152.94
152.88
152.88
152.56
152.44
151.94
149.81
149.81
149
149.56
150.06
150.44
150.81
151.44
151.44
152.13
152.19
152.25
152.25
152.25
152.25
152.25
152.19
152.19
152.19
152.19
152.19
152.19
152.19
152.19
152.19
152.06
151.69
151.31
151.44
151.5
151
151
150.94
151.19
151.06
150.75
150.25
149.81
148.56
148.56
147.69
146
144.88
144.31
144.44
144.19
144.19
143.5
142.88
142.25
141.88
141.56
141.38
141.25
141.25
140.88
140.75
141.19
142.19
143.31
144.19
144.19
144.44
143.94
143.19
142
141.44
140.88
140.88
140.56
140.69
141
142.19
143.31
143.31
144.31
145.31
145.44
145.5
145.44
145.38
145.31
145.31
145.38
145.38
145.44
145.44
145.44
145.44
145.44
145.31
145.31
145.19
145.19
145.06
144.38
144.19
144.19
145
145.81
146.63
146.63
146.63
146.63
146.69
146.69
146.69
146.63
146.63
146.63
146.56
146.56
146.75
147
147.19
147.19
147.38
147.69
147.75
147.81
147.81
147.44
147.25
147.19
146.88
147
147
147
146.5
146.5
146.38
146.25
146.25
147
147.25
146.25
145.13
142.88
142.88
141.44
139.94
138.88
138.81
138.81
138.81
138.56
137.5
136.38
135.75
134.94
134.94
134.44
134.31
134.19
134.44
134.63
134.63
135.13
135.5
135.44
134.69
133.94
133.94
133.81
133.44
133
133.19
133
133
133
133.19
133.38
134.5
135.56
135.56
136.75
138.06
138.69
138.69
138.63
138.63
138.63
138.63
138.63
138.69
138.69
138.69
138.69
138.69
138.63
138.31
138.13
138.13
137.88
136.31
134.94
134.63
134.69
134.69
135.06
135.94
136.94
137.69
137.88
137.88
137.88
137.94
137.94
137.88
137.88
137.88
137.81
137.75
137.75
137.81
137.94
137.94
138
138.19
138.44
138.44
138.31
138.31
138.5
138.81
139.13
139.31
139.69
139.69
139.75
139.5
139.25
139.63
139.56
139.56
139.75
139.69
139.25
137.81
135.69
135.69
135.25
135.06
135.19
135
134.13
134.13
133.44
132.5
131.94
131.63
131.38
131.38
131.06
130.44
130.56
130.94
131.19
131.19
131.94
132.63
132.81
132.81
132.5
132.5
132.25
131.81
131.31
131.06
131.25
131.25
131.31
130.88
131.38
131.44
131.75
131.75
133.38
134.69
135.5
136.13
136.31
136.31
136.44
136.44
136.56
136.88
137.19
137.19
137.31
137.25
136.88
136.06
134.75
134.75
133.38
132.63
132.25
132.06
132.06
132.56
133
133.25
134.88
136.75
136.75
138
138.69
138.63
138.5
138.38
138.38
138.31
138.25
138.25
138.19
138.25
138.25
138.38
138.69
139.06
139.13
139.13
138.88
138.56
138.19
137.94
138
138
137.69
137.44
137.25
137.38
137.69
137.69
138.13
138.63
139.44
139.44
139.06
139.06
138.94
139.19
139.69
140
140.13
140.13
139.88
139.5
139.06
138.75
138.56
138.56
138.44
138.38
138.31
137.94
136.81
136.81
136
135.94
136.25
137
137.94
137.94
138.31
138
137.44
136.88
136.13
136.13
135.69
135.56
135.56
136.19
137
137
137.38
137.63
138
138.75
139.56
139.56
140.06
140.13
140.13
140.13
140.19
140.19
140.38
140.44
140.5
140.44
139.75
139.75
138.25
136.69
135.13
133.63
132.38
132.38
132.44
133.25
134.25
134.5
134.5
135.81
137.38
138.56
139.38
139.63
139.5
139.5
139.44
139.44
139.38
139.38
139.31
139.31
139.31
139.56
140
140.31
140.5
140.5
140.75
140.81
140.81
140.94
141.13
141.13
141.19
141.44
142.13
142.56
142.94
142.94
143.88
144.31
143.63
143.31
143.31
143.13
142.94
143.31
143.63
143.81
143.63
143.63
143.19
142.94
142.94
142.88
142.94
142.94
143
142.69
142.06
141.06
140.06
140.06
139.5
139.5
139.5
139.44
139.44
139.44
139.31
138.69
137.31
135.88
134.31
134.31
133.06
132.56
132.38
132.38
132.38
132.38
132.13
131.75
131.25
131.06
130.88
130.88
130.88
130.75
130.56
130.5
130.44
130.44
130.63
130.88
131.06
131.25
131.44
131.44
131.56
131.75
132.06
132.44
132.88
132.88
133.63
134.5
134.88
135.19
135.44
135.44
135.44
135.44
135.44
135.38
135.38
135.38
135.31
135.31
135.31
135.31
135.31
135.31
135.38
135.44
135.44
135.5
135.5
135.44
135.38
135.31
135.31
135.31
135.31
135.31
135.38
135.38
135.38
135.44
135.44
135.44
135.44
135.44
135.44
135.44
135.44
135.44
135.38
135.31
135.25
135.25
135.25
135.31
135.38
135.38
135.44
135.44
135.44
135.44
135.44
135.44
135.44
135.44
135.44
135.44
135.44
135.44
135.44
135.44
135.44
135.44
135.44
135.44
135.44
135.44
135.44
135.44
135.44
135.44
135.44
135.44
135.44
135.44
135.44
135.44
135.44
135.44
135.44
135.44
135.44
135.44
135.44
135.44
135.44
135.44
135.44
135.44
135.44
135.44
135.44
135.44
135.44
135.44
135.44
135.44
135.44
135.44
135.44
135.44
135.44
135.44
135.44
135.44
135.44
135.44
135.44
135.44
135.44
135.44
135.44
135.44
135.44
135.44
135.44
135.44
135.44
135.44
135.44
135.44
135.44
135.44
135.44
135.44
135.44
135.44
135.44
135.44
135.44
135.44
135.44
135.44
135.44
135.44
135.44
135.44
135.44
135.44
135.44
135.44
135.44
135.44
135.44
135.44
135.44
135.44
135.44
135.44
135.44
135.44
135.44
135.44
135.44
135.44
135.44
135.44
135.44
135.44
135.44
135.44
135.44
135.44
135.44
135.44
135.44
135.44
135.44
135.44
135.44
135.44
135.44
135.44
135.44
135.44
135.44
135.44
135.44
135.44
135.44
135.44
135.44
135.44
135.44
135.44
135.44
135.44
135.44
135.44
135.44
135.44
135.44
135.44
135.44
135.44
135.44
135.44
135.44
135.44
135.44
135.44
135.44
135.44
135.44
135.44
135.44
135.44
135.44
135.44
135.44
135.44
135.44
135.44
135.44
135.44
135.44
135.44
135.44
135.44
135.44
135.44
135.44
135.44
135.44
135.44
135.44
135.44
135.44
135.44
135.44
135.44
135.44
135.44
135.44
135.44
135.44
135.44
135.44
135.44
135.44
135.44
135.44
135.44
135.44
135.44
135.44
135.44
135.44
135.44
135.44
135.44
135.44
135.44
135.44
135.44
135.44
135.44
135.44
135.44
135.44
135.44
135.44
135.44
135.44
135.44
135.44
135.44
135.44
135.44
135.44
135.44
135.44
135.44
135.44
135.44
135.44
135.44
135.44
135.44
135.44
135.44
135.44
135.44
135.44
135.44
135.44
135.44
135.44
135.44
135.44
135.44
135.44
135.44
135.44
135.44
135.44
135.44
135.44
135.44
135.44
135.44
135.44
135.44
135.44
135.44
135.44
135.44
135.44
135.44
135.44
135.44
135.44
135.44
135.44
135.44
135.44
135.44
135.44
135.44
135.44
135.44
135.44
135.44
135.44
135.44
135.44
135.44
135.44
135.44
135.44
135.44
135.44
135.44
135.44
135.44
135.44
135.44
135.44
135.44
135.44
135.44
135.44
135.44
135.44
135.44
135.44
135.44
135.44
135.44
135.44
135.44
135.44
135.44
135.44
135.44
135.44
135.44
135.44
135.44
135.44
135.44
135.44
135.44
135.44
135.44
135.44
135.44
135.44
135.44
135.44
135.44
135.44
135.44
135.44
135.44
135.44
135.44
135.44
135.44
135.44
135.44
135.44
135.44
135.44
135.44
135.44
135.44
135.44
135.44
135.44
135.44
135.44
135.44
135.44
135.44
135.44
135.44
135.44
135.44
135.44
135.44
135.44
135.44
135.44
135.44
135.44
135.44
135.44
135.44
135.44
135.44
135.44
135.44
135.44
135.44
135.44
135.44
135.44
135.44
135.44
135.44
135.44
135.44
135.44
135.44
135.44
135.44
135.44
135.44
135.44
135.44
135.44
135.44
135.44
135.44
135.44
135.44
135.44
135.44
135.44
135.44
135.44
135.44
135.44
135.44
135.44
135.44
135.44
135.44
135.44
135.44
135.44
135.44
135.44
135.44
135.44
135.44
135.44
135.44
135.44
135.44
135.44
135.44
135.44
135.44
135.44
135.44
135.44
135.44
135.44
135.44
135.44
135.44
135.44
135.44
135.44
135.44
135.44
135.44
135.44
135.44
135.44
135.44
135.44
135.44
135.44
135.44
135.44
135.44
135.44
135.44
135.44
135.44
135.44
135.44
135.44
135.44
135.44
135.44
135.44
135.44
135.44
135.44
135.44
135.44
135.44
135.44
135.44
135.44
135.44
135.44
135.44
135.44
135.44
135.44
135.44
135.44
135.44
135.44
135.44
135.44
135.44
135.44
135.44
135.44
135.44
135.44
135.44
135.44
135.44
135.44
135.44
135.44
135.44
135.44
135.44
135.44
135.44
135.44
135.44
135.44
135.44
135.44
135.44
135.44
135.44
135.44
135.44
135.44
135.44
135.44
135.44
135.44
135.44
135.44
135.44
135.44
135.44
135.44
135.44
135.44
135.44
135.44
135.44
135.44
135.44
135.44
135.44
135.44
135.44
135.44
135.44
135.44
135.44
135.44
135.44
135.44
135.44
135.44
135.44
135.44
135.44
135.44
135.44
135.44
135.44
135.44
135.44
135.44
135.44
135.44
135.44
135.44
135.44
135.44
135.44
135.44
135.44
135.44
135.44
135.44
135.44
135.44
135.44
135.44
135.44
135.44
135.44
135.44
135.44
135.44
135.44
135.44
135.44
135.44
135.44
135.44
135.44
135.44
135.44
135.44
135.44
135.44
135.44
135.44
135.44
135.44
135.44
135.44
135.44
135.44
135.44
135.44
135.44
135.44
135.44
135.44
135.44
135.44
135.44
135.44
135.44
135.44
135.44
135.44
135.44
135.44
135.44
135.44
135.44
135.44
135.44
135.44
135.44
135.44
135.44
135.44
135.44
135.44
135.44
135.44
135.44
135.44
135.44
135.44
135.44
135.44
135.44
135.44
135.44
135.44
135.44
135.44
135.44
135.44
135.44
135.44
135.44
135.44
