0.085662
0.080291
0.082404
0.080895
0.077511
0.082669
0.083292
0.082558
0.081696
0.081498
0.077142
0.083505
0.083265
0.085492
0.081951
0.080953
0.078585
0.08152
0.08075
0.082663
0.081304
0.081133
0.082928
0.081761
0.070593
0.082558
0.081996
0.078451
0.080946
0.081051
0.08227
0.084502
0.082003
0.071321
0.085872
0.083877
0.082178
0.082389
0.080942
0.083363
0.081416
0.081707
0.08388
0.079425
0.080529
0.075113
0.080888
0.080512
0.074416
0.080786
0.079223
0.085664
0.080272
0.080725
0.082373
0.08025
0.081186
0.081363
0.075929
0.082595
0.075421
0.081497
0.081766
0.07676
0.08231
0.07671
0.078161
0.082556
0.088086
0.074639
0.081437
0.081507
0.073321
0.08065
0.081216
0.08108
0.078527
0.080505
0.076008
0.08012
0.081618
0.079159
0.080284
0.081787
0.076433
0.080709
0.081858
0.073204
0.07995
0.071241
0.080054
0.080769
0.081381
0.075227
0.081446
0.083064
0.078582
0.080918
0.084565
0.075617
0.078607
0.076159
0.081201
0.08078
0.079301
0.080508
0.080872
0.076784
0.0818
0.078917
0.08461
0.080339
0.079932
0.071803
0.075163
0.08015
0.075783
0.084889
0.081221
0.08272
0.084142
0.079853
0.081318
0.080628
0.078876
0.080711
0.081205
0.080222
0.08219
0.079939
0.082326
0.07182
0.080772
0.077659
0.08277
0.081647
0.081482
0.085657
0.079889
0.078824
0.080749
0.081646
0.082318
0.076523
0.08235
0.075007
0.086708
0.081209
0.078619
0.083505
0.081314
0.078717
0.080227
0.080221
0.081671
0.072557
0.083027
0.080295
0.070433
0.080748
0.083941
0.080021
0.080021
0.072205
0.074101
0.080837
0.07917
0.076356
0.08
0.080977
0.076514
0.07881
0.074278
0.080674
0.080049
0.079188
0.088859
0.081658
0.083977
0.080392
0.080524
0.07534
0.072799
0.080944
0.0751
0.08451
0.078906
0.081309
0.079206
0.081998
0.07815
0.081802
0.082104
0.080438
0.082691
0.080221
0.075756
0.080511
0.081237
0.086806
0.081455
0.081144
0.084575
0.07973
0.084881
0.079157
0.081268
0.083499
0.079769
0.079748
0.081211
0.082596
0.081014
0.080607
0.08092
0.081811
0.080563
0.070703
0.080065
0.083315
0.080597
0.081484
0.075281
0.080104
0.080318
0.087212
0.079477
0.079489
0.081467
0.080237
0.082227
0.082109
0.078388
0.081403
0.075485
0.081869
0.080961
0.082371
0.080536
0.077674
0.074191
0.08125
0.081069
0.08519
0.081582
0.080967
0.083686
0.080038
0.08266
0.076828
0.081085
0.084519
0.081225
0.081553
0.076792
0.081325
0.080871
0.082156
0.083664
0.081543
0.079408
0.08155
0.081407
0.08209
0.08296
0.08091
0.081275
0.077521
0.081242
0.082074
0.078655
0.079369
0.079689
0.080863
0.08232
0.082229
0.081842
0.083264
0.080803
0.076188
0.080299
0.081169
0.075074
0.080937
0.077255
0.083689
0.082679
0.081627
0.076746
0.081374
0.084221
0.081739
0.080103
0.078664
0.080899
0.082534
0.074469
0.081935
0.078091
0.082516
0.080511
0.081539
0.080326
0.081437
0.079744
0.085628
0.083397
0.079185
0.082195
0.081041
0.082722
0.072422
0.077604
0.081475
0.072963
0.080764
0.072992
0.082594
0.080004
0.084196
0.080088
0.080703
0.071815
0.082328
0.082427
0.081323
0.080477
0.077879
0.081041
0.082425
0.078812
0.080719
0.080935
0.072964
0.086049
0.082723
0.082871
0.082215
0.080937
0.081199
0.081707
0.083403
0.07577
0.082274
0.081368
0.080853
0.079036
0.081277
0.080578
0.079589
0.081211
0.080445
0.086305
0.082418
0.079971
0.079906
0.08054
0.081592
0.076136
0.080931
0.082403
0.084803
0.081871
0.081178
0.07958
0.080511
0.080138
0.080873
0.081236
0.075732
0.082308
0.082759
0.07941
0.080734
0.081465
0.07402
0.080645
0.080341
0.072797
0.083713
0.079251
0.082432
0.079447
0.071105
0.075734
0.080165
0.078563
0.083097
0.083677
0.084993
0.081046
0.076369
0.087408
0.082572
0.081648
0.078179
0.080077
0.081835
0.080511
0.079644
0.08265
0.080987
0.085396
0.071062
0.08058
0.082245
0.081034
0.081221
0.080122
0.077692
0.08357
0.075423
0.083612
0.081869
0.081383
0.078893
0.079977
0.081314
0.081101
0.079276
0.076379
0.084667
0.079613
0.079996
0.074933
0.077134
0.077813
0.070201
0.062308
0.051777
0.04806
0.040839
0.033898
-0.012619
-0.0057721
-0.00083058
-0.01357
-0.019271
-0.021265
-0.019782
-0.028087
-0.01487
-0.023584
-0.030438
-0.026406
0.02606
0.020027
0.03461
0.046383
0.061945
0.09157
0.13239
0.13727
0.13809
0.15249
0.15892
0.15475
0.16921
0.27315
0.55626
0.75065
0.91314
1.0639
1.102
1.1369
1.2099
1.2059
1.2236
1.1796
1.0825
1.0653
1.0957
1.0622
0.98677
0.87158
0.77383
0.60826
0.42403
0.27106
0.06396
0.25388
0.045686
0
0
0
0
0
-0.0080719
-0.03556
0.024229
0.10573
0.14064
0.27758
0.43529
0.59021
0.53218
0.62269
0.65728
0.76768
0.72423
0.65202
0.53626
0.46501
0.29278
0
0
0.0010295
0
0
0
0.0039604
0.0012932
0
0
0.078511
0.3132
0.46233
0.84978
0.94062
0.97722
0.87605
0.73581
0.6227
0.5359
-0.024019
0
0
0
0
0
0
0
0
0
0
0
-0.033834
-0.13674
-0.24978
-0.27405
0.034031
0.2842
0.30481
0.3738
0.34171
0.35372
0.46653
0.6737
0.264
0.22201
0.17331
0.18188
0.23727
0.22341
0.12334
0.13759
0.15713
0.2151
0.26557
0.48954
0.66523
0.70158
0.87431
0.97228
1.0078
1.1007
1.1234
0.93182
0.77129
0.66013
0.59326
0.54104
0.51715
0.29072
0.11754
0.00023345
0
0.018567
0.0082229
0
0
0
0
0.00069981
0.0022257
0
0
0.033145
0.18945
0.66976
0.6579
0.80027
0.62654
0.50474
0.46107
0.0095989
0
0
0
0
0
0
0
0
-0.007664
-0.021095
-0.05411
-0.082881
-0.19127
-0.33855
-0.27839
0.041694
0.25413
0.3274
0.36937
0.43638
0.4456
0.54554
0.66481
0.73627
0.86128
0.81561
0.63253
0.49866
0.3722
0.31143
0.31183
0.32394
0.3049
0.31595
0.29851
0.2356
0.22248
0.21231
0.62954
0.6541
0.77825
0.69376
0.74477
0.84244
0.85289
0.88101
0.94226
0.72786
0.574
0.52505
0.37454
0.23997
0.11698
0.006185
0
0.0073754
0
0
0
0
0
0.0021336
0.0015
0.0019657
0.00029082
0
0
0
0.12136
0.15647
0.19946
0.2789
0.26904
0.32202
0.2916
0.26249
0.21746
0.18788
0.14354
0.025565
-0.038977
-0.043628
-0.036463
-0.03944
-0.05239
-0.073727
-0.12548
-0.17927
-0.14548
-0.054772
0.051905
0.22201
0.31021
0.44719
0.65884
0.68791
0.65276
0.68531
0.41658
0.3344
0.29788
0.29396
0.24447
0.26446
0.28636
0.32855
0.19507
0.12
0.13534
0.19985
0.21479
0.31689
0.50377
0.85589
0.90314
0.99648
1.0359
1.0004
1.0432
0.87337
0.70251
0.60597
0.54165
0.41681
0.36656
0.099412
0.0017036
0
0
0.0012198
0
0.00023508
0
0
0
0.15119
0.12894
0.19611
0.23793
0.26035
0.36285
0.38694
0.39236
0.34577
0.26251
0.22875
0.16612
0.054693
-0.026036
-0.032558
-0.046151
-0.029976
-0.027211
-0.05239
-0.11351
-0.14154
-0.073318
0.022289
0.19118
0.3668
0.52019
0.6362
0.68119
0.66508
0.66561
0.76878
0.8924
0.47175
0.44476
0.44657
0.41348
0.36676
0.38004
0.3721
0.25998
0.16086
0.16426
0.18261
0.23514
0.36812
0.41435
0.65135
0.64827
1.01
1.048
1.0605
0.96749
0.81206
0.75971
0.60601
0.50171
0.38548
0.16213
0.043452
0
0
0.0060717
0.00040278
0
0
0
0
0
0
0.017523
0.10953
0.21663
0.2511
0.27977
0.29222
0.25732
0.2599
0.19353
0.17776
0.12694
0.0056143
-0.045021
-0.034354
-0.014863
-0.010466
-0.012019
-0.014343
-0.056957
-0.086947
0.17035
0.24452
0.34334
0.50335
0.66302
0.77855
0.66759
0.68684
0.81965
0.81786
0.88711
0.86448
0.73889
0.63572
0.56342
0.50031
0.37808
0.38206
0.2313
0.14509
0.15581
0.19937
0.23515
0.33183
0.50771
0.59309
0.66323
0.74218
0.79085
0.88877
0.90577
0.95196
1.0225
1.0452
0.98169
0.83845
0.22645
0.046563
0
0
0.0046068
0.00015178
0
0
0.00026293
0.0013668
0
0.001649
0.0005578
9.645e-05
0
0
0.10953
0.29125
0.37099
0.41604
0.44695
0.41994
0.39515
0.3643
0.31134
0.19927
0.14173
0.011149
-0.015207
-0.036463
-0.016679
-0.0046571
0
-0.0073816
-0.01024
-0.018538
-0.031509
-0.047545
-0.09581
-0.055279
0.075825
0.18284
0.34586
0.54528
0.58243
0.73237
0.71363
0.65369
0.74373
0.88182
0.88913
0.7797
0.69447
0.65923
0.51492
0.47889
0.47217
0.49041
0.4598
0.3759
0.3616
0.44116
0.23821
0.15529
0.15723
0.14773
0.27954
0.35195
0.4133
0.60718
0.69099
0.68719
0.78983
0.8084
0.81449
0.96297
0.98924
0.97079
0.96521
0.74932
0.63226
0.54004
0.44279
0.29735
0.16951
0.022726
0
0
0.005778
0.0012638
0
0
0
0.00016564
0
0.0013226
0.00031875
0
0
0
0.071256
0.16776
0.25006
0.3019
0.35583
0.38345
0.3767
0.36449
0.26707
0.20492
0.18831
-0.022567
-0.021579
-0.023197
-0.044243
-0.044657
-0.04086
-0.069189
-0.086771
-0.021774
0.071548
0.13056
0.33053
0.50282
0.62125
0.73244
0.77569
0.71503
0.71519
0.608
0.48723
0.4442
0.42362
0.4026
0.35278
0.32277
0.32325
0.34645
0.20554
0.12196
0.14784
0.17519
0.24656
0.32883
0.4266
0.56403
0.86875
0.94952
1.0486
1.0153
0.99657
0.78253
0.65907
0.54511
0.50617
0.33625
0.12863
0.018223
0
0.015165
0.0042301
0
0
0
0
0
0
0
0.062303
0.11623
0.23402
0.28856
0.3328
0.34493
0.34342
0.33264
0.26391
0.20394
0.18388
0.13898
-0.021762
-0.020262
-0.03198
-0.030976
-0.02981
-0.044013
-0.065688
-0.0087556
0.059576
0.13805
0.40051
0.60165
0.73917
0.75155
0.74633
0.71853
0.64755
0.52606
0.48767
0.46409
0.44881
0.45283
0.39522
0.3022
0.34353
0.32055
0.21185
0.11041
0.10419
0.13572
0.25433
0.30471
0.79702
0.87682
0.93268
1.0573
1.0655
1.0024
0.99885
0.80881
0.73931
0.6468
0.48601
0.40446
0.16979
0.03766
0
0
0
0
0
0.0029149
0.002195
0.00075691
0
0
0
0.062207
0.13498
0.2683
0.29609
0.35699
0.39382
0.3998
0.3606
0.31232
0.18253
-0.012624
-0.016045
-0.0078673
-0.021457
-0.014063
-0.025964
-0.028208
-0.042422
-0.028409
0.031519
0.096933
0.23968
0.5229
0.68723
0.7469
0.81693
0.9083
0.90448
0.84084
0.68581
0.60423
0.51871
0.47481
0.47831
0.47964
0.41297
0.39674
0.39865
0.40707
0.30397
0.17246
0.10791
0.16496
0.21976
0.64087
0.66919
0.67053
0.79105
0.91594
0.91534
0.98621
1.0112
0.8695
0.71264
0.60877
0.4251
0.3601
0.18193
0.042891
0
0
0
0
0.0029871
0.0030107
0.0011176
0
0
0.00062868
0
0.089057
0.21709
0.26024
0.29757
0.36456
0.40167
0.38894
0.38857
0.32244
0.24404
-0.0049129
-0.028055
-0.025973
-0.02964
-0.030338
-0.026455
-0.029292
-0.030673
-0.036234
-0.032975
0.026123
0.076226
0.18154
0.40921
0.56526
0.64239
0.88012
0.9049
0.70694
0.61557
0.5782
0.4914
0.43644
0.44965
0.41778
0.33274
0.30269
0.32
0.32497
0.21926
0.10606
0.10228
0.1331
0.23097
0.73003
0.8202
0.83567
0.9194
1.0355
1.0298
0.96366
0.94097
0.81192
0.71793
0.5883
0.40889
0.35643
0.061612
0.010511
0
0.035341
0.0055603
0
0.00058028
0.0034637
0
0
0
0
0
0.11078
0.19981
0.29321
0.32333
0.39034
0.43876
0.43433
0.41019
0.34014
0.21663
0.20878
0.13173
0.064832
0.0048385
-0.0050365
-0.013575
-0.011373
-0.018426
-0.018116
-0.020422
-0.021976
-0.028825
-0.028692
-0.0068293
0.089746
0.26454
0.80669
0.75908
0.75138
0.74579
0.89618
0.92577
0.78
0.66547
0.57755
0.5155
0.49597
0.47
0.46326
0.44511
0.385
0.36889
0.43261
0.27888
0.1692
0.11085
0.17919
0.24784
0.4211
0.52842
0.57254
0.6688
0.76799
0.77323
0.88157
0.89591
0.9825
0.99963
0.98418
0.92635
0.78668
0.6323
0.49414
0.33043
0.20715
0.060436
0
0
0.025877
0.0039269
0
0.00065985
1.3749e-05
0
0.0019201
0.0026301
0.00094365
0
0
0
0
0.032242
0.13977
0.1846
0.24802
0.3192
0.35423
0.38136
0.37346
0.32073
0.25586
0.21605
0.19176
0.106
0.018235
-0.0076217
-0.030102
-0.026667
-0.026493
-0.034999
-0.053292
-0.042207
-0.039512
-0.02319
0.057641
0.10258
0.30375
0.4939
0.67234
0.71691
0.75137
0.7418
0.7257
0.76997
0.85051
0.88642
0.81049
0.7377
0.65539
0.5627
0.47148
0.47933
0.47213
0.38348
0.33937
0.31731
0.31353
0.19532
0.08132
0.089588
0.09616
0.15168
0.23183
0.32911
0.46739
0.54988
0.56875
0.68059
0.72672
0.74719
0.9055
0.89301
0.8574
0.84462
0.72527
0.59916
0.50562
0.36109
0.16904
0.10005
0.0012345
0
0
0.0013668
0.0018142
0
0
0
0.0031391
0.0055062
0.0061087
0.0022104
0
0
0.20758
0.37486
0.53777
0.64621
0.6837
0.63147
0.54551
0.48621
0.44312
0.34237
0.31886
0.20864
0.20534
0.18313
0.1019
0.042167
-0.022494
-0.029845
-0.038134
-0.040877
-0.040928
-0.037654
-0.036383
-0.050914
-0.10733
-0.10872
-0.043167
0.052266
0.17228
0.25133
0.31753
0.37095
0.31154
0.26625
0.29422
0.44119
0.46504
0.4672
0.45997
0.46386
0.4746
0.45495
0.42894
0.40276
0.34119
0.39237
0.4048
0.2629
0.24565
0.18928
0.16355
0.19149
0.25695
0.36667
0.52254
0.54542
0.64234
0.65
0.72642
0.81095
0.94485
0.98879
0.94182
0.88243
0.72601
0.62369
0.54107
0.45165
0.253
0.09059
0.017034
0
0
0
0
0
0
0.000886
0
0.0036115
0
1.3749e-05
0
0.2232
0.1717
0.4256
0.53653
0.63765
0.65068
0.55395
0.50327
0.46856
0.39519
0.21293
0.23139
0.16032
0.095581
0.04021
-0.013802
-0.025964
-0.024098
-0.021885
-0.027
-0.028498
-0.01837
-0.024754
-0.023325
-0.029901
-0.076396
-0.13941
-0.066976
0.10581
0.26569
0.29921
0.40036
0.40279
0.33705
0.2598
0.36491
0.44611
0.51718
0.5262
0.49764
0.52617
0.55768
0.52213
0.52557
0.47638
0.4451
0.4508
0.5187
0.46482
0.38967
0.34541
0.31968
0.27155
0.34403
0.45275
0.65055
0.65766
0.67909
0.72392
0.70652
0.77132
0.70316
0.83266
0.8254
0.74582
0.61789
0.50879
0.32941
0.28029
0.13413
0.018195
0
0.0044044
0
0
0
0
0
0
0.00030478
0
0
0.001074
0
0.00059617
0.23505
0.14796
0.21374
0.30287
0.3968
0.43671
0.48017
0.44433
0.39528
0.27957
0.22574
0.14159
0.024845
-0.0015912
-0.016776
-0.027281
-0.015733
-0.014211
-0.020498
-0.025759
-0.025556
-0.030583
-0.01441
-0.029662
0.021349
0.14991
0.18408
0.17592
0.21841
0.34552
0.38116
0.36403
0.30784
0.35085
0.43323
0.46448
0.59406
0.6097
0.69198
0.71209
0.72426
0.75029
0.75418
0.6798
0.59628
0.56497
0.5056
0.45447
0.4309
0.38289
0.30591
0.31538
0.39947
0.5789
0.68364
0.69843
0.73954
0.7239
0.69329
0.71458
0.68745
0.68236
0.63947
0.50906
0.4995
0.31458
0.21802
0.15502
0.055243
0.0090909
0
0
0
0
0
0
0
0.0021642
0
0
0
0
0.001905
0
0.00020728
0.027928
0.091891
0.13854
0.23369
0.26615
0.34779
0.37833
0.37879
0.3118
0.239
0.12863
0.097386
0.044105
-0.022572
-0.0037191
-0.0031567
-0.0086523
-0.0050261
-0.013816
-0.013915
-0.013621
-0.0058544
-0.036607
0.0020046
0.14159
0.18716
0.17808
0.23578
0.26946
0.30861
0.33922
0.27436
0.33847
0.43195
0.4771
0.60269
0.64338
0.70591
0.66531
0.65226
0.64253
0.63529
0.60736
0.4708
0.42744
0.39211
0.40013
0.34257
0.36232
0.36113
0.46751
0.50905
0.64383
0.74222
0.77132
0.83291
0.88348
0.8709
0.91796
0.89788
0.80708
0.79211
0.6677
0.49362
0.31472
0.26506
0.18271
0.091089
0.0327
0
0
0
0
0
0
0
0.0022266
0.0054702
0
0.0030427
0
0.0023183
0
0.0010595
0.051821
0.0028512
0.029365
0.13801
0.13208
0.094205
0.12249
0.16746
0.21693
0.1268
0.075906
0.044549
0.034724
0.052221
0.019584
0.023234
0.0098055
0.0020058
0.025068
0.040292
0.046887
0.034831
0.059344
0.10525
0.19161
0.19521
0.23592
0.33681
0.40463
0.39362
0.44976
0.50885
0.6738
0.79641
0.91674
0.92933
0.93242
0.91542
0.85252
0.85385
0.85688
0.8305
0.79662
0.73745
0.58846
0.45582
0.38174
0.30264
0.2987
0.2862
0.29174
0.36984
0.50042
0.49824
0.58483
0.5897
0.58753
0.68838
0.7113
0.66024
0.69987
0.61714
0.53796
0.51925
0.39688
0.25348
0.1482
0.052977
0.024152
0.017173
0.011394
0
0
0.0037603
0
0.00090025
0
0
0
0.00086805
0
0
0
0.0025204
0.018966
0.045709
0.16174
0.18458
0.16182
0.16549
0.21454
0.29867
0.31294
0.16291
0.09714
0.052684
0.036284
0.030906
0.016018
0.01757
0.0012738
-0.0029486
-0.0025029
0.0055733
-0.0083167
0.0092346
0.0035551
0.046918
0.087346
0.18952
0.21884
0.24947
0.31259
0.37369
0.36943
0.41429
0.41764
0.55084
0.63565
0.73761
0.77959
0.7537
0.76423
0.75555
0.74279
0.72947
0.65933
0.60879
0.51021
0.42553
0.423
0.31669
0.27545
0.28023
0.37003
0.39801
0.47018
0.54992
0.58377
0.60647
0.71802
0.76493
0.76763
0.78181
0.68081
0.68304
0.57325
0.4593
0.3594
0.26291
0.1509
0.051436
0.028516
0
0
0
0
0
0
0
0
0.0017841
0
0
0.0032359
0
0.0010304
0.0024736
-0.027996
0
0.014715
0.10011
0.13554
0.11049
0.08655
0.1567
0.17438
0.13996
0.098101
0.071424
0.050513
0.047718
0.020393
0.016363
0.025562
0.012069
0.027485
0.040416
0.034875
0.045724
0.04162
0.13144
0.19297
0.21888
0.24348
0.32139
0.4389
0.39537
0.45286
0.42589
0.50519
0.62743
0.73416
0.8131
0.80717
0.75913
0.76888
0.74508
0.76754
0.76016
0.68315
0.59703
0.50224
0.40137
0.33615
0.30653
0.22663
0.20179
0.22208
0.26217
0.3455
0.42734
0.47007
0.46406
0.472
0.49488
0.53871
0.53349
0.4848
0.51197
0.43272
0.32992
0.27565
0.20968
0.17176
0.034811
0.0043834
0
0
0
0
0.0027088
0
0
0
0
0
0
0.0034637
0
0
0
0.01838
0.0010244
0.093932
0.19002
0.16291
0.18754
0.20805
0.31086
0.30893
0.208
0.12377
0.1054
0.04496
0.037755
0.01754
0.021392
0.0059257
0.0002491
0.0046296
0.012981
0.0223
0.025591
0.030432
0.10263
0.1721
0.19903
0.30033
0.37813
0.39637
0.36252
0.31946
0.37232
0.43913
0.49264
0.58306
0.61358
0.6843
0.64104
0.63916
0.6191
0.61543
0.56018
0.48026
0.41426
0.37306
0.36982
0.28152
0.23017
0.19758
0.16911
0.16334
0.22566
0.32498
0.41305
0.45156
0.45056
0.48912
0.42037
0.48174
0.47061
0.50175
0.4204
0.42893
0.34128
0.20802
0.12306
0.059077
0.011233
0
0.0050254
0
0
0.0005154
0
0
0
0
0.00013794
0
0
0.0047106
0
0.0018444
0
0.177
0.076493
0.33411
0.51434
0.48915
0.55299
0.55613
0.49604
0.41407
0.25921
0.23955
0.1426
0.078814
0.037121
0.032072
-0.0083435
-0.029891
-0.024763
-0.022887
-0.027832
-0.031621
-0.029629
-0.033545
-0.03439
-0.031621
-0.032575
-0.035536
-0.040701
-0.03926
-0.033346
-0.01584
0.016879
0.056922
0.10466
0.14689
0.17242
0.20975
0.27934
0.31361
0.3617
0.43259
0.44855
0.44391
0.45271
0.44838
0.41679
0.3784
0.35306
0.34247
0.28658
0.23371
0.18
0.16266
0.13052
0.11286
0.090217
0.068988
0.049123
0.042046
0.035774
0.048662
0.05516
0.068743
0.093404
0.1099
0.12767
0.14586
0.16041
0.16583
0.16643
0.17161
0.17397
0.17743
0.18263
0.17911
0.17469
0.17967
0.17508
0.17985
0.18056
0.17693
0.1741
0.17207
0.1721
0.17046
0.16484
0.16358
0.15982
0.15943
0.16925
0.17285
0.1696
0.17023
0.1627
0.16119
0.17006
0.17554
0.16719
0.16852
0.16882
0.16963
0.17396
0.17356
0.17703
0.17668
0.17578
0.1772
0.16847
0.17693
0.16363
0.17468
0.17747
0.16987
0.17727
0.17642
0.18577
0.18595
0.17778
0.16885
0.18238
0.18177
0.18052
0.17607
0.17816
0.17574
0.18032
0.1769
0.17951
0.17806
0.18059
0.1764
0.18339
0.1832
0.1806
0.18515
0.17486
0.17982
0.17718
0.18405
0.18294
0.18657
0.19082
0.18929
0.18367
0.19018
0.18916
0.18755
0.18853
0.17884
0.18469
0.17946
0.175
0.17321
0.17003
0.17012
0.17408
0.16668
0.17453
0.17425
0.17409
0.17903
0.18545
0.1733
0.18451
0.18468
0.19066
0.18352
0.1795
0.1842
0.17594
0.18052
0.17816
0.1656
0.17334
0.16504
0.17648
0.17155
0.16379
0.17486
0.17691
0.17521
0.18174
0.18329
0.18666
0.1878
0.18661
0.18066
0.17462
0.18026
0.18953
0.18771
0.19088
0.19115
0.18929
0.19216
0.19348
0.19153
0.19184
0.19151
0.18903
0.18599
0.18361
0.18743
0.18611
0.18604
0.17599
0.18079
0.17929
0.18325
0.17881
0.17536
0.17813
0.17519
0.17476
0.16951
0.1717
0.16716
0.17039
0.17202
0.17497
0.17084
0.17436
0.16869
0.17615
0.16817
0.17911
0.17929
0.18547
0.18505
0.18486
0.18242
0.18455
0.18273
0.18455
0.17188
0.1793
0.1725
0.17937
0.1767
0.17082
0.17906
0.1704
0.17489
0.1817
0.17957
0.1786
0.17441
0.1839
0.18058
0.17947
0.17102
0.17246
0.17843
0.18029
0.17774
0.16746
0.17449
0.17342
0.16776
0.17433
0.16194
0.16152
0.16895
0.1615
0.16942
0.16909
0.16695
0.16009
0.15293
0.15315
0.15633
0.16209
0.15365
0.16011
0.1633
0.15508
0.15656
0.16077
0.15664
0.15985
0.16384
0.16199
0.15894
0.15042
0.16041
0.16319
0.164
0.16685
0.16225
0.1699
0.16978
0.16558
0.16741
0.1672
0.16344
0.16679
0.16331
0.16193
0.16346
0.16309
0.1596
0.16342
0.16316
0.16141
0.16264
0.16342
0.16568
0.16475
0.16669
0.1646
0.1637
0.16439
0.15909
0.16297
0.16239
0.16553
0.16266
0.1624
0.15822
0.1608
0.16135
0.16244
0.16248
0.1633
0.16321
0.15637
0.16324
0.15895
0.16289
0.16536
0.16057
0.1607
0.16052
0.15866
0.15723
0.15478
0.15386
0.1558
0.1588
0.15488
0.16616
0.17478
0.16238
0.16169
0.15542
0.13594
0.12041
0.11591
0.12172
0.12412
0.14712
0.15102
0.17999
0.19702
0.22241
0.26694
0.25119
0.24593
0.25373
0.2377
0.20555
0.20337
0.18813
0.15284
0.14008
0.14746
0.13261
0.090551
-0.061084
-0.054235
-0.012945
-0.00031242
-0.0004384
0
0
0
0
0
0
0
0
0.0045378
0.0033658
0
0
0.0022257
0.16562
0.17061
0.39322
0.5931
0.56338
0.58941
0.64327
0.62241
0.57823
0.53167
0.30331
0.27202
0
0
0
0
-0.0072613
-0.0083608
-0.038335
-0.12006
-0.10044
0.10272
0.22183
0.32049
0.46453
0.50591
0.52358
0.55846
0.63364
0.60691
0.4764
0.46715
0.44971
0.38603
0.29693
0.24166
0.28992
0.25873
0.16141
0.12684
0.12677
0.19013
0.37504
0.45809
0.65271
0.72335
0.80298
0.87699
1.1082
1.1249
1.0911
0.89742
0.738
0.61233
0.54207
0.51134
0.34514
0.17392
0.030215
0
0
0.0029149
0
0
0
0
0
0
0.034418
0.16797
0.35242
0.41642
0.44066
0.29849
0.25835
0.2511
0.15202
0.12433
0.0052409
-0.02038
0
0
0
0
-0.00012453
-0.016626
-0.062882
-0.13481
-0.16633
-0.06514
0.18337
0.36026
0.56835
0.74943
0.75118
0.61115
0.64065
0.76232
0.87879
0.93508
0.94389
0.8415
0.68076
0.68076
0.55932
0.57838
0.47479
0.42516
0.44432
0.36291
0.48234
0.51992
0.51322
0.59348
0.62151
0.60007
0.66726
0.61652
0.69922
0.76919
0.74049
0.71089
0.68083
0.49512
0.4126
0.31115
0.1569
0.10582
0.04728
0
0
0
0
0
0
0
0
0
0.001739
0.0021796
0
0.00057195
0
0
0.0044347
-0.0089351
-0.016817
0.15116
0.14857
0.10048
0.025812
-0.049925
-0.083423
-0.077494
-0.064899
-0.054146
-0.053978
-0.059194
-0.070767
-0.076812
-0.074295
-0.062805
-0.054792
0.04088
0.10162
0.76286
0.73687
0.6847
0.74803
0.76449
0.80513
0.80566
0.66952
0.56287
0.48325
0.4221
0.41269
0.3706
0.34241
0.33169
0.39112
0.34883
0.255
0.29852
0.4333
0.54952
0.60571
0.66859
0.76495
0.81663
0.87138
0.95004
0.99013
0.9871
1.0084
0.78655
0.68005
0.54451
0.5304
0.43776
0.27348
0.089908
0.0065893
0
0
0.007209
0
0
0.0028036
0.00015178
0
0
0
0.032102
0.053258
0.14465
0.1495
0.17039
0.20763
0.17209
0.1815
0.16761
0.15442
0.020882
-0.024554
-0.0618
-0.033261
-0.024425
-0.0083193
-0.0028451
-0.012283
-0.02449
-0.034414
-0.031121
-0.047765
-0.062253
0.014444
0.10482
0.19375
0.40664
0.62289
0.71076
0.77
0.74932
0.69576
0.79651
0.91603
0.90226
0.8782
0.79176
0.69129
0.60843
0.53797
0.5517
0.5586
0.54186
0.43245
0.45984
0.38571
0.29337
0.24737
0.1563
0.24269
0.36576
0.40169
0.48739
0.49964
0.54062
0.61372
0.6978
0.71311
0.83356
0.86007
0.90418
0.83497
0.79531
0.65773
0.56937
0.44323
0.42998
0.264
0.13271
0.016683
0
0
0
0.0021642
0
0
0
0
0
0
0
0
0
0.00020728
0.19516
0.09301
0.14673
0.15522
0.20346
0.25641
0.2381
0.21794
0.20359
0.16226
0.078391
-0.0025108
-0.039414
-0.040923
-0.017341
-0.020557
-0.0067556
-0.019678
-0.022442
-0.028716
-0.034414
-0.039909
-0.057646
-0.016293
0.065458
0.14928
0.37574
0.58364
0.71604
0.78623
0.65011
0.687
0.79312
0.79803
0.92698
0.87643
0.7696
0.67346
0.57392
0.56431
0.57304
0.5441
0.54795
0.43217
0.45256
0.39149
0.29455
0.20361
0.12863
0.21556
0.33166
0.39128
0.48075
0.4964
0.4997
0.58529
0.63951
0.70292
0.81183
0.87701
0.87665
0.8899
0.79728
0.66254
0.54667
0.45428
0.43061
0.32414
0.1713
0.048936
0
0
0.0067853
0
0
0
0
0
0.0012052
9.645e-05
0
0
0
0
0.014318
0.078254
0.14415
0.15498
0.20403
0.20391
0.22001
0.23122
0.1887
0.15787
0.079133
-0.038971
-0.047255
-0.041032
-0.023968
-0.021155
-0.0064716
-0.010549
-0.023325
-0.027
-0.042821
-0.069027
-0.13674
-0.11387
0.016491
0.13871
0.25277
0.4636
0.56674
0.77276
0.65068
0.63736
0.72532
0.80664
0.88466
0.83085
0.73564
0.658
0.54975
0.50051
0.51578
0.52768
0.53144
0.41996
0.44183
0.35401
0.24947
0.20209
0.1741
0.27216
0.36808
0.40463
0.45845
0.56165
0.52561
0.59259
0.67852
0.67387
0.81368
0.91455
0.84778
0.8478
0.87203
0.62866
0.54186
0.4849
0.42889
0.34753
0.14376
0.020475
0
0
0.00078552
0.0015892
0
0
9.645e-05
0
0
0.00017951
0
0
0
0
0.072171
0.046788
0.086783
0.074125
0.12464
0.16396
0.1566
0.17453
0.13214
0.10155
-0.027119
-0.074092
-0.059468
-0.044243
-0.026237
-0.014112
-0.010505
-0.015785
-0.030354
-0.031621
0.069566
0.19329
0.35238
0.5382
0.62192
0.71004
0.65684
0.62058
0.71564
0.82108
0.8198
0.77478
0.71264
0.59007
0.50534
0.48771
0.37894
0.42364
0.35019
0.23214
0.19307
0.24912
0.23628
0.3098
0.47077
0.46719
0.5714
0.64431
0.63989
0.72494
0.76567
0.83668
0.8523
0.86622
0.84011
0.70099
0.5734
0.44245
0.39532
0.29169
0.12181
0.0005154
0
0
0
0
0
0.0032359
0
0
0
0
0.063268
0.07568
0.12583
0.12047
0.19207
0.16202
0.16659
0.18755
0.17358
0.10632
0.0044751
-0.0084854
-0.01441
-0.014913
-0.028208
-0.031509
-0.044037
-0.085534
-0.11741
-0.068686
0.031764
0.15479
0.26953
0.4771
0.5675
0.69549
0.68688
0.63036
0.68822
0.761
0.82726
0.82588
0.64974
0.56067
0.49833
0.46663
0.43949
0.44062
0.38845
0.33921
0.37717
0.37881
0.29931
0.1689
0.14976
0.47698
0.57959
0.58998
0.68432
0.76088
0.8044
0.84756
0.94797
0.90842
0.87951
0.718
0.62381
0.4521
0.41497
0.32442
0.13073
0.036198
0
0
0
2.7507e-05
0
0
0.0013079
0
0.00068557
0.0005154
0
0.00045901
0
0.00048718
0.016459
0.066174
0.13734
0.18133
0.16508
0.1091
-0.025003
-0.055008
-0.059537
-0.035426
-0.015269
-0.014711
-0.0089044
-0.019911
-0.018259
-0.026652
-0.023709
-0.040668
-0.063144
-0.010261
0.10197
0.22726
0.44753
0.62438
0.73179
0.72018
0.70468
0.70284
0.77762
0.8281
0.9036
0.87354
0.6956
0.63293
0.58721
0.52602
0.52419
0.50427
0.46839
0.39285
0.19951
0.1984
0.26082
0.33982
0.39643
0.53797
0.59235
0.61349
0.66271
0.71311
0.77531
0.8624
0.93084
0.92564
0.85596
0.61753
0.55466
0.46132
0.38866
0.2541
0.082134
0.0020058
0
0
0.00084288
0.0013815
4.6494e-05
0
0
0
0
0.0037271
0
0
0
0.0017872
0.12805
0.048817
0.097604
0.17833
0.1598
0.09544
0.039377
-0.061942
-0.053719
-0.049355
-0.035593
-0.035942
-0.01532
-0.031665
-0.029751
-0.029379
-0.047215
-0.045456
-0.070736
0.019454
0.11129
0.23326
0.47005
0.63891
0.73191
0.75809
0.70934
0.64301
0.74138
0.88619
0.8553
0.78765
0.6433
0.57672
0.53126
0.49211
0.43794
0.39206
0.25501
0.14163
0.070763
0.1116
0.19778
0.26568
0.36716
0.46783
0.51632
0.56334
0.59253
0.66421
0.78422
0.7987
0.91646
0.88096
0.84322
0.64296
0.56609
0.4651
0.37692
0.26986
0.099694
0.029368
0
0
0
0.0021642
0
0
0
0
0
0
0
0
0
0
0.0092832
0.069471
0.11803
0.17181
0.1926
0.18566
0.085716
-0.056378
-0.055357
-0.035598
-0.011587
-0.00062848
-0.0042927
-0.018763
-0.01727
-0.02923
-0.043324
-0.051551
-0.10234
-0.044908
0.10007
0.18715
0.40675
0.56306
0.65768
0.73442
0.67345
0.6515
0.71374
0.82655
0.84781
0.75019
0.57245
0.52986
0.46023
0.40594
0.36087
0.28453
0.26883
0.27014
0.28166
0.26788
0.20245
0.11692
0.09319
0.16467
0.18759
0.28489
0.3743
0.4752
0.53496
0.62379
0.67643
0.69092
0.76584
0.85903
0.89264
0.89938
0.84395
0.66181
0.54331
0.47014
0.3728
0.26398
0.10389
0.00979
0
0
0.006332
0.00084288
9.3086e-05
0
0
0
0
0
0
0
0
0
0.021817
0.059696
0.13998
0.14708
0.18614
0.19563
0.22561
0.20081
0.17051
0.12487
0.037277
-0.034173
-0.04761
-0.027211
-0.0049149
0
-0.0060075
-0.0089044
-0.012945
-0.017433
-0.025086
-0.049224
-0.12302
-0.077743
0.040294
0.16864
0.36243
0.59431
0.63502
0.69573
0.64966
0.66913
0.71061
0.79828
0.88843
0.77414
0.65444
0.56562
0.49727
0.46393
0.4461
0.40012
0.39411
0.34637
0.3776
0.32795
0.23091
0.14677
0.10596
0.20166
0.2532
0.29931
0.41654
0.43401
0.54751
0.59231
0.66217
0.70979
0.7676
0.84965
0.86013
0.86789
0.81532
0.63812
0.52791
0.40021
0.36841
0.25111
0.075042
0.0034699
0
0
0.0020418
0
0
0
0
0
0.0047802
0.00068557
0
0
0
0
0.013398
0.069034
0.12856
0.1339
0.1612
0.17771
0.19434
0.19006
0.18186
0.15068
0.09891
-0.019054
-0.058931
-0.049508
-0.041052
-0.030812
-0.025421
-0.025287
-0.033916
-0.03699
-0.041246
-0.055757
-0.091823
-0.04772
0.058266
0.12742
0.27204
0.49175
0.60926
0.71564
0.67754
0.65853
0.74057
0.7642
0.83093
0.80423
0.64898
0.54635
0.46571
0.46289
0.45195
0.4271
0.3987
0.31416
0.33889
0.28112
0.20188
0.15477
0.17988
0.22813
0.28104
0.34189
0.38769
0.49775
0.57096
0.603
0.72156
0.82323
0.84447
0.94467
0.92949
0.9218
0.94384
0.69801
0.62175
0.51801
0.49115
0.42303
0.19469
0.041583
0
0
0
0.0017841
0
0
0
0
0
0
0
0
0
0
0.057654
0.088904
0.15847
0.14539
0.15029
0.18205
0.17223
0.18713
0.17945
0.11335
0.06229
-0.035191
-0.055189
-0.046602
-0.036813
-0.015474
-0.021946
-0.024033
-0.033834
-0.035426
-0.048545
-0.073061
-0.075183
-0.061328
0.095393
0.18877
0.37386
0.55224
0.64711
0.74294
0.69739
0.67175
0.67386
0.83834
0.87041
0.8185
0.65107
0.54253
0.49315
0.47392
0.50046
0.49197
0.43543
0.40548
0.39269
0.33291
0.25754
0.15448
0.17421
0.2693
0.30258
0.41019
0.43939
0.52668
0.59406
0.62133
0.73078
0.81074
0.85046
0.92685
0.90603
0.8932
0.89287
0.69951
0.61944
0.53936
0.45338
0.30748
0.1438
0.015165
0
0
0
0
0
0
0
0
0.0016191
0
0
0
0
0
0.026042
0.055696
0.096758
0.15149
0.17597
0.16613
0.16399
0.17812
0.17093
0.12934
0.056353
-0.011052
-0.047209
-0.049677
-0.01772
-0.02482
-0.0082367
-0.018482
-0.028789
-0.043934
-0.052899
-0.045031
-0.018869
0.081606
0.11747
0.31213
0.53144
0.67937
0.69905
0.73612
0.68715
0.68055
0.71353
0.77464
0.81058
0.7948
0.76287
0.73654
0.74069
0.69918
0.7211
0.74258
0.7053
0.57785
0.48353
0.39804
0.21561
0.1242
0.13701
0.12219
0.10679
0.099188
0.13074
0.18484
0.18793
0.2209
0.29278
0.33279
0.49862
0.57106
0.7005
0.77588
0.79842
0.87948
0.9088
0.92142
0.94378
0.94475
0.8922
0.80658
0.73686
0.71051
0.64762
0.53588
0.46444
0.40618
0.34769
0.28322
0.2162
0.12081
0.094116
0.082201
0.066751
0.053814
0.044024
0.023181
0.011994
0.025004
0.039946
0.059876
0.088395
0.11114
0.12217
0.1321
0.17194
0.22272
0.25026
0.31463
0.34166
0.37292
0.40038
0.41708
0.42411
0.42606
0.39264
0.3693
0.3452
0.31452
0.2914
0.26705
0.23901
0.21986
0.20328
0.19078
0.18662
0.18928
0.19394
0.19242
0.20721
0.21269
0.20868
0.23815
0.25556
0.26878
0.29012
0.30139
0.29903
0.31309
0.30353
0.31871
0.31765
0.30474
0.31088
0.30219
0.28938
0.28224
0.28652
0.27737
0.27188
0.28027
0.27212
0.27343
0.27647
0.27604
0.27059
0.26929
0.27954
0.28001
0.28028
0.26924
0.2799
0.27505
0.26435
0.27376
0.27667
0.27617
0.27764
0.27467
0.27683
0.27855
0.26627
0.2753
0.27867
0.27825
0.28471
0.2776
0.28611
0.28488
0.28627
0.28614
0.28592
0.28567
0.27748
0.28685
0.27645
0.28547
0.28421
0.27594
0.28278
0.28494
0.28252
0.27931
0.28592
0.28652
0.28553
0.27785
0.28699
0.28761
0.28745
0.28789
0.28796
0.28066
0.28724
0.28672
0.27874
0.28696
0.2871
0.28645
0.28559
0.28538
0.27738
0.28808
0.29024
0.28939
0.28286
0.28184
0.28353
0.28573
0.28741
0.28477
0.27952
0.28686
0.28502
0.27673
0.28778
0.28658
0.28871
0.28404
0.28767
0.28348
0.28965
0.28756
0.28606
0.2912
0.29191
0.28939
0.29302
0.28118
0.2947
0.29363
0.28704
0.29449
0.2839
0.29332
0.29187
0.28137
0.28608
0.28761
0.27931
0.28198
0.28661
0.28491
0.27651
0.28652
0.27586
0.28159
0.28621
0.27997
0.28631
0.28807
0.28094
0.28936
0.29294
0.29318
0.29132
0.28859
0.28843
0.28984
0.29116
0.29169
0.29409
0.30152
0.30337
0.31354
0.3138
0.3343
0.34933
0.34478
0.36925
0.39025
0.38766
0.40302
0.39412
0.39883
0.40325
0.34391
0.3253
0.31408
0.28115
0.29047
0.26127
0.21705
0.24077
0.22768
0.23164
0.2259
0.21989
0.18334
0.17192
0.18596
0.16581
0.17044
0.084675
0.0015266
-0.006943
-0.0075023
0
0
0
0
0
0
0
0
0
0
0
0
0.0097557
0.33024
0.25168
0.61883
0.69799
0.55847
0.64422
0.64079
0.66232
0.63761
0.51272
0.48747
0.34572
0.22241
0.14347
0.063365
0.014349
-0.010997
0
0
0
0
-0.009201
-0.031822
-0.11028
-0.16187
-0.05171
0.097119
0.24613
0.2527
0.31755
0.41456
0.31321
0.40465
0.52345
0.52909
0.56212
0.12197
0.12675
0.11949
0.14947
0.14605
0.1333
0.10204
0.07136
0.052963
0.11172
0.23886
0.35519
0.39135
0.51653
0.58665
0.68237
0.78982
0.7487
0.70429
0.78561
0.79495
0.71988
0.61232
0.47427
0.36193
0.17476
0.12506
0.062425
-0.0032226
0
0
0
0.00037473
0
0.00066501
0
0
0
0
0.0010304
0.1553
0.18542
0.34867
0.34348
0.29733
0.26475
0.25224
0.27893
0.25065
0.18759
0.037323
-0.020879
-0.052998
-0.020086
-0.010284
0
0
0
-0.031353
-0.10999
-0.089956
0.056699
0.19925
0.38258
0.62429
0.6888
0.75386
0.71825
0.66942
0.72696
0.77811
0.72219
0.56142
0.49723
0.44101
0.40401
0.399
0.41094
0.3216
0.3413
0.3486
0.30841
0.31969
0.27352
0.31691
0.32838
0.36179
0.44227
0.48746
0.4812
0.52871
0.48988
0.40889
0.41879
0.35295
0.33929
0.18576
0.099043
0.031324
0.016133
0
0
2.7507e-05
0
0
0
0
0
0
0.0015892
0
0.0012638
0.0018595
0
0.05547
0.096145
0.21793
0.14353
0.12122
0.16032
0.16397
0.20659
0.11535
0.027862
-0.035426
-0.023007
-0.010952
-0.0041483
0
0
0
0
0
0
-0.015526
0.047046
0.12654
0.26866
0.52635
0.68939
0.87421
0.91122
0.88192
0.84425
0.8104
0.85361
0.89015
0.90491
0.80733
0.70021
0.60032
0.53982
0.47397
0.45114
0.48589
0.48162
0.27258
0.2922
0.27628
0.31423
0.38251
0.2551
0.28796
0.33579
0.41475
0.48088
0.44483
0.37725
0.37627
0.35806
0.29008
0.23591
0.11545
0.037344
0.023797
0.0086889
0
0
0
0
0
0
0
0
0
0
0
0
0.00065985
0.0047106
0
0
0.001739
0.0073651
0.067846
0.038907
0.27708
0.13293
0.12666
0.17273
0.15784
0.19687
0.1095
0.0074484
-0.017816
0
0
0
-0.0029831
0
0.012235
0.07441
0.14073
0.36412
0.55346
0.85033
0.83732
0.89922
0.85252
0.75241
0.8387
0.87039
0.8857
0.93527
0.84109
0.76283
0.65554
0.56623
0.5322
0.48838
0.47945
0.52837
0.42992
0.38461
0.33376
0.32867
0.29022
0.20772
0.26
0.30874
0.38735
0.4096
0.30843
0.38007
0.35037
0.26509
0.2724
0.21852
0.064607
0.02178
0.016857
0.0052596
0
0
0.001739
0.0019201
0
0
0
0
0
0
0
0
0
0.0027404
0
0.084833
0.24365
0.15076
0.15506
0.11706
0.16336
0.18827
0.046397
0.042709
-0.0087683
-0.0079899
0
0
0
0
0
0
0
0
0.01579
0.096737
0.14072
0.34461
0.65594
0.83025
0.89265
0.95273
0.86018
0.79081
0.79267
0.93444
0.94407
0.92703
0.89729
0.78045
0.6717
0.61154
0.56875
0.55474
0.57174
0.56848
0.51756
0.42994
0.3667
0.3233
0.27188
0.29447
0.29005
0.35979
0.44896
0.48846
0.3995
0.42636
0.40309
0.31457
0.23527
0.26439
0.085523
0.043903
0.008491
0.0041258
0
0
0.0096907
0.019653
0
0
0
0
0
0.0019721
0.00061207
0.0022437
0
0
0
0
0.00077121
0.0039771
0.21231
0.12885
0.27373
0.13434
0.15553
0.12465
0.12486
0.14287
0.024405
-0.018958
0
0
0
0
0
0
0
0
0
0
0
-0.040192
0.069567
0.16252
0.34929
0.63643
0.7991
0.87834
0.87149
0.79804
0.7301
0.80767
0.88799
0.87422
0.86569
0.79703
0.6955
0.60713
0.54931
0.53988
0.53637
0.54146
0.53237
0.43113
0.35218
0.334
0.27043
0.29645
0.32721
0.35763
0.4237
0.28214
0.3024
0.4322
0.44689
0.52962
0.44021
0.46017
0.471
0.39085
0.35091
0.27516
0.14809
0.10311
0.037103
0.031208
0.021045
0.015326
0.0010885
0
0
0
0
0
0
0
0.0028989
0
0
0
0.24778
0.28311
0.44237
0.2916
0.25453
0.21889
0.18827
0.18815
0.14736
0.083822
0.041334
-0.008906
0
-0.0041483
0
0
0
0
0
0
0
0
0
-0.027281
-0.097705
0.16548
0.29417
0.39379
0.53774
0.70419
0.70204
0.67783
0.73072
0.66931
0.55755
0.48545
0.40579
0.36487
0.37518
0.35147
0.26739
0.21263
0.13107
0.18371
0.21046
0.28712
0.35728
0.4119
0.46539
0.50015
0.52707
0.5827
0.60744
0.58737
0.58121
0.58639
0.57613
0.49043
0.49371
0.32398
0.26369
0.14459
0.051039
0.039746
0.043568
0.028807
0.0046068
0.017115
0.013879
0
0
0.00062799
0
0
0.0029366
0
0.0010449
0
0
0.14581
0.45714
0.64134
0.57114
0.44573
0.41449
0.30066
0.28916
0.24337
0.016489
0.0052121
-0.005092
-0.0068735
-0.013355
0
0
0
0
0
0
0
-0.020915
-0.011177
-0.04638
-0.00066458
0.17209
0.34649
0.41075
0.43149
0.3779
0.36589
0.45192
0.5576
0.58852
0.59047
0.50066
0.3066
0.1658
0.10298
0.074408
0.11243
0.070724
0.1309
0.083903
0.062583
0.079825
0.12962
0.33038
0.48806
0.56885
0.65398
0.64918
0.67906
0.82471
0.88327
0.89273
0.92577
0.90649
0.8385
0.80395
0.72249
0.64561
0.54347
0.37408
0.26238
0.13623
0.027618
0.0029015
0
0
0
0
0
0
0
0.0019047
0
0.00059617
0
0
0
0.0025987
0.57751
0.37877
0.49809
0.40892
0.26247
0.24578
0.2043
0.20319
0.25649
0.16465
0.099389
0.01979
-0.0041229
-0.012049
0
0
0
0
0
0
0
0
-0.0094147
-0.047987
-0.1039
-0.09887
0.047796
0.26534
0.3948
0.3755
0.39933
0.45273
0.49999
0.58521
0.62703
0.62605
0.6436
0.51753
0.32894
0.18331
0.13564
0.12273
0.15206
0.10133
0.13867
0.097835
0.066631
0.060816
0.15038
0.25352
0.41301
0.48396
0.58951
0.82868
0.88721
0.90128
1.0032
0.92824
0.80896
0.73341
0.62352
0.51951
0.32491
0.24281
0.15462
0.019776
0
0.001739
0
0.00040278
0.002458
0
0
0
0
0
0
1.5485e-05
0
0
0
0.14783
0.42284
0.50356
0.52958
0.37239
0.31647
0.24577
0.30699
0.22101
0.19888
0.15414
0.056964
0.016653
0.022985
0
0
0
0
0
0
0
0
-0.0041123
-0.044657
-0.10716
-0.001589
0.19423
0.34044
0.37456
0.4082
0.45727
0.49077
0.54134
0.58356
0.64143
0.627
0.58278
0.44436
0.25156
0.13725
0.10531
0.11419
0.13145
0.13225
0.13992
0.08315
0.059054
0.058623
0.11008
0.24353
0.44039
0.42469
0.53303
0.64051
0.66079
0.76109
0.81403
0.84884
0.92688
0.88659
0.86274
0.75107
0.66774
0.61463
0.52346
0.42047
0.3312
0.17149
0.04626
0
0
0
0
0
0
0
0
0
0
0.0020723
0
0
0
0.0072285
0.54285
0.64142
0.85287
0.79031
0.50074
0.39618
0.29341
0.46916
0.37167
0.28867
0.20689
0.10892
0.073027
0.019776
0.0042891
-0.0083608
-0.0073816
-0.01461
-0.012003
-0.02502
-0.030506
-0.026032
-0.010638
-0.00037534
-0.009329
-0.011587
-0.018314
-0.019678
-0.023197
-0.02828
-0.028425
-0.053243
-0.089382
-0.14112
-0.070003
0.025174
0.11638
0.15553
0.17183
0.23604
0.30082
0.35104
0.41817
0.48399
0.50082
0.48032
0.48475
0.4496
0.41143
0.33234
0.30063
0.25336
0.21654
0.19136
0.17152
0.16997
0.16556
0.16306
0.15803
0.16476
0.16506
0.16018
0.15546
0.15228
0.15842
0.1644
0.15359
0.16144
0.1673
0.1671
0.18907
0.20594
0.22373
0.25222
0.28045
0.29524
0.30028
0.30848
0.3077
0.30284
0.28451
0.28664
0.26781
0.24563
0.2254
0.21583
0.20347
0.18852
0.18497
0.17399
0.17893
0.179
0.18866
0.19339
0.18706
0.18716
0.19113
0.20272
0.20112
0.21247
0.20526
0.20937
0.20601
0.22779
0.24636
0.24812
0.2515
0.25869
0.25945
0.27717
0.26709
0.27256
0.27549
0.2837
0.29025
0.28177
0.27861
0.27138
0.27921
0.28161
0.27245
0.27431
0.27057
0.26685
0.26972
0.27278
0.27216
0.27719
0.27442
0.27242
0.27548
0.27986
0.2661
0.27239
0.27171
0.26547
0.26888
0.26927
0.26649
0.26518
0.26867
0.2729
0.27214
0.28123
0.27355
0.2872
0.28698
0.28687
0.28457
0.28083
0.27994
0.28299
0.28713
0.29109
0.29361
0.28748
0.28566
0.27911
0.27688
0.27993
0.27303
0.27813
0.27754
0.2802
0.27679
0.28255
0.28152
0.28694
0.27719
0.2878
0.28598
0.2906
0.28871
0.28528
0.29083
0.29114
0.29013
0.29233
0.28734
0.2905
0.28984
0.28471
0.28698
0.28342
0.28462
0.28598
0.28648
0.28503
0.28333
0.28558
0.28667
0.28157
0.2812
0.29101
0.28929
0.29197
0.29327
0.28866
0.29085
0.28646
0.28179
0.29016
0.28721
0.28185
0.28724
0.28524
0.28045
0.28404
0.2866
0.27927
0.29245
0.2908
0.28184
0.29013
0.29221
0.29333
0.29186
0.29069
0.28049
0.29104
0.27851
0.29199
0.29073
0.28571
0.28748
0.28977
0.28963
0.28636
0.28366
0.2806
0.27713
0.28644
0.27921
0.28823
0.284
0.2837
0.29107
0.2909
0.2981
0.30248
0.30029
0.29357
0.29002
0.30032
0.28875
0.2901
0.29207
0.29327
0.2915
0.30142
0.30224
0.29921
0.29781
0.30108
0.29894
0.29673
0.29063
0.30108
0.29936
0.29
0.29936
0.29048
0.29435
0.29439
0.29453
0.29512
0.29616
0.29455
0.28767
0.28786
0.29887
0.29932
0.29993
0.30218
0.30277
0.29319
0.30161
0.2935
0.29852
0.3007
0.29706
0.29672
0.29148
0.29075
0.29799
0.29159
0.29434
0.2954
0.29795
0.2894
0.29723
0.29937
0.30225
0.30046
0.29312
0.30265
0.29869
0.30113
0.29996
0.30005
0.2922
0.30095
0.30082
0.29997
0.29678
0.30053
0.30115
0.29817
0.30086
0.30363
0.30553
0.30224
0.30484
0.30371
0.30281
0.3075
0.30194
0.29797
0.28944
0.30005
0.29806
0.29091
0.2898
0.29866
0.3009
0.30435
0.29797
0.29539
0.30544
0.30128
0.30586
0.30441
0.2943
0.30464
0.30192
0.30574
0.29816
0.30507
0.30595
0.3021
0.30461
0.30973
0.30931
0.30717
0.30455
0.30725
0.30699
0.30865
0.29905
0.30431
0.2952
0.30092
0.29937
0.29526
0.29939
0.3033
0.30048
0.30309
0.3064
0.30396
0.29709
0.30682
0.29707
0.30469
0.30829
0.30734
0.30307
0.30696
0.30923
0.30685
0.29904
0.30788
0.3084
0.31143
0.30791
0.30812
0.29961
0.30788
0.30775
0.29598
0.30335
0.29646
0.30842
0.30895
0.29885
0.30569
0.31031
0.30505
0.30888
0.31062
0.31222
0.31389
0.30733
0.30914
0.30845
0.30411
0.30709
0.30444
0.30889
0.30863
0.30877
0.30477
0.30889
0.30436
0.29993
0.3075
0.30289
0.31171
0.30782
0.31112
0.31017
0.3084
0.30241
0.31176
0.31241
0.31418
0.30997
0.31546
0.31397
0.31295
0.31633
0.31221
0.31378
0.305
0.31266
0.31199
0.30519
0.30958
0.31247
0.31525
0.31138
0.30516
0.31389
0.31275
0.3126
0.30968
0.30499
0.30571
0.31475
0.31373
0.31371
0.31503
0.30632
0.31677
0.31505
0.30383
0.31348
0.31098
0.31698
0.3116
0.31409
0.31426
0.30507
0.31426
0.31385
0.31311
0.30915
0.317
0.31298
0.31038
0.31874
0.31489
0.31447
0.31243
0.31408
0.31167
0.31167
0.3099
0.3071
0.30567
0.28731
0.28204
0.27866
0.2086
0.19884
0.19602
0.19526
0.18868
0.19672
0.18869
0.18639
0.18574
0.19782
0.21515
0.21114
0.22531
0.23767
0.26489
0.28557
0.30213
0.33592
0.35309
0.46882
0.48106
0.51104
0.67045
0.78485
1.0148
1.1352
1.1976
1.282
1.3341
1.2578
1.1187
1.1152
0.98511
0.9565
0.94175
1.038
1.0573
0.90054
0.79778
0.65688
0.51454
0.36093
0.23027
0.21999
0.097119
0.024434
0
0.0047429
0.0010782
0
0
-0.013641
-0.028724
-0.062563
-0.075349
-0.052157
0.014503
0.045886
0.046998
0.22765
0.30673
0.42828
0.47702
0.46547
0.49491
0.55131
0.55633
0.39617
0.2469
0.066393
0.044528
0
0
0
0.00011027
0.061882
0.30014
0.61552
0.98781
0.99306
0.89759
0.90064
0.82388
0.83634
0.96325
1.0249
0.98805
0.88325
0.75764
0.65079
0.6309
0.55731
0.41138
0.28766
0.10122
0.036761
0.00026476
0.0067853
0
0.00031875
0
0
0
0
0
-0.016308
-0.042568
-0.42215
-0.41055
-0.3628
-0.21751
-0.092383
0.063268
0.17446
0.2233
0.34816
0.40804
0.37107
0.3441
0.28263
0.21038
0.19781
0.074628
0.019905
0
0
0
0
-0.0023189
0.0073121
0.039564
0.094039
0.090765
0.14994
0.25531
0.42691
0.5475
0.81974
0.97918
1.0528
1.1182
1.0899
1.0463
0.88383
0.74382
0.6662
0.67426
0.66407
0.64063
0.71649
0.54312
0.31507
0.12177
0.0054523
0
0.004078
0.0020723
0
0.00090025
0.00010864
0.14239
0.40296
0.83471
1.0434
1.2055
1.0564
1.0402
0.8705
0.84045
0.88442
0.8815
0.85549
0.58244
0.4224
0.19487
0.14714
0.095671
0.0084065
0
0
0.0022874
0
0
0.0011468
0
0
0
0
0
-0.0094576
-0.075264
-0.25826
-0.65561
-0.80491
-0.58478
-0.46861
-0.20322
-0.070495
0.06362
0.14405
0.26537
0.33508
0.32225
0.2709
0.18841
0.12246
0.044776
0
0
0
0
0
0
-0.037896
-0.11397
-0.12581
-0.068893
-0.043517
-0.036957
0.068074
0.2459
0.50378
0.71928
0.82324
0.90632
0.93149
0.99744
0.94404
0.80791
0.74102
0.76611
0.81296
0.82868
0.73539
0.66796
0.3879
0.31613
0.11114
0.01878
0.018659
0.003819
0.0084065
0.070824
0.24317
0.56406
1.0295
1.1841
1.1933
1.0359
0.81822
0.85094
0.94153
1.0437
1.0188
0.90241
0.60877
0.54894
0.45339
0.29602
0.2181
0.098704
-0.030506
0
0
0
0
0
0.0004062
0.0033266
0.00039044
0.0033266
0
0.004498
-0.0015334
-0.030583
-0.06696
-0.35178
-0.66034
-0.85863
-1.0031
-0.96849
-0.83927
-0.62426
-0.47521
-0.44407
-0.40149
-0.21199
-0.1679
-0.035575
0.013904
0
0
0
0
0
0
0
0
0
-0.11417
-0.26951
-0.29017
-0.14816
0.057575
0.18097
0.33159
0.49221
0.62069
0.70587
0.822
0.87846
0.81958
0.70981
0.65052
0.634
0.59583
0.62656
0.56285
0.48066
0.4904
0.38874
0.40583
0.32362
0.20355
0.17843
0.22031
0.22
0.80658
1.319
1.1995
0.98291
0.84555
0.8954
0.98412
0.9878
1.0276
0.96312
0.88329
0.86373
0.48163
0.44707
0.48201
0.71517
0.90216
0.69863
0.34135
0.042457
-0.12471
-0.035512
0
-0.0089466
0
0
0
0
0
0
-0.018426
-0.058392
-0.12784
-0.24741
-0.45649
-0.58147
-0.73588
-0.82429
-0.75131
-0.71751
-0.56907
-0.35123
-0.33223
-0.30707
-0.19162
-0.046093
0.019328
0.0075651
0
0.0022949
0
0.002772
0.0042641
0
0
0.0071702
-0.045241
-0.19316
-0.28921
-0.31494
-0.15336
-0.020411
0.069327
0.18378
0.31811
0.40198
0.56519
0.73817
0.67564
0.61599
0.63002
0.65391
0.61449
0.57047
0.51492
0.37119
0.24697
0.27263
0.25051
0.13091
0.10879
0.063783
0.068109
0.11084
0.7146
1.082
1.4022
1.2024
0.91991
0.88766
0.96529
1.1854
1.2802
1.0355
0.6727
0.54705
0.33605
0.33271
0.46497
0.73758
1.0385
1.1879
0.87112
0.52653
0.22337
0.030617
-0.086727
-0.093449
-0.10284
-0.056015
-0.011542
-0.00031242
0.0010885
0.00068557
0
0
0
0
0
0
0
0.00041682
0
0
0.00040278
0.00077121
0.0016191
0.0018293
0.00074262
0.00064288
0.00062868
0.00057195
0.0011468
0.00017951
0.00017951
0
0
0
-0.013233
-0.0065497
-0.00022863
0.03418
0.14839
0.3121
0.42344
0.49276
0.59695
0.68751
0.81299
0.8749
0.90869
0.91626
0.93278
0.91253
0.91006
0.90144
0.88073
0.85298
0.80343
0.75061
0.69608
0.61282
0.52612
0.42264
0.30018
0.22433
0.15787
0.12659
0.084916
0.039059
0.037597
0.020933
0.0015705
0
-0.0010772
-0.001306
-0.010997
-0.021035
-0.024254
-0.0098085
0.022324
0.073236
0.10232
0.12661
0.13746
0.15026
0.19913
0.24985
0.31702
0.35756
0.36933
0.38481
0.38708
0.38239
0.36195
0.33647
0.28281
0.25208
0.2007
0.15438
0.12689
0.11398
0.097894
0.094075
0.089397
0.081256
0.077149
0.076232
0.085536
0.099596
0.11563
0.12914
0.15744
0.16266
0.18104
0.20008
0.21676
0.22689
0.22719
0.22706
0.22051
0.2132
0.20414
0.20272
0.19393
0.17769
0.16992
0.16052
0.16216
0.15952
0.15262
0.15511
0.15469
0.15695
0.16855
0.17457
0.17637
0.18939
0.19357
0.19116
0.18878
0.18483
0.17675
0.17663
0.16764
0.17121
0.16948
0.16566
0.17371
0.17584
0.18031
0.18105
0.18286
0.18957
0.19117
0.19469
0.19086
0.20289
0.20517
0.20754
0.20001
0.20806
0.2066
0.20233
0.19963
0.19596
0.19031
0.18951
0.17778
0.18324
0.18175
0.18173
0.18079
0.18469
0.18491
0.18775
0.18975
0.19007
0.19615
0.19696
0.19657
0.19614
0.19425
0.19794
0.19678
0.18742
0.18607
0.19054
0.18975
0.18274
0.1862
0.19005
0.18209
0.18565
0.18486
0.1861
0.18742
0.19066
0.1911
0.19108
0.18466
0.1878
0.19002
0.18195
0.18399
0.17692
0.18595
0.18332
0.18432
0.17671
0.18367
0.18716
0.18298
0.18613
0.18052
0.18529
0.18465
0.18023
0.1772
0.18186
0.17836
0.1733
0.17384
0.17649
0.16741
0.17574
0.16992
0.17875
0.18087
0.17311
0.17263
0.17769
0.18029
0.18196
0.1829
0.17811
0.17426
0.18412
0.17966
0.17611
0.18254
0.17531
0.17971
0.18155
0.17929
0.17951
0.18011
0.1705
0.17779
0.17824
0.17123
0.17383
0.17819
0.17014
0.17072
0.17923
0.17452
0.1737
0.17988
0.17701
0.18156
0.18031
0.17719
0.17132
0.18043
0.17169
0.17816
0.17981
0.17516
0.17625
0.1781
0.17922
0.17739
0.17498
0.18022
0.18059
0.17965
0.17473
0.1812
0.17947
0.17787
0.18046
0.17551
0.1738
0.17864
0.17691
0.17936
0.17759
0.17342
0.17765
0.17966
0.18064
0.1734
0.17843
0.1718
0.18047
0.18141
0.18125
0.18124
0.17771
0.18101
0.1779
0.17868
0.17785
0.17952
0.17645
0.17241
0.17483
0.17828
0.16842
0.17647
0.17576
0.17078
0.17408
0.17917
0.17033
0.1792
0.17792
0.17029
0.1779
0.16999
0.17385
0.17888
0.17767
0.17067
0.1733
0.17908
0.17871
0.1723
0.17417
0.17236
0.17208
0.17337
0.17145
0.17449
0.17145
0.16741
0.17178
0.16962
0.16915
0.16666
0.16441
0.17201
0.17525
0.17099
0.1671
0.17725
0.17684
0.17586
0.17786
0.16978
0.17724
0.17832
0.17107
0.16948
0.17549
0.18006
0.17401
0.17404
0.17489
0.16956
0.17067
0.16868
0.17492
0.17683
0.17089
0.18081
0.17598
0.17549
0.16866
0.17475
0.17426
0.17859
0.17826
0.18186
0.16925
0.1794
0.17159
0.17478
0.1775
0.17623
0.16825
0.17968
0.178
0.17125
0.17867
0.18202
0.17211
0.17792
0.17189
0.17825
0.17433
0.17176
0.18031
0.17999
0.17847
0.17372
0.17897
0.17393
0.17997
0.1802
0.17389
0.18065
0.17742
0.18056
0.17065
0.18183
0.17114
0.18199
0.18036
0.1844
0.17848
0.18283
0.17546
0.18285
0.18092
0.17272
0.18141
0.18115
0.17101
0.18243
0.17635
0.18207
0.17972
0.1752
0.18047
0.1796
0.18164
0.18119
0.18009
0.17358
0.17112
0.18411
0.18113
0.18313
0.18106
0.18411
0.18291
0.18333
0.17991
0.17707
0.18453
0.18299
0.18304
0.18388
0.17566
0.18149
0.18183
0.18571
0.18259
0.18347
0.17364
0.18433
0.18153
0.18492
0.18384
0.18431
0.18285
0.18389
0.18343
0.18459
0.17887
0.18421
0.18627
0.18473
0.18478
0.18062
0.18214
0.18598
0.18425
0.18654
0.17443
0.18269
0.18406
0.18593
0.1828
0.18061
0.18549
0.19002
0.18592
0.18316
0.1884
0.1838
0.18682
0.18246
0.18621
0.18952
0.18513
0.18934
0.1884
0.18518
0.18734
0.18756
0.18785
0.189
0.18712
0.1882
0.18754
0.19066
0.19221
0.1908
0.18863
0.18954
0.18916
0.18952
0.19193
0.18934
0.18711
0.18156
0.18907
0.19095
0.19001
0.18983
0.18916
0.18974
0.18616
0.18501
0.18122
0.18891
0.18969
0.18444
0.18906
0.19012
0.19023
0.18414
0.18099
0.18936
0.18992
0.18739
0.18039
0.18513
0.19053
0.18908
0.1902
0.18807
0.18833
0.18472
0.19224
0.18631
0.19025
0.18871
0.18164
0.18969
0.19052
0.18941
0.18744
0.18477
0.19163
0.18885
0.18488
0.19001
0.19034
0.18916
0.19082
0.18894
0.18393
0.19371
0.19282
0.18311
0.1909
0.19141
0.18396
0.18254
0.18968
0.18254
0.19105
0.19129
0.18916
0.19078
0.19058
0.1913
0.19007
0.19366
0.18739
0.1927
0.19108
0.1843
0.19203
0.19469
0.18344
0.18419
0.19275
0.19193
0.18583
0.19127
0.19312
0.19127
0.19359
0.19351
0.19292
0.19446
0.19591
0.19298
0.19429
0.1867
0.19335
0.19359
0.18341
0.19319
0.19452
0.19366
0.18459
0.19341
0.19636
0.19289
0.19274
0.1967
0.19158
0.19461
0.1908
0.19253
0.19284
0.18496
0.19624
0.19426
0.19027
0.1916
0.18356
0.19461
0.19185
0.19057
0.19208
0.18986
0.1944
0.19124
0.19171
0.19444
0.19569
0.19257
0.19033
0.19664
0.1943
0.19261
0.19002
0.19575
0.19372
0.18655
0.19376
0.19743
0.19357
0.19531
0.18938
0.19439
0.19534
0.19546
0.18657
0.19659
0.19087
0.187
0.19588
0.19672
0.19588
0.19562
0.19075
0.19702
0.1967
0.19235
0.19777
0.19647
0.18984
0.20037
0.19703
0.20078
0.20037
0.1951
0.19275
0.19849
0.20142
0.19991
0.19957
0.19085
0.19733
0.19945
0.19891
0.20052
0.20049
0.19604
0.19994
0.19902
0.19498
0.20079
0.198
0.19112
0.19945
0.19993
0.19756
0.19769
0.19936
0.19985
0.19879
0.19947
0.19999
0.19606
0.19777
0.19982
0.20216
0.19913
0.20218
0.19752
0.19831
