0.15
0.14
0.14
0.15
0.15
0.16
0.15
0.14
0.13
0.17
0.15
0.14
0.16
0.15
0.15
0.16
0.13
0.15
0.15
0.16
0.14
0.16
0.16
0.17
0.14
0.16
0.15
0.17
0.15
0.13
0.17
0.17
0.15
0.13
0.16
0.15
0.15
0.16
0.14
0.16
0.15
0.14
0.14
0.14
0.15
0.16
0.14
0.15
0.14
0.16
0.18
0.16
0.14
0.15
0.15
0.16
0.16
0.15
0.12
0.15
0.15
0.16
0.15
0.14
0.15
0.17
0.14
0.13
0.16
0.14
0.17
0.16
0.16
0.16
0.16
0.14
0.16
0.15
0.16
0.13
0.14
0.15
0.15
0.14
0.16
0.15
0.16
0.15
0.15
0.16
0.14
0.17
0.14
0.14
0.15
0.17
0.16
0.15
0.16
0.16
0.15
0.15
0.15
0.15
0.15
0.14
0.17
0.17
0.14
0.15
0.15
0.15
0.15
0.14
0.15
0.16
0.15
0.16
0.15
0.15
0.15
0.15
0.15
0.16
0.15
0.14
0.18
0.14
0.17
0.14
0.16
0.17
0.14
0.17
0.16
0.16
0.15
0.15
0.13
0.15
0.15
0.13
0.17
0.15
0.15
0.15
0.16
0.14
0.17
0.13
0.16
0.15
0.17
0.15
0.14
0.14
0.16
0.15
0.14
0.14
0.16
0.16
0.16
0.15
0.14
0.15
0.15
0.14
0.17
0.15
0.16
0.17
0.13
0.16
0.15
0.15
0.14
0.16
0.17
0.14
0.14
0.16
0.16
0.15
0.17
0.17
0.16
0.16
0.16
0.15
0.15
0.14
0.15
0.14
0.16
0.16
0.14
0.15
0.14
0.15
0.15
0.15
0.14
0.15
0.15
0.15
0.15
0.15
0.15
0.14
0.14
0.14
0.15
0.17
0.15
0.16
0.14
0.16
0.16
0.15
0.15
0.15
0.16
0.15
0.15
0.15
0.17
0.15
0.14
0.13
0.13
0.14
0.14
0.15
0.16
0.16
0.14
0.15
0.16
0.16
0.16
0.15
0.14
0.15
0.14
0.16
0.13
0.15
0.16
0.14
0.14
0.16
0.15
0.14
0.14
0.15
0.15
0.15
0.15
0.15
0.15
0.17
0.15
0.15
0.15
0.12
0.16
0.13
0.16
0.17
0.17
0.16
0.15
0.17
0.17
0.14
0.14
0.15
0.14
0.17
0.17
0.16
0.15
0.15
0.17
0.15
0.16
0.15
0.15
0.14
0.14
0.15
0.14
0.14
0.16
0.15
0.17
0.14
0.16
0.15
0.15
0.15
0.15
0.15
0.16
0.16
0.16
0.15
0.15
0.15
0.15
0.15
0.15
0.17
0.16
0.14
0.15
0.14
0.15
0.15
0.15
0.14
0.15
0.16
0.15
0.16
0.15
0.13
0.14
0.14
0.14
0.14
0.15
0.16
0.15
0.15
0.16
0.15
0.15
0.15
0.15
0.15
0.17
0.15
0.15
0.14
0.15
0.17
0.15
0.15
0.15
0.15
0.14
0.17
0.15
0.13
0.16
0.14
0.16
0.16
0.16
0.16
0.16
0.15
0.15
0.14
0.14
0.16
0.15
0.15
0.15
0.15
0.13
0.14
0.13
0.14
0.14
0.17
0.16
0.13
0.13
0.16
0.15
0.16
0.15
0.15
0.16
0.15
0.14
0.16
0.16
0.16
0.17
0.16
0.16
0.16
0.15
0.14
0.14
0.15
0.15
0.15
0.16
0.15
0.15
0.15
0.15
0.15
0.14
0.15
0.15
0.14
0.15
0.16
0.17
0.17
0.15
0.13
0.15
0.15
0.15
0.15
0.14
0.17
0.14
0.14
0.15
0.16
0.14
0.16
0.16
0.15
0.15
0.13
0.14
0.14
0.15
0.14
0.17
0.14
0.14
0.16
0.16
0.14
0.17
0.17
0.14
0.15
0.15
0.14
0.14
0.16
0.15
0.14
0.15
0.15
0.15
0.17
0.15
0.15
0.08
0.3
0.07
0.15
0.13
0.15
0.16
-0.03
0.23
0.23
0.08
0.16
0.13
0.07
0.07
0.16
0.16
0.1
0.13
0.16
0.13
0.12
0.19
0.15
0.08
0.18
0.07
0.07
0
0.9
0.38
0.43
5.41
5.41
7.8
7.06
0.88
-4.63
-2.43
-2.43
1.8
-13.18
6.74
-2.44
-5.87
-5.87
-2.74
2.16
-7.15
1.37
-2.61
2.89
2.89
11.37
-4.18
-0.18
0.8
0.81
0.81
0.16
-0.05
0.22
0.03
0
0
0.03
0.11
0.15
0.22
-0.07
-0.07
0.06
1.03
2.51
-1.36
-1.47
-1.47
-2.32
-0.59
0.3
-1.49
2.16
2.16
1.17
-0.36
0.05
0.09
0.16
0.16
0.05
0.2
-0.01
0.12
-0.13
-0.13
0.46
0.14
0.15
0.17
0.22
0.22
0.11
-0.3
0.16
-0.14
0.33
0.33
-3.51
-0.92
1.89
3.87
5.76
5.76
-0.37
0.7
0.3
0.19
0.16
0.16
-0.02
0.44
0.18
-0.03
0.1
0.1
-0.11
0.69
-0.35
-0.65
1.25
1.25
-0.18
0.09
0.14
0.08
-2.71
3.98
3.98
27.63
6.8
-4.23
-0.47
-2.13
-11.68
-13.89
-2.94
-2.94
-4.47
0.49
1.4
-0.34
-1.57
5.93
0.75
-0.79
-0.15
-1.6
-1.6
-0.03
-1.65
1.98
0.73
-0.21
0.15
0.15
0.34
1.05
0
0.13
0.44
-1.48
1.73
0.17
-1.29
-1.09
-1.09
-4.97
-3.63
2.77
0.37
-2.66
5.24
5.24
-1.24
1.14
0.25
0.14
0.07
0.21
0.7
0.7
-0.15
-0.11
-0.08
0.4
0.18
0.18
0.18
0.02
0.23
0.08
0.17
0.32
-0.75
-0.75
-0.22
-0.41
-4.03
6.56
-1.3
-0.1
-0.19
0.34
0.34
0.08
0.07
0.11
0.01
0.06
0.06
0.06
0.1
0.14
0.31
0.2
0
-0.24
-0.08
-5.49
-9.52
-9.52
-5.62
12.51
11.56
1.16
7.26
0.96
0.96
-19.14
-7.58
-0.17
-8.75
-4.07
8.76
5.04
-3.65
-3.65
5.04
3.71
-7.24
-5.22
-1.9
3.26
0.64
-0.38
1.39
1.39
-0.22
0.5
0.06
-0.1
-1.06
0.17
1.01
1.01
-0.38
-0.39
2.62
1.81
-0.23
0.75
0.75
-1.39
-2.12
0.61
2.68
2.68
-0.84
2.71
-1.06
0.21
0.03
0.03
0.14
0.11
0.16
0.05
-0.08
-0.08
0.17
0
0.1
0.06
0.18
0.13
0.04
0.21
0.11
0.11
0.29
-0.27
0.48
-0.11
0.4
0.4
0.06
0.14
0.24
0.01
0.26
0.07
0.02
0.12
0.19
0.04
0.04
0.19
0.02
0.09
0.09
-0.38
0.38
-0.34
0.51
-3.23
-9.32
-9.32
1.98
15.25
1.37
-7.98
11.25
11.25
-7.1
-9.53
-12.37
-5.75
-3.95
-3.95
-2.69
11.64
-1.74
8.07
2.89
2.89
-6.9
-4.25
-1.21
-4.61
-2.09
1.51
-1.45
-0.11
-0.05
-0.42
-0.42
0.68
0.2
-1.39
0.05
0
0.6
1.84
-1.69
0.02
-1.05
-1.05
-0.85
-2.17
0.54
1.73
-0.58
-0.58
0.89
0.12
0.43
-0.24
0.41
0.41
0.11
-0.1
0.45
0.09
-0.21
-0.21
0.37
-0.11
0.22
0.03
0.07
0.11
0.17
0.1
0.01
0.34
0.03
-0.15
0.03
0.05
0.15
0.15
0.47
-0.31
0.23
-0.07
0.22
0
0.1
-0.29
0.18
-0.01
-0.01
0.12
0.13
0.09
0.2
0.34
0.06
0.05
-0.73
-8.17
5.65
5.65
24.63
6.57
-1.25
7.72
-5.06
-5.06
-11.41
-2.7
1.48
0.14
-3.37
-3.37
6.33
2.73
-1.46
5.93
5.07
5.07
-1.55
-1.81
2.75
0.3
-0.96
-0.96
-2.9
1.21
1.4
0.22
0.31
0.31
-0.07
-0.28
-0.33
0.67
1.24
1.24
0.63
0.72
0.63
0.45
-0.78
-0.78
0.22
0.16
-1.31
1.85
-0.58
-0.58
0.25
0.45
-0.13
0.1
0.08
0.08
0.17
-0.04
0.2
-0.15
0
0
0.01
0.22
-0.11
0.17
0.1
0.1
-0.04
0.08
0.37
0.55
-0.12
-0.12
0.2
0
0.03
0.21
0.04
0.04
0.47
-0.24
0.41
0.04
0.08
0.08
0.2
0.05
0.24
0.42
-0.22
-0.22
0.35
-0.02
-0.01
0.19
0.15
0.15
-0.06
0.18
-1.89
-4.39
21.76
0.82
1.65
0.06
-7.35
-7.06
0.52
1.15
-1.31
-10.44
3.85
2.5
2.5
7.88
8.26
-8.4
4.96
-3.55
0.88
-0.27
-0.47
1.11
-1.1
-1.1
1.22
-0.6
0.17
0.18
0.57
0.57
-0.14
-0.15
-0.12
0.86
0.93
0.87
-1.22
-0.18
-1.54
0.11
0.11
-1.78
2.73
0.04
-0.5
0.47
0.47
0.49
0.49
0.13
0.29
0.32
0.32
0.41
0.41
0.09
0.04
0.25
0.08
0.14
0.14
0.17
0.12
-0.01
0.18
0.16
0.16
0.09
0.31
0.25
-0.31
0.38
0.38
0.46
-0.46
0.53
0.06
0.06
0.29
-0.17
-0.08
0.1
0.1
0.04
0.22
0.11
0.13
-0.01
-0.01
0.02
0.18
-0.39
-6.84
6.02
6.02
20.23
-1.77
-17.76
6.85
-5.26
-5.26
-12.64
4.85
1.96
-11.88
-11.88
5.16
1.68
-6.24
13.34
13.34
-4.73
0.13
1.46
-0.79
-0.79
-0.59
-1.97
2.58
0.25
-0.23
-0.23
0.27
-0.2
-0.7
-0.32
-0.32
0.49
2.4
-1.92
0.1
0.1
-0.03
-1.44
0.39
1.55
-0.52
-0.52
0.2
0.02
0.5
0
0.14
0.14
-0.1
0.14
0.1
-0.1
0.23
0.23
0
-0.03
-0.04
0.29
0.2
0.2
0.48
0.08
-0.03
0.24
0.11
0.11
0.15
-0.15
0.48
0.08
0.41
0.41
-0.25
0.06
0.13
0.03
0.28
0.28
0.22
0.09
0.18
-0.08
-0.13
-0.13
0.23
0.1
0.08
-0.06
0.16
0.16
0.17
-3.54
-12.79
5.16
15.21
15.21
-6.97
-4.81
-0.62
3.73
-14.34
-14.34
1.81
-5.59
1.24
-1.57
3.63
3.63
2.95
1.5
0.51
-2.02
16.4
16.4
0.35
1.67
1.83
-2.37
-2.37
3.82
-0.74
0.27
0.22
0.04
0.04
0.03
-0.49
-1.55
-0.77
2.81
2.81
2.29
-1.1
-0.44
0.24
-0.87
-0.87
-1.28
-1.73
4.18
-1.91
0.6
0.6
0.21
0.2
-0.08
0.19
0.15
0.15
0.57
-0.27
0.2
-0.14
0.01
0.01
0.22
-0.04
0.2
0.11
0.23
0.23
0.11
0.11
0.24
-0.06
-0.06
0.23
-0.2
0.15
0.18
0.07
0.07
-0.03
0.1
0.18
0.04
0.04
0.27
0.15
0
0.18
0.18
0.16
0.18
-0.38
0.18
0.18
-2.16
-9.93
3.32
22.72
-5.47
-5.47
-7.1
-7.16
-11.94
-2.05
-2.05
-2.87
-1.63
-5.03
2.5
3.5
3.5
-0.98
0.89
0.08
5.33
-5.91
-5.91
0.31
0.75
-2.32
-0.61
3.05
3.05
-0.04
0.32
-0.7
0.81
-0.58
-0.58
-0.79
0.05
0.05
0.95
3.91
-0.39
-1.14
-0.74
-1.06
-0.36
-0.36
1.03
1.31
-0.36
0.52
-0.14
-0.14
0.51
0.04
0.27
-0.03
0.23
0.23
0.24
0.14
-0.01
0.34
0.07
0.07
-0.06
0.22
0.05
0.03
0.05
0.05
0.22
0.06
0.22
0.14
-0.11
-0.11
0.46
0.13
0.24
-0.11
0.42
0.42
0.11
0.17
0.3
-0.12
-0.01
-0.01
0.04
0.28
0
0
0.22
0.22
0.07
-0.13
0.13
-0.19
0.45
-6.46
7.67
17.51
3.3
1.57
1.57
-1.08
-3.53
-3.41
-3.72
-0.2
-0.2
1.13
-12.16
6.27
9.51
-5.55
-5.55
-3.57
3.44
11.41
3.61
1.05
1.05
-0.06
0.9
-0.79
0.34
0.15
0.15
0.64
-0.41
0.41
0.03
-0.19
-0.19
-0.58
1.04
-3.06
4.48
0.98
0.98
-1.28
0.11
-0.23
-0.93
1.4
1.4
0.15
0.03
0.3
0.02
0.46
0.46
0.32
0.03
0.07
0.12
0
0
0.04
0.02
0.17
0.03
0.11
0.09
0.09
0.32
0.05
0.06
0.35
0.28
0.28
0.22
-0.03
0.39
0.29
0.1
-0.01
-0.31
0.26
0.42
0.42
-0.33
0
0.09
0.22
0.03
0.15
0.16
0.16
0.08
0.07
0.29
-0.55
-0.55
0.45
0.06
-0.96
-7.79
-3.07
-3.07
20.71
-12.55
-8.77
1.44
-7.86
-13.62
-0.25
-0.19
-4.65
-4.65
-11.57
2.92
8.94
4.96
-2.78
-9.52
-9.52
0.56
-7.85
1.58
-2.46
-1.96
-1.96
1.7
0.19
0.94
0.2
-0.42
-0.42
1.38
0.43
-0.16
-1.44
-3
3.48
8.33
-1.33
-2.48
-0.03
-0.03
-1.56
-0.07
-0.42
2.46
1.02
1.02
-0.17
0.01
0.1
0.55
-0.09
0.42
0.42
-0.06
0.22
0.25
0.16
0.16
0.14
0.07
0.09
0.06
0.18
0.15
0.15
0.56
-0.04
0.23
0.32
0.04
0.36
-0.17
-0.17
0.18
-0.03
-0.02
-0.02
0.56
-0.2
0.19
-0.14
0.31
0.18
0.02
0.33
0.33
-0.16
0.16
0.33
0.04
0.32
0.2
-0.11
-0.11
0.15
-3.32
16.29
20
20
-4.5
-2.36
3.86
-0.22
-9.01
-9.01
-3.36
-0.13
-4.18
0.39
9.92
-1.44
4.44
3.15
8.9
4.47
0.56
-2.01
1.35
3.01
-2.63
-2.63
0.93
0.96
0.62
-0.71
0.05
0.53
-1.46
0.02
-1
-3.86
-3.86
4.14
0.12
-0.19
-1.08
0.55
-1.8
0.2
0.34
0.69
0.08
0.08
0.58
0.45
-0.23
0.24
-0.49
0.36
0.36
-0.22
0.15
0.08
0.04
0.19
0.19
0.37
0.12
-0.31
-0.27
0.34
0.3
-0.28
0.12
0.09
0.08
0.08
0.02
0.02
0.13
0.09
0.03
0.03
0.17
0.12
0.07
0.03
0.18
0.18
0.1
0.08
0.11
0.25
-0.05
0.25
-1.54
1.07
0.42
-0.78
-0.78
-6.75
2.74
15.39
-10.09
-0.95
5.58
0.08
-9.61
-2.75
1.02
1.02
2.69
-6.2
-9.42
-0.16
0.33
0.33
-0.58
1.75
2.13
-2.73
-1.63
2.3
-0.84
1.38
-0.43
0.53
0.53
0.15
-0.3
0.79
-0.38
0.36
-1.26
0.56
0.12
1.2
0.7
-0.69
-1.15
-0.6
0.77
-0.6
0.86
-1.07
0.67
1.54
0.29
0.29
0.16
0.1
0.04
0.3
-0.1
-0.1
0.13
0.06
0.04
0.26
0.1
0.1
0.13
0.46
-0.38
0.36
0.03
0.03
0.16
0.16
-0.32
-6.71
-3.91
-3.91
9.05
11.85
0.23
-4.66
-6.07
-6.07
4.04
4.71
-0.23
-0.88
0.25
0.25
-0.12
0.15
0.06
0.14
0.1
0.34
0.1
0.02
1.55
-0.09
-0.09
3.73
12.91
17.31
14.14
4.77
2.89
-2.39
-7.04
0.16
-0.83
-0.83
10.1
-5.23
-6.71
-7.83
2.89
2.89
-10.41
-3.77
-3.11
2.11
0.78
0.78
0.79
0.35
5.02
-3.5
-4.3
-4.3
3.44
-0.82
-1.91
-1.64
1.99
1.99
-3.06
-1.89
3.1
1.91
1.08
1.08
1.94
0.39
-2.29
-2.56
-5.4
-5.4
4.12
11.77
-1.71
1.26
0.07
0.07
0.09
0.23
0.23
-0.56
0.07
0.07
0
0.25
0.18
0.2
0.13
0.13
0.16
0.29
0.21
0.05
0.17
0.17
-14.39
-6.61
-2.26
3.97
5.82
5.82
1.23
-1.43
-2.04
2.44
0.79
0.79
4.56
2.98
-0.21
1.5
-0.41
-0.41
0.28
0.22
0.16
0.01
0.06
0.14
0.16
0.63
0.05
4.06
9.76
9.76
12.14
2.55
5.17
10.78
-5.18
-2.55
-10.8
-1.7
-4.18
-2.69
-2.69
-8.42
-3.58
-2.81
1.24
-14.8
-14.8
7.31
-3.62
-7.11
0.17
-0.12
-0.12
0.09
0.58
0.43
4.12
2.27
2.27
-3.55
-4.17
0.37
-1.36
-1.48
-0.6
0.49
4.04
1.17
-2.53
-2.53
-3.74
-1.65
-1.83
0.91
2.46
2.46
-0.56
0.08
0.11
0.34
-0.71
-0.71
-2.6
2.42
-2.96
1.43
0.23
0.23
0.16
0.04
0.25
0.3
0.14
0.14
0.15
0.11
0.11
0.13
-0.24
-3.48
-10.9
2.06
3.84
3.13
3.13
-1.9
-0.14
0.95
-0.65
0.38
0.23
0.23
0.56
0.91
-0.3
0.22
0.14
0.14
0.15
0.26
-0.01
0.55
-0.22
-0.22
1.94
2.65
2.81
11.82
1.95
1.95
9.7
-2.91
-1.15
0.74
-8.15
-1.2
-1.2
-1.36
-0.92
-10.32
4.98
-4.45
-4.45
-8.22
-1.42
-10.18
3.39
-0.82
-0.82
-3.83
-1.29
0.01
2.35
5.26
5.26
2.59
-9.22
-8.8
2.25
-3.38
-5.26
0.29
2.7
-0.09
-0.09
1.22
0.87
-0.66
0.84
0.63
-0.98
2.51
-0.08
0.2
-0.06
-0.06
0.33
-1.32
1.35
1.94
-0.4
-0.4
0.19
0.17
0.11
0.15
0.09
0.09
0.17
0.22
0.15
0.15
0.22
0.23
0.23
0.09
-0.51
-16.55
-16.55
18.82
5.58
-1.5
-2.63
0.29
0.29
-0.16
0.18
0.23
0.15
0.15
0.05
-0.06
0.2
0.16
0.1
0.1
0.25
0.13
0.66
0.68
9.83
9.83
5.9
5.43
7.86
9.4
5.1
5.1
-4.28
-6.12
-1.13
1.13
7.47
7.47
-2.76
-7.7
0.38
-7.67
-2.91
-2.91
5.18
-1.22
6.3
-3.6
5.36
-0.19
-0.19
1.01
3.52
0.95
0.3
0.3
-6.02
-8.71
-1.39
-0.33
-0.66
-2
-2
-0.79
1.68
-2.73
1.32
1.32
-1.76
-4.01
0.23
1.59
0.06
1.08
1.08
3.19
-2.11
0.12
0.21
-2.42
-2.42
1.48
2.77
0.02
0.24
0.24
0.03
0.23
-0.39
0.45
0.45
0.09
0.24
0.13
0.11
0.25
0.15
0.15
0.27
-0.04
-0.02
0.27
-0.1
-0.1
0.06
-0.09
0.42
0
0
0.2
0.08
0.19
0.25
0.08
0.22
0.22
0.02
0.28
0.22
-0.18
0.52
0.52
0.34
3.63
7.08
1.64
4.14
4.14
0.79
10.96
-7.9
-0.84
0.06
0.06
-4.41
-3.75
1.11
1.2
-11.48
-11.48
-4.73
1.3
-0.99
4.24
-0.75
-0.75
7.55
-11.18
10.76
-0.41
0.3
0.3
12.43
-0.22
0.25
-7.42
-16.96
-16.96
-1.52
0.34
-2.32
-1.76
3.56
3.56
-2.66
-4.58
-2.96
-0.48
9.08
9.08
-6.67
2.34
5.32
5.32
7.81
-1.31
0.21
-0.11
-0.46
2.17
2.17
3.16
-1.35
0.43
0.2
0.26
0.26
0.3
0.1
0.22
0.22
0.22
0.16
0.23
0.05
0.36
0.06
0.06
-0.07
-0.13
-6.24
3.62
0.02
0.02
-1.69
0.87
0.26
0.02
0.28
0.28
-0.21
-0.07
0.85
-0.42
-0.03
0.26
0.26
0.28
0.7
-0.09
-0.09
1.09
3.09
7.32
6.05
7.78
7.78
1.56
-2.34
-7.34
1.3
-5.15
-5.15
-4.29
1.56
1.72
-6.47
-1.45
-7.36
0.76
12.44
-13.39
-2.49
-2.49
-0.28
0.13
7.03
-4.3
0.04
0.04
-1.35
7.92
-1.92
-3.62
0.6
-0.83
-0.83
-1.73
-0.07
-0.07
-4.19
-2.06
-2.9
-4.94
8.01
-5.1
-5.1
-3.86
3.5
6.83
1.35
-2.14
-2.14
0.59
0.67
-2.6
1.17
3.18
-0.87
-0.87
0
0.22
0.4
0.02
0.39
0.17
0.14
0.23
0.06
0.38
0.38
0.04
0.21
0.39
0.01
0.07
0.07
0.18
0.08
0.27
-0.23
0.56
0.56
0
0.18
0.11
0.2
0.4
0.4
-0.13
-0.14
0.42
-0.09
0.52
0.52
-0.22
0.47
0.41
6.3
5.04
5.04
2.35
8.29
12.85
-8.18
1.65
1.65
-5.62
-1.74
-3.67
-4.36
5.67
5.67
-2.64
-6.6
-2.63
0.54
-1.1
-1.1
-5.1
3.04
2.62
-8.65
6.81
6.81
-6.78
9.27
-1.46
0.25
4.4
0.03
-9.93
-3.36
-0.23
-0.23
-0.42
-1.79
-3.34
9.23
-2.03
-5.03
-5.03
-1.43
-1.9
-1.8
2.41
0.22
0.22
0.72
-0.02
0.22
-0.08
-0.44
-0.44
-1.1
-3.27
-2.64
0.46
0.14
0.14
0.17
0.13
0.17
0.17
0.19
0.11
0.2
0.19
0.15
0.17
0.17
0.11
0.36
-0.16
-0.27
-13.93
-13.93
3.21
3.86
-1.63
1.64
-0.01
-0.01
0.02
0.33
0.22
0.15
0.11
0.11
0.17
0.23
0.03
0.39
0.16
0.3
2.19
0.2
8.34
5.26
12.91
2.31
2.31
7.39
-3.71
-7.94
-7.94
1.63
-1.22
1.12
2.44
-3.32
-0.47
-0.4
-6.2
-5.54
10.09
10.09
-15.03
4.12
1.08
-1.4
3
3
2.84
3.39
0.4
4.89
4.41
4.41
-9.06
-4.52
-3.04
-1.77
-0.7
-0.7
1.14
-3.85
5.63
-0.72
-4.01
0.27
0.56
-0.45
0.55
1.37
1.37
-1.38
-0.01
-0.56
0.51
0
0
-1.03
0.11
1.66
-0.8
0.36
0.02
0.02
0.03
0.04
0.01
0.53
0.05
0.05
0.15
0.17
0.01
-0.01
0.15
-0.37
-22.17
4.79
3.32
22.94
22.94
0.33
0.39
0.25
0.07
0.03
0.07
0.14
0.11
-0.06
0.15
0.15
0.05
0.04
-0.02
0.09
0.04
0.09
0.06
0.09
0.01
0.12
0.11
0.12
0.15
0.17
0.09
0.04
0.1
0.16
0.13
0.08
0.08
0.04
0.07
0.16
0.13
0.08
0.08
0.15
0.1
0.12
0.07
0.16
0.09
0.07
0.12
0.11
0.1
0.1
0.11
0.1
0.1
0.11
0.11
0.12
0.13
0.12
0.1
0.11
0.12
0.09
0.08
0.11
0.11
0.11
0.11
0.11
0.1
0.1
0.12
0.1
0.1
0.08
0.08
0.11
0.11
0.1
0.11
0.12
0.12
0.13
0.13
0.12
0.11
0.11
0.1
0.11
0.12
0.11
0.13
0.11
0.12
0.11
0.1
0.09
0.11
0.1
0.09
0.11
0.12
0.11
0.09
0.08
0.1
0.09
0.11
0.11
0.11
0.1
0.1
0.11
0.11
0.11
0.09
0.11
0.11
0.1
0.12
0.09
0.13
0.12
0.1
0.1
0.1
0.1
0.11
0.11
0.12
0.12
0.1
0.1
0.15
0.04
0.12
0.1
0.14
0.09
0.11
0.1
0.09
0.11
0.11
0.12
0.1
0.12
0.09
0.1
0.11
0.1
0.11
0.09
0.11
0.11
0.1
0.1
0.12
0.12
0.11
0.11
0.1
0.11
0.11
0.11
0.1
0.11
0.11
0.09
0.13
0.09
0.12
0.11
0.11
0.1
0.09
0.1
0.12
0.11
0.11
0.11
0.11
0.06
0.19
0.09
0.12
0.09
0.11
0.11
0.11
0.1
0.1
0.13
0.09
0.13
0.11
0.11
0.11
0.11
0.11
0.08
0.1
0.11
0.11
0.13
0.11
0.09
0.11
0.11
0.09
0.1
0.12
0.13
0.1
0.11
0.1
0.11
0.12
0.11
0.11
0.09
0.09
0.1
0.1
0.11
0.12
0.11
0.11
0.11
0.1
0.11
0.11
0.11
0.11
0.11
0.11
0.11
0.11
0.11
0.11
0.11
0.11
0.11
0.13
0.12
0.12
0.11
0.1
0.11
0.12
0.12
0.11
0.11
0.1
0.1
0.11
0.11
0.11
0.11
0.11
0.11
0.09
0.11
0.1
0.14
0.08
0.11
0.12
0.12
0.11
0.11
0.11
0.1
0.09
0.12
0.11
0.11
0.12
0.1
0.1
0.1
0.11
0.12
0.11
0.12
0.12
0.11
0.11
0.11
0.11
0.11
0.11
0.11
0.11
0.1
0.11
0.11
0.1
0.12
0.1
0.1
0.11
0.09
0.12
0.09
0.1
0.11
0.12
0.11
0.09
0.09
0.11
0.11
0.14
0.1
0.11
0.12
0.12
0.11
0.14
0.14
0.13
0.1
0.11
0.11
0.11
0.1
0.11
0.11
0.14
0.14
0.12
0.11
0.11
0.11
0.11
0.11
0.12
0.11
0.11
0.11
0.11
0.1
0.09
0.12
0.11
0.13
0.11
0.11
0.1
0.1
0.1
0.1
0.11
0.12
0.09
0.13
0.11
0.11
0.12
0.12
0.11
0.09
0.11
0.11
0.11
0.11
0.06
0.1
-0.02
-0.02
0.06
0.07
0.03
-0.17
0.13
0.02
0.1
0.09
0.1
0.1
0.03
-0.5
-0.5
0.66
0.66
0.07
0.12
0.09
0.13
0.13
0.1
0.01
0.08
0.16
0.16
0.02
0.02
0.02
0.13
0.13
0.08
0
0.3
0
0
-0.38
-0.04
-0.31
1.04
1.04
0.24
-0.03
-0.63
0.26
0.26
0
0.02
0.21
0.08
0.08
0
0.18
-14.44
2.95
15.73
-3.56
-0.95
0.78
-0.33
0.69
0.14
0.06
0.08
0.12
0.05
0.06
0.06
0.22
0.02
0.04
0.04
0.01
0.18
0.21
-0.95
-1.79
3.28
4.21
-1.43
-1.13
1.01
-2.84
1.53
-4.71
-5.7
-5.7
2.09
7.42
-11.2
11.23
11.23
-3.95
0.43
0.41
1.37
-0.62
-0.11
-0.04
1.71
-0.08
0.24
0.24
-0.1
0.17
-0.05
1.97
1.09
-0.25
-0.25
2.05
0.2
-2.08
-0.35
-0.43
-0.43
-2.5
-0.6
0.97
-1.52
2.37
0.23
0.29
0.34
-0.01
-0.01
0.27
0.03
0.15
0.16
-0.13
0.11
0.11
0.18
0.03
0.16
-0.01
0.13
0.13
0.09
0.19
0
0
-0.19
-0.07
-0.05
0.6
-0.17
-0.49
0.35
0.35
0.25
0.24
0.24
-0.02
-0.04
-0.37
0.15
-0.16
-0.3
-0.3
0.91
-0.32
-0.12
0.2
-0.08
-0.08
-0.08
-0.33
-1.51
17.04
10.9
10.9
-2.72
8.57
-10.93
-12.07
-10.87
-10.87
0.23
-1.24
-11.76
-4.39
8.23
1.29
-2.59
10.92
9.22
9.22
3.34
-7.1
8.8
-0.47
-2.95
-1.46
-1.46
2.02
-1.53
-0.01
1.31
1.9
1.9
-0.49
-0.21
2.11
0.24
-1.17
-1.17
0.11
-1.18
0.33
0.5
-0.56
-0.56
3.84
-0.78
-1.06
-0.03
0.19
0.19
0.22
0.11
-0.25
0.4
0.02
0.02
0
0.34
-0.56
0.6
0.16
0.16
0.08
-0.12
0.1
0.12
0.11
0.21
0
0.08
-0.11
0.41
0.41
0.02
0.15
0.11
0.14
0.17
0.17
0.21
0
0.17
0.13
0.2
0.15
0.15
-0.08
-0.06
0.21
0.06
0.06
0.16
-1.97
-9.37
-0.48
4.31
4.31
-0.97
6.35
22.7
12.88
-2.71
-2.71
7.46
-9.57
-3.16
-2.94
-9.56
-9.56
-2.54
-5.15
7.1
-4.29
-0.52
-0.52
-5.82
1.26
7.66
-4.19
-1.93
2.07
2.07
-3.76
3.16
6.88
-0.77
-0.77
-0.08
0.22
0.29
0.24
-0.3
0.51
0.98
1.67
-0.37
0.35
0.35
0.28
-1.43
-0.46
0.12
-2.37
1.81
1.81
2.71
0.88
-2.17
0.21
0.37
0.37
-0.22
0.75
-0.45
0.44
-0.5
0.14
-0.03
0.22
0.21
0.04
0.14
0.16
0.04
0.2
0.04
0.04
0.33
0.25
-0.2
0.1
0.11
-0.03
0.1
0.31
0.04
0.1
0.1
0.02
0.22
0.05
0.33
0.07
0.07
0.19
0
0.17
0.01
0.01
-0.23
0.56
0.11
0
-8.57
-3.58
28.11
-5.62
-10.63
-2.04
-2.04
-5.32
-5.11
-5.9
1.89
-1.58
-12.04
-8.93
2.65
11.75
-9.51
-1.08
2.67
-2.53
-2.53
-1.78
3.72
-4.78
1.44
3.39
2.52
0.22
-0.25
0
0
-0.26
0.22
-0.05
1.88
2.36
0.25
-0.89
-0.55
-0.01
-1.69
0.75
-0.35
-0.35
0.41
2.16
-0.62
0.21
0.31
0.34
-0.27
-0.07
0.22
-0.11
0.12
0.11
0
0.23
0.02
0.24
0.14
0.06
-0.05
0.11
0.33
0.04
0.21
-0.19
0.29
0.31
0.37
0.46
-0.31
0.29
-0.3
0.37
0.09
0.28
0.16
-0.11
0.07
0.06
0.09
0.33
-0.02
0.13
-0.02
-0.03
-1.7
2.08
17.76
16.11
-5.65
-4.97
2.49
-11.83
-2.95
2.73
-0.98
-0.41
3.12
1.75
-2.83
12.34
9.1
3.89
3.32
-3.72
3.02
-0.79
-2.32
3.32
2.1
-1.12
0.16
0.62
0.17
-0.37
0.24
0.43
1.41
0.38
-0.46
-0.17
-1.09
-0.65
-0.42
-1.64
-0.1
2.39
-0.03
-0.35
0.49
0.12
0.4
-0.13
0.12
-0.13
0.18
0.14
0.01
0.08
0.23
0.05
0.09
0.19
0.01
0.16
0.11
0.08
0.46
-0.28
-0.19
0.27
0.12
0.01
0.24
-0.07
0.37
0.01
0.28
-0.07
0.45
-0.12
-0.01
0.15
0.14
0.21
-0.24
0.3
0.21
-0.56
-3.82
-11.37
7.92
11.68
-11.54
-4.25
8.81
-8.75
-2.2
-3.61
5.95
-9.13
-7.3
10.01
4.07
-5.17
-4.04
13.07
-3.94
4.33
-0.43
0.82
3.09
3.83
2.49
-1.89
1.14
0.26
0.04
0.53
0.4
0.07
0.53
0.83
-1.16
-0.85
0.23
2.22
-2.24
-1.54
-0.64
0.94
-0.55
0.06
0.33
0.14
0.21
0.26
0.06
0.33
-0.05
0.2
0.27
-0.01
0.18
0.04
0.2
0
0.11
-0.04
0.34
0.2
-0.14
-0.26
0.08
0.38
-0.3
0.48
-0.48
0.72
-0.01
0.16
0.05
0.08
-0.06
0.3
-0.02
0.08
0.33
0.01
0.16
0
0.15
0.04
-4.73
-12.08
23.91
7.31
-9.28
-2.03
0.59
-4.04
-6.99
5.4
5.4
-7.98
-13.15
5.35
-2.55
5.48
-13.95
2.17
0.94
-4.37
1.46
0.27
-3.21
2.1
0.44
0.08
-0.2
-0.02
1.1
-0.37
-0.07
0.26
1.77
0.08
1
-0.17
-0.66
-0.27
-0.61
0
-1.23
2.77
-0.58
0.48
0.4
0.44
0.13
0.22
0.22
0.08
0.6
-0.3
0.11
0.07
0.17
0.17
0.05
0.21
0.2
0.05
0.11
0.16
0.19
0.11
0.2
0.31
0.12
0.28
0.28
0.1
0.06
0.35
-0.01
-0.01
0.15
0.17
0.07
0.17
0.17
0.12
0.07
0.24
-0.06
-0.06
-5.42
-9.64
12.67
-10.72
-5.36
5.11
5.11
4.51
-1.48
-1.48
0.65
-15.37
-8.55
5.07
5.07
-5.43
-1.2
17.36
-3.09
2.37
2.37
-0.31
0.74
-2.73
1.32
1.32
1.76
-0.45
-0.15
-0.58
-0.58
1.27
1.27
-0.1
0.25
0.25
0.45
-0.38
-0.18
-1.5
-1.5
-0.26
2.55
-1.48
0.15
0.15
0.17
0.1
0.13
0.44
0.44
0
0.06
0.03
0.17
0.17
0.08
0.12
0.11
0.12
0.12
0.1
0.28
0.05
0.32
0.01
0.26
0.06
0.11
0.05
0.02
0.02
0.22
0.17
0
0.19
0.1
-0.1
0.17
0.12
0.2
0.2
0.18
0.1
0
0.07
-1.41
-1.41
-3.39
14.19
14.98
-7.32
-10.28
1.54
-3.24
-5.85
1.74
1.74
-2.37
-10.51
0.18
3.84
11.58
-12.7
-12.7
9.69
9.97
-13.38
3.46
3.46
1.92
-2.67
0.23
0.61
0.13
-0.08
-0.08
0.01
0.17
-0.86
-0.07
0.8
1.37
0.99
0.19
0.13
0.13
-1.53
-1.35
0.28
-0.73
-0.09
-0.09
0.73
-0.55
0.45
0.16
0
0
-0.12
0
0.1
0.14
0.02
0.02
0.04
0.11
0.15
0.08
0.03
0.29
0.29
0.11
0.24
-0.01
0.21
0.21
0.15
0
0.32
-0.14
0
0
-0.05
0.09
0.35
0.26
0.22
0.22
0.14
0.18
0.07
0.31
0
0.14
0.14
0.15
0.19
0.05
0.3
0.16
0.17
0.17
-1.08
-3.09
-3.09
11.46
24.07
-12.57
-2.87
5.16
-6.35
-6.35
-4.2
0.87
11.7
-2.81
-14.35
4.25
13.76
-3.7
-11.09
-11.09
16.14
-2.63
4.62
3.22
0.18
-1.38
-1.38
4.71
-0.48
3.68
-0.9
-0.26
-0.26
0.54
-0.07
-0.79
0.51
0.34
0.34
1.59
0.69
0.54
2.03
-2.31
-0.06
-0.42
-0.63
-0.63
0.2
-1.05
0.33
0.38
0.31
0
0.34
0.34
-0.01
0.13
0.22
0.05
0.09
0.09
0.19
0.01
0.19
0.17
0.07
0.15
0.14
0.04
0.18
0.01
0.01
0.26
0.32
0.35
0.21
-0.04
-0.04
-0.33
0.4
0.2
-0.07
0.23
0.23
-0.05
0.47
-0.08
0.11
0.15
-0.22
0.47
0.4
-0.34
0.23
0.23
-0.33
-0.33
-4.17
-3.06
18.08
-6.89
-9.49
-1.78
-10.86
-3.72
-1.55
-5.41
-1.06
-14.85
-1.91
-1.91
9.8
7.32
-10.83
9.71
4.63
-4.54
-4.54
-0.54
-1.43
-3.39
-2.04
1.93
5.13
5.13
0.37
-0.59
0.75
-0.85
0.26
-0.47
0.43
1.55
0.52
0.52
0.73
0.01
-1.02
-0.36
-0.22
-1.81
0.51
0.01
-0.06
-0.06
-0.32
0.18
0.31
-0.02
0.22
-0.11
0.07
0.34
0.03
0.2
-0.03
-0.03
0.31
0.09
0.14
0.2
0.32
0.03
0.12
0.37
0.09
0.22
0.17
0
0.19
0.01
0.5
-0.15
0.1
0.15
0.15
0.18
0.18
0.16
0.09
0.17
0.26
0.1
0.14
-0.1
0.37
-0.09
-0.01
-1.4
3.22
17.65
9.75
-4.86
-0.41
0.15
-7.86
-6.3
7.24
0.14
-8.07
4.93
3.28
11.05
-5.99
5.37
3.98
0
-1.99
0.29
-1.43
-3.27
3.74
0.13
-1.55
-0.22
-0.22
-0.33
-1.16
0.66
0
1.13
1.19
0.07
-1.18
-1.37
0.09
-0.88
-0.59
1.36
0.59
-0.4
0.88
-0.11
-0.14
0.04
0.09
0.19
0.19
0.43
-0.18
0.12
0.12
0.2
0.11
0.14
0.14
0.17
0.06
0.14
0.12
0.16
0.25
0.23
0.1
0.07
0.34
0.49
-0.08
0.24
0.05
0.04
0.28
0.03
0.33
0.21
0.21
-0.01
0.16
-0.09
0.08
0.2
-1.25
-4.54
-6.73
9.53
-3.45
-10.49
-2.26
13.01
-7.05
-3.88
0.26
-3.55
-10.23
-1.73
14.29
9.05
-5.31
-2.23
5.76
-4.78
1.89
-0.91
0.79
2.77
2.57
2.05
0.18
-0.25
0.68
-0.8
-0.21
0.12
0.45
1.74
1.12
0.23
0.31
-2.19
-1.02
-0.74
0.23
2.68
-0.21
0.31
-0.03
0.08
-0.02
0.29
0.15
0.07
0.42
-0.04
-0.05
0.06
0.07
0.06
0.17
0.13
0.11
0.14
0.17
-0.01
0.46
-0.18
-0.37
0.35
0
0
0
0.29
0.09
0.33
0
0
0.28
-0.02
0.24
0.08
0.08
0.22
0.11
0.14
0.18
0
-0.06
-2.17
0.87
21.24
9.64
-11.31
5.4
-2.24
-11.11
-1.82
5.45
-5.45
-6.1
-5.09
1.76
-7.69
10.64
12.51
-5.68
6.02
-2.37
-1.28
-1.28
-3.24
-1.41
4.29
-0.92
0.56
-0.04
-0.06
-0.37
-0.19
0.31
1.08
0.71
1.17
0.75
-3.35
-3.35
1.55
-2.14
0.88
0.3
0.3
0.7
1.65
-0.97
0.21
0.09
0.31
0.41
0.04
0.02
0.34
0.12
0.12
0
0.14
0.02
0.08
0.22
0.16
0.06
0.2
0
0.18
0.18
0.27
0.38
-0.27
0.45
0.11
0.11
0.1
0.09
0.33
0.15
0.09
0.17
0.1
-0.1
0.45
-0.04
0.12
0.04
0.28
-0.1
-0.23
-0.23
0.21
0.13
0.39
-8.34
-8.34
12.99
13.21
-4.63
-0.29
-4.76
-5.64
-5.64
-2.19
3.16
-3.18
-3.18
-11.51
-3.41
3.12
-3.78
0.03
0.03
4.86
-1.09
-2.07
0.57
4.31
4.31
-0.03
-0.1
0.69
0.34
0.04
0.04
0.21
0.16
0.04
0.03
0.23
0.23
0.09
0.08
0.3
0.15
-0.12
-0.12
0.44
-0.09
0
-0.43
0.78
0.78
0.43
-0.15
-0.6
0.2
0.09
0.09
0.13
-0.56
1.83
1.83
-0.54
0.23
0.37
0
0.03
0.03
0.13
0.15
0.14
0.11
-0.04
-0.04
0.32
0.19
0.02
0.17
0.17
0.21
0.12
0.15
0.22
0.22
0.14
0.18
0.12
0.18
0.18
0.17
0.13
0.18
0.16
0.16
0.08
0.17
0.15
0.18
0.11
0.18
0.18
0.18
0.11
0.11
0.13
0.12
0.12
0.12
0.12
0.17
0.17
0.16
0.16
0.16
0.13
0.14
0.15
0.19
0.19
0.17
0.16
0.12
0.19
0.19
0.14
0.17
0.17
0.13
0.13
0.17
0.12
0.15
0.14
0.14
0.22
0.15
0.13
0.17
0.17
0.14
0.18
0.15
0.13
0.13
0.17
0.15
0.18
0.15
0.15
0.16
0.14
0.16
0.15
0.15
0.18
0.15
0.16
0.15
0.15
0.16
0.16
0.16
0.16
0.16
0.15
0.15
0.14
0.16
0.16
0.17
0.15
0.16
0.18
0.18
0.16
0.16
0.18
0.15
0.13
0.17
0.16
0.15
0.16
0.16
0.17
0.15
0.15
0.16
0.16
0.16
0.14
0.16
0.16
0.16
0.15
0.13
0.15
0.16
0.16
0.16
0.16
0.15
0.17
0.17
0.16
0.17
0.16
0.16
0.16
0.16
0.15
0.17
0.15
0.15
0.16
0.14
0.15
0.15
0.15
0.16
0.16
0.15
0.16
0.16
0.16
0.17
0.16
0.18
0.18
0.17
0.16
0.17
0.17
0.17
0.15
0.16
0.13
0.19
0.19
0.15
0.14
0.17
0.16
0.16
0.14
0.16
0.17
0.17
0.17
0.13
0.16
0.14
0.15
0.15
0.19
0.14
0.15
0.15
0.15
0.16
0.15
0.16
0.17
0.16
0.16
0.16
0.15
0.15
0.16
0.16
0.16
0.17
0.15
0.18
0.18
-0.01
0.29
0.11
0.07
0.13
0.13
0.15
0.12
0.16
0.13
0.13
0.16
0.11
0.15
0.15
0.16
0.11
0.34
0.02
0
0.09
0.09
0.13
0.15
0.21
0.09
0.14
0.08
0.13
-0.11
0.2
0.05
0.05
0.11
0.14
0.3
0.28
0.08
-0.53
-0.53
0.22
0.4
0.12
-0.01
0.52
0.52
0.57
0.15
0.04
-0.41
-0.21
-0.21
-0.04
0.11
0.1
0.21
0
0
0.99
0.2
-1.15
-12.2
-0.32
-0.32
12.85
-3.3
-2.83
-1.51
2.89
2.89
-0.56
0.05
0.19
0.19
0.12
0.12
0.26
0.01
0.16
0.07
-0.01
-0.01
-0.05
0.27
0.03
-0.12
-1.08
-1.08
-6.07
4.14
12.72
-0.17
10.3
10.3
-1.6
-14.26
1.9
5.44
-3.2
-1.36
-12.64
2.86
13.31
-7.87
-7.87
0.09
7.04
16.87
11.89
-6.08
1.63
1.63
-2.25
-5.01
16.97
-1.21
-2.1
-1.09
0.29
-8.16
-8.16
-2.02
0.22
2.34
-5.12
-3.23
-0.37
-0.37
8.81
-2.51
6.98
1.31
8.46
8.46
-0.44
0.63
0.12
0.65
0.29
0.36
-0.48
0.18
0.18
0.21
0.03
-0.85
-0.91
0.34
2.93
-0.21
-0.21
-0.38
0.87
1.1
0.06
0.18
0.37
0.04
-0.49
-0.49
-0.84
0.98
3.97
0.01
0
0
0.34
0.12
0.02
0.06
0.08
0.19
0.19
0
0
0.06
0.07
0.28
-0.6
-0.6
0.39
-0.3
-11.38
-2.6
2.02
12.39
4.43
-4.53
-4.53
0.02
2.73
-5.99
-13.59
-2.5
4.55
8.95
8.95
-1.78
2.23
-1.63
4.7
-8.49
4.13
-0.03
-0.03
-3.48
-4.23
17.09
-0.81
-5.1
0.79
0.79
-4.93
15.07
3.35
23.19
-7.14
0.39
0.39
-13.05
3.57
3.29
3.02
-10.34
-10.34
-3.15
6.04
9.58
11.51
3.72
-12.06
-8.91
-8.91
0.25
0.23
0.55
-0.53
0.1
0.03
-0.02
-0.02
0.18
-0.32
-0.59
0.15
-1.06
-1.06
-1.97
0.09
3.81
0.34
-0.07
-0.07
0.5
0.13
0
0.15
0.03
0.03
0.07
0.13
0.15
0.6
-0.33
-0.33
-0.34
0.38
0.17
-0.11
-0.11
0.13
0.12
0.11
0.1
0.11
0.14
0.14
-0.06
0.31
-0.79
-6.33
-9.07
-9.07
-0.9
5.57
-0.97
-13.53
12.45
12.45
-9.9
-8.57
-3.64
-0.88
-0.88
-0.6
1.15
7.52
2.65
4.45
4.45
3.2
-4.83
-1.08
-4.43
4.61
7.01
-1.13
7.21
-3.49
-5.21
-5.21
-1.24
1.19
10.52
8.42
-11.45
-11.45
5.94
-11.44
4.97
-4.62
1.96
1.96
2.02
3.4
-2.79
2.75
4.04
4.04
3.03
0.48
-13.14
2.37
-1.04
-1.04
0.33
0.28
-0.01
0.14
0.15
0.15
-0.34
-0.19
-2.85
1.02
-0.64
-0.64
-2.57
0.4
0.85
0.17
0.19
0.19
0.18
0.21
0.19
0.32
0.09
0.09
0.01
0.11
0.45
-0.05
0.15
0.15
0.59
-0.41
0.11
0.06
0.51
0.51
-0.44
0.17
0.13
0.2
-0.03
-1.47
1.78
-1.28
-2.64
-2.57
-2.57
-0.96
6.44
8.23
-2.71
8.22
8.22
-1.83
-1.27
-10.61
-0.23
-7.71
-7.71
0.14
4.8
-1.84
5.66
-0.47
-0.47
-0.74
7.16
1.38
4.38
-4.16
10.49
4.56
-3.35
2.07
-4.78
-4.78
0.5
3.62
13.05
-2.35
-0.05
-0.05
-6.05
-1.03
-5.05
6.47
0.8
0.8
0.11
-1.42
8.01
5.11
7.01
7.01
0
-11.09
0.45
1.82
0.39
0.39
0
0.04
0.51
-0.03
-0.65
-0.65
-0.4
-0.98
3.07
0.87
-0.52
-0.52
-0.41
1.78
0.63
-0.17
0.27
0.16
0.16
-0.11
0.12
0.06
-0.11
0.32
0.32
0.32
0.65
-0.41
0.5
-0.36
-0.36
-0.12
0.02
0.28
0.04
0.02
0.02
0.16
0.11
0.1
-0.11
-0.02
0.23
-10.87
-4.6
-4.27
4.65
4.65
1.66
-5.51
2.98
-5.3
-2.61
-2.01
-3.84
-1.03
3.34
2.34
2.34
-3.6
1.48
-4.43
1.54
2.2
2.2
1.02
-3.78
-4.73
13.4
-6.62
-6.62
-0.23
-0.23
-1.54
2.78
9.06
9.06
-5.18
-5.18
-2.3
-1.03
-6.29
3.89
3.89
0.61
8.52
-3.58
-3.58
6.45
6.45
5.32
4.14
-3.49
-8.85
1.99
1.99
0.42
0.15
-0.14
0
0.17
0.17
-0.12
-0.14
-1.78
4.1
0.55
0.55
0.08
-1.32
0.02
1.49
-0.31
-0.31
0.24
0.22
0
0
0.23
0.23
-0.27
-0.02
0.65
-0.47
0.66
0.66
0.61
-0.07
-0.19
0.41
0.04
0.04
0.29
0.08
-0.02
0.16
0.12
0.12
0.21
0.4
-0.06
-0.45
-5
-5
-7.39
8.21
10.19
5.36
-0.44
-0.44
2.56
-1.71
-7.1
-8.21
-7.73
-7.73
-1.13
5.01
9.28
3.7
3.7
-7.15
-0.11
4.4
-4.57
-0.64
-0.64
14.54
-0.59
-3.01
5.42
-6.76
-6.76
-4.55
-4.82
17.81
1.47
-4.04
-4.04
-6.26
-1.53
-6.35
0.61
1.15
1.15
3.12
10.28
-3.35
0.11
5.3
5.3
6.74
-7.06
-6.4
-6.67
2.04
2.04
0.91
0
-0.32
0.12
0
0
-0.93
-2.41
-0.78
0.74
-1.68
-1.68
0.64
0.37
0.19
0.26
0.13
0.13
0.05
0.35
0.03
0.12
-0.82
-0.82
0.41
0.43
0.46
-0.78
1.57
1.57
-0.89
-0.18
0.33
0.04
0.18
0.18
0.02
0.18
0.01
0.08
0.26
0.26
-0.21
0.13
-0.49
-2.3
-4.26
-4.26
-3.88
8.83
11.73
-8.35
-0.54
-0.54
-5.35
-7.29
-5.59
-8.06
-4.02
-4.02
-0.14
-2.75
2.82
-2.94
-3.42
-3.42
6.51
3.37
2.31
14.26
2.98
2.98
-4.46
-0.59
3.31
-12.73
-6.58
-6.58
20.32
-9.64
8.3
-1.24
-3.81
-3.81
-6.51
2.96
-0.23
-2.6
4.72
4.72
3.06
7.37
7.37
5.65
4.12
4.12
-3.22
0.71
0.91
0.22
-8.18
-8.18
0.49
0.13
0.8
-0.26
-0.1
-0.1
-2.78
0.86
4.97
0.86
0.16
0.16
0.97
0.01
0.15
0.42
-1.13
-1.13
-1.1
-0.9
11.66
-3.25
-0.92
-0.92
0.67
-0.76
0.49
0.27
-0.31
-0.31
0.43
-0.9
0.61
0.15
0.19
0.19
0.15
-0.02
0.22
0.05
-0.41
-0.41
0.36
-0.02
-1.65
-2.49
-0.26
-0.26
-3.4
7.79
5.83
-7.99
2.29
2.29
-2.52
-9.89
-9.29
-5.79
0
0
0.13
14.99
2.47
-1.51
11.44
11.44
6.31
10.08
11.86
-3.92
5.3
5.3
-2.54
-1.24
1.81
-0.64
-2.03
-2.03
-8.79
5.2
-3.5
0.47
-3.01
-3.01
-1.69
-4.35
-0.02
2.46
3.06
3.06
3.76
6.81
1.27
-0.71
0.17
0.17
4.11
-0.82
-6.45
1.49
1.09
1.09
0
-0.1
0.91
0.16
-1.26
-1.26
-1.17
2.27
0.5
-0.17
-0.48
-0.48
-3.52
-0.05
10.18
-0.59
1.01
1.01
2.25
-4.82
1.45
0.64
-2.88
-2.88
-0.88
-0.06
0.08
0.09
0.52
0.52
-0.29
0.14
0.39
-0.02
0.27
0.27
0.05
0.11
0.16
0.03
0.56
0.56
-0.29
-0.47
-0.64
-7.52
-0.13
-0.13
13.89
2.9
-11.83
0.52
-8.91
-8.91
-9.27
-11.76
-7.28
4.07
-0.52
-0.52
6.04
-1.23
-14.94
16.19
5.33
5.33
14.62
-11.13
-3.26
3.94
7.34
7.34
-0.73
-1.43
1.24
5.72
-8.51
-8.51
2.85
-2.78
-0.38
3.79
-0.75
-0.75
-3.49
-5.02
-0.45
-1.63
3.31
3.31
15.34
-3.34
-4.59
2.07
4.94
4.94
-3.82
0.35
0.74
-0.12
0.32
0.32
0.17
0.05
0.08
-0.58
-0.05
-0.05
-0.53
1.59
0.96
-0.73
-2.32
-2.32
-0.76
0.67
-1.7
-0.79
0.76
0.76
-4.06
6.29
1.55
-1.63
0.05
1.27
1.27
-0.94
1.39
-0.12
0.37
-0.23
-0.23
0.26
0.03
0.1
0.17
0.07
0.07
0.2
-0.43
0.47
0.23
-0.04
-0.04
-1.53
-6.76
10.17
1.55
5.13
5.13
-0.96
6.03
-5.27
-4.31
-4.97
-4.97
-9.27
-2.71
-0.09
7.94
-1.59
-4.69
7.19
-0.86
7.16
7.58
7.58
2.26
-0.35
2.91
0.13
-4.4
-4.4
-5.03
2.89
2.9
5.76
-6.38
-6.38
-1.69
-3
-7.83
-5.21
-4.7
-0.17
-0.28
7.09
7.95
-4.07
-4.07
-2.44
1.78
6.5
0.48
0.25
0.25
0
0.16
0.16
0.32
0.69
0.14
0.14
-0.3
-2.18
1.49
-0.59
-0.59
0.45
0.3
0.94
-0.19
0.6
0.6
-0.31
1.04
0.11
-1.5
1.61
-1.13
-1.13
0
-0.95
0.75
0.45
0.45
0
0.35
-0.05
0.35
-0.05
0.34
0.34
0
0.07
0
0.17
0.12
0.11
0.04
0.09
0.16
0.08
0.08
0.15
0.12
-0.02
0.16
0.11
0.11
0.05
0.06
0.14
0.11
0.04
0.04
0.17
0.17
0.11
-1.57
-1.89
-1.89
0.65
1.69
1.01
-0.97
-0.15
0.63
0.02
0.19
0.1
-0.15
0.29
0.07
0.15
0.1
0.12
0.21
0.07
0.09
0.18
0.12
0.15
0.19
0.17
0.12
0.17
0.14
0.16
0.17
0.18
0.15
0.1
0.17
0.1
0.21
0.12
0.17
0.17
0.15
0.17
0.17
0.14
0.16
0.15
0.16
0.17
0.17
0.16
0.17
0.18
0.17
0.17
0.17
0.17
0.15
0.15
0.15
0.17
0.15
0.19
0.14
0.16
0.16
0.16
0.18
0.14
0.15
0.16
0.16
0.17
0.12
0.15
0.16
0.16
0.15
0.14
0.16
0.14
0.16
0.14
0.15
0.17
0.14
0.17
0.17
0.16
0.13
0.16
0.18
0.17
0.17
0.15
0.14
0.15
0.17
0.16
0.17
0.16
0.15
0.18
0.16
0.14
0.16
0.16
0.16
0.15
0.14
0.17
0.16
0.15
0.15
0.17
0.16
0.16
0.16
0.15
0.15
0.14
0.17
0.16
0.16
0.16
0.15
0.16
0.17
0.16
0.14
0.15
0.14
0.14
0.15
0.14
0.17
0.16
0.17
0.16
0.15
0.15
0.17
0.14
0.15
0.15
0.16
0.16
0.16
0.17
0.17
0.17
0.15
0.17
0.15
0.17
0.16
0.15
0.13
0.14
0.15
0.17
0.16
0.17
0.17
0.14
0.16
0.17
0.14
0.14
0.15
0.16
0.16
0.16
0.17
0.14
0.16
0.15
0.17
0.16
0.17
0.15
0.16
0.15
0.16
0.16
0.14
0.16
0.15
0.14
0.14
0.15
0.13
0.18
0.14
0.16
0.16
0.16
0.14
0.15
0.15
0.14
0.18
0.14
0.15
0.13
0.13
0.14
0.15
0.15
0.17
0.14
0.15
0.15
0.15
0.12
0.15
0.16
0.16
0.14
0.16
0.15
0.12
0.15
0.13
0.15
0.15
0.14
0.16
0.15
0.17
0.15
0.16
0.15
0.12
0.15
0.15
0.16
0.16
0.13
0.17
0.13
0.14
0.14
0.15
0.15
0.14
0.14
0.14
0.14
0.17
0.15
0.16
0.15
0.14
0.15
0.15
0.15
0.15
0.14
0.13
0.16
0.15
0.15
0.17
0.13
0.14
0.15
0.15
0.15
0.14
0.14
0.13
0.15
0.14
0.15
0.16
0.13
0.13
0.15
0.14
0.13
0.15
0.15
0.13
0.13
0.14
0.13
0.13
0.14
0.15
0.16
0.15
0.15
0.16
0.15
0.15
0.16
0.16
0.16
0.16
0.16
0.13
0.13
0.15
0.17
0.15
0.17
0.17
0.15
0.13
0.15
0.15
0.15
0.13
0.15
0.14
0.15
0.15
0.14
0.16
0.13
0.16
0.16
0.13
0.14
0.15
0.15
0.15
0.13
0.15
0.13
0.16
0.16
0.15
0.15
0.14
0.15
0.15
0.15
0.14
0.15
0.13
0.13
0.14
0.15
0.14
0.15
0.15
0.15
0.16
0.17
0.14
0.14
0.17
0.14
0.13
0.16
0.13
0.14
0.14
0.15
0.15
0.15
0.13
0.15
0.13
0.12
0.15
0.15
0.16
0.15
0.13
0.13
0.14
0.17
0.14
0.14
0.15
0.15
0.16
0.14
0.14
0.14
0.14
0.14
0.14
0.14
0.15
0.14
0.12
0.12
0.13
0.13
0.14
0.14
0.14
0.15
0.14
0.13
0.14
0.14
0.14
0.14
0.14
0.15
0.14
0.15
0.15
0.14
0.15
0.11
0.15
0.15
0.15
0.18
0.16
0.13
0.13
0.15
0.16
0.12
0.16
0.16
0.15
0.16
0.12
0.13
0.14
0.15
0.14
0.14
0.14
0.14
0.17
0.14
0.15
0.15
0.12
0.13
0.15
0.15
0.12
0.12
0.13
0.13
0.11
0.15
0.14
0.14
0.14
0.12
0.13
0.13
0.17
0.15
0.11
0.18
0.18
0.1
0.12
0.18
0.15
0.15
0.11
0.1
0.16
0.08
0.13
0.13
0.17
0.07
0.15
0.11
0.11
0.19
0.07
0.23
0.08
0.08
0.17
0.21
0.24
0.1
0.1
0.38
-0.15
-0.16
-1.25
-1.25
-1.46
0.18
1.95
0.39
-0.44
-0.44
2.99
-1.81
5.95
0.7
7.27
7.27
-0.79
-9.48
1.01
2.32
-4.92
-4.92
2.29
-0.17
0.59
1.14
0.37
0.37
-4.74
-0.23
2.01
-0.06
-1.14
-1.14
5.19
-2.78
-0.34
0.64
-0.06
-0.06
0.27
-0.35
0.56
0.07
0.07
0.07
-0.18
0.13
-0.18
0.4
0.84
0.84
-0.7
0.11
-0.79
-0.07
0.37
2.51
1.36
0.42
0.6
-0.58
-0.58
0.39
-0.16
0.41
-0.19
0.14
0.14
-0.02
0.23
-0.02
0.26
0.13
0.22
0.22
-0.04
-4.31
5.34
5.34
3.57
0.79
-5.46
-13.71
1.31
1.31
1.14
4.05
9.94
1.34
-3.66
-3.66
1.48
0
0.06
-0.65
0.9
0.15
0.15
0.57
0.53
0.04
-0.95
0.45
0.6
0.94
-0.67
-0.67
6.14
-2.92
15.77
20.11
-2.56
-9.16
-9.16
1.44
-18.82
-19.53
-6.71
0.2
0.2
-19.29
5.91
-0.33
-1.9
3.84
-4.03
-4.03
-4.86
-0.64
-1.54
-0.92
-2.4
-2.4
0.66
0.8
-0.99
1.87
-0.56
-0.56
0.1
0.79
0.49
0.74
-0.21
-0.21
0.94
-0.48
-3.51
3.75
2.84
2.84
-2.24
-14.63
-8.24
-7.12
17.12
17.12
1.6
-3.52
1.45
2.47
-0.31
-0.31
0.23
0.41
0.66
-0.16
-0.45
-0.45
0.11
0.12
0.13
0.1
0.52
0.52
-0.94
-11.39
-5.88
7.37
-7.69
-7.69
-0.8
10.4
3.56
-0.03
-4.59
-4.59
17.69
-0.31
-1.04
0.14
0.23
0.23
-0.32
-0.03
-0.04
0.67
-0.27
-0.27
0.9
-0.28
1.35
-0.43
-0.19
-0.19
0.48
-0.18
0.31
12.18
13.61
13.61
28.94
5.9
4.83
5.77
6.13
6.13
-18.37
-7.31
-5.84
-11.63
-10.3
-10.3
4.94
1.64
0.04
-0.85
1.34
1.34
7.31
-0.67
-1.69
-1.05
-0.79
-0.79
0.8
0.23
0.16
-0.22
1.04
1.04
4.92
-0.86
0.24
-0.07
-1.7
-1.7
-0.15
3.71
1.47
-5.91
-1.82
-1.82
-10.78
-1.03
-4.6
5.46
0.28
0.28
-2.01
-0.89
5.4
2.37
1.26
1.26
0.08
0.14
0.21
0.2
0.76
0.76
-0.91
0.45
0.11
-9.56
-18.48
-18.48
1.27
1.92
6.63
2.17
-4.17
-4.17
-14.23
-8.8
1.53
20.59
15.94
15.94
13.38
-0.64
0.12
0.2
0.53
0.53
-2.56
-2.09
-0.61
0.39
0.4
0.4
0.2
0.2
0.44
-0.45
-0.55
-0.55
1.14
0.32
-0.02
-0.2
4.1
4.1
23.8
2.52
13.13
9.02
0.43
0.43
-5.46
-27.49
9.14
-0.79
2.73
2.73
-3.37
4.29
1.93
-4.19
-1.42
-1.42
4.43
-5.3
-0.69
-2.9
-3.92
-3.92
0.86
-0.87
0.09
1.02
0.08
0.08
-0.33
1.78
-0.68
-1.85
-2.3
-2.3
2.59
14.15
9.22
-4.39
-7.07
-7.07
-6.08
-5.41
-5.59
1.84
-0.58
-0.58
-3.64
-1.41
-0.76
4.17
5.01
5.01
0.14
0.68
0.86
-0.05
-5.7
-4.27
-4.27
0
-30.41
-16.76
8.41
1.13
1.13
5.64
5.51
-5.88
-11.01
1.02
1.02
-6.47
1.17
12.04
-11.65
13.91
13.91
20.02
3.81
1.03
1.18
1.26
1.26
-4.43
0.56
1.04
-0.06
-0.54
-0.54
1.81
12.02
6
-3.41
-8.6
-8.6
10.67
-10.18
23.03
-12.03
11.31
11.31
-1.32
16.04
11.96
-5.2
0.3
0.3
-12.76
-6.22
-6.67
1.87
7.33
7.33
3
-5.92
-2.64
-0.91
3.15
3.15
-2.63
-0.76
-3.79
-3.75
0.67
0.67
0.58
-0.31
0.66
-0.47
1.89
1.89
2.29
-0.68
0.47
-0.72
1.94
1.94
15.84
1.69
-3.31
-5.98
-10.7
-10.7
-2.66
1.06
-1.94
-1.66
-1.87
-1.87
-0.38
2.16
1.43
1.08
0.51
0.51
0.64
0.79
0
-0.49
-4.28
-4.28
-1.22
-20.62
-0.57
8.55
2.57
2.57
-2.96
-0.66
-2.84
2.21
-1.17
-1.17
1.23
-4.33
4.9
1.27
-10.04
-10.04
15.52
-6.09
11.75
0.52
1.84
1.84
-8.25
-0.22
2.4
3.42
8.16
8.16
-3.67
-3.25
-4.53
-3.4
1.35
1.35
0.38
-0.29
0.26
1.58
-0.22
-0.22
0.77
0.54
0.54
1.24
0.55
0.55
0.64
0.06
0.57
-0.26
0.84
0.84
0
0.66
-0.15
0.18
-0.28
-0.28
-0.13
0.17
0.15
0.08
0.11
0.11
0.25
0.39
-0.29
0.71
1
1
-0.21
-2.45
2.08
1.08
0
0
-0.33
-0.36
-0.76
-0.44
-1.24
-1.24
0.3
0.16
-0.46
0.48
-0.14
-0.14
0.63
0.31
0
0.11
0.24
0.27
0.27
0.3
-0.21
0.39
0.03
0.11
0.11
0.12
0.14
0.14
0.11
0.11
0.15
0.07
0.2
0.1
0.12
0.12
0.18
0.09
0.19
0.13
0.13
0.15
0.16
0.14
0.14
0.11
0.18
0.17
0.17
0.15
0.14
0.27
-0.03
0.19
0.1
0.19
0.12
0.14
0.15
0.14
0.14
0.16
0.14
0.15
0.16
0.14
0.14
0.14
0.16
0.14
0.14
0.14
0.17
0.16
0.16
0.17
0.13
0.16
0.14
0.15
0.15
0.15
0.15
0.15
0.15
0.16
0.15
0.12
0.15
0.16
0.15
0.13
0.13
0.14
0.16
0.14
0.14
0.14
0.15
0.13
0.14
0.17
0.14
0.14
0.16
0.16
0.14
0.17
0.15
0.18
0.15
0.16
0.17
0.15
0.15
0.14
0.15
0.16
0.15
0.13
0.15
0.15
0.15
0.15
0.15
0.17
0.15
0.15
0.17
0.15
0.16
0.17
0.14
0.15
0.16
0.14
0.16
0.16
0.15
0.17
0.15
0.14
0.15
0.14
0.14
0.15
0.14
0.14
0.15
0.15
0.14
0.16
0.17
0.16
0.16
0.13
0.16
0.15
0.15
0.15
0.17
0.14
0.15
0.16
0.16
0.13
0.15
0.16
0.14
0.14
0.16
0.17
0.16
0.15
0.15
0.16
0.17
0.16
0.15
0.15
0.16
0.15
0.16
0.15
0.15
0.16
0.15
0.16
0.16
0.16
0.17
0.15
0.14
0.15
0.15
0.13
0.15
0.14
0.15
0.15
0.15
0.16
0.16
0.17
0.17
0.16
0.15
0.16
0.15
0.15
0.17
0.14
0.17
0.15
0.15
0.16
0.14
0.16
0.15
0.15
0.16
0.15
0.17
0.15
0.15
0.17
0.17
0.15
0.14
0.14
0.16
0.16
0.17
0.15
0.15
0.17
0.15
0.15
0.16
0.16
0.14
0.15
0.15
0.15
0.15
0.16
0.15
0.14
0.14
0.14
0.15
0.15
0.15
0.15
0.15
0.15
0.15
0.15
0.15
0.15
0.14
0.15
0.15
0.17
0.17
0.14
0.17
0.15
0.17
0.17
0.16
0.15
0.16
0.14
0.14
0.17
0.15
0.16
0.15
0.15
0.16
0.15
0.14
0.12
0.12
0.14
0.14
0.13
0.17
0.17
0.14
0.16
0.15
0.16
0.16
0.17
0.14
0.16
0.15
0.15
0.16
0.14
0.17
0.16
0.16
0.17
0.16
0.16
0.17
0.17
0.16
0.14
0.14
0.15
0.15
0.16
0.14
0.15
0.17
0.17
0.15
0.15
0.17
0.13
0.13
0.13
0.15
0.17
0.15
0.15
0.17
0.14
0.14
0.14
0.14
0.15
0.16
0.15
0.14
0.14
0.15
0.15
0.14
0.15
0.15
0.15
0.16
0.14
0.13
0.13
0.15
0.15
0.15
0.15
0.15
0.16
0.15
0.16
0.16
0.16
0.16
0.16
0.18
0.17
0.17
0.15
0.16
0.15
0.14
0.14
0.16
0.14
0.16
0.16
0.16
0.16
0.14
0.15
0.15
0.15
0.15
0.15
0.15
0.14
0.14
0.14
0.13
0.15
0.15
0.15
0.16
0.15
0.14
0.15
0.15
0.17
0.15
0.15
0.15
0.15
0.16
0.15
0.16
0.15
0.15
0.16
0.14
0.18
0.17
0.17
0.12
0.15
0.13
0.17
0.17
0.14
0.15
0.17
0.16
0.14
0.15
0.15
0.16
0.16
0.13
0.15
0.16
0.17
0.17
0.16
0.16
0.15
0.14
0.16
0.17
0.15
0.15
0.15
0.16
0.15
0.17
0.13
0.15
0.15
0.15
0.15
0.15
0.16
0.16
0.16
0.17
0.15
0.14
0.16
0.14
0.16
0.14
0.15
0.16
0.15
0.15
0.18
0.14
0.15
0.15
0.13
0.15
0.15
0.16
0.15
0.15
0.16
0.15
0.15
0.16
0.15
0.14
0.15
0.16
0.15
0.16
0.15
0.17
0.16
0.16
0.16
0.15
0.13
0.12
0.15
0.16
0.15
0.18
0.16
0.16
0.14
0.14
0.14
0.14
0.16
0.15
0.14
0.14
0.14
0.15
0.15
0.16
0.16
0.13
0.16
0.14
0.13
0.14
0.15
0.15
0.16
0.16
0.14
0.14
0.15
0.14
0.15
0.14
0.14
0.16
0.14
0.15
0.16
0.15
0.15
0.17
0.15
0.14
0.13
0.17
0.16
0.16
0.15
0.14
0.17
0.17
0.17
0.16
0.16
0.15
0.16
0.15
0.14
0.16
0.14
0.16
0.13
0.15
0.15
0.15
0.13
0.13
0.15
0.15
0.14
0.16
0.15
0.15
0.16
0.16
0.14
0.15
0.16
0.15
0.16
0.15
0.16
0.16
0.15
0.15
0.16
0.16
0.16
0.15
0.16
0.16
0.16
0.15
0.14
0.13
0.16
0.15
0.15
0.18
0.16
0.17
0.13
0.15
0.16
0.15
0.15
0.16
0.17
0.15
0.17
0.15
0.17
0.18
0.16
0.15
0.17
0.17
0.15
0.15
0.15
0.14
0.13
0.15
0.14
0.17
0.16
0.14
0.15
0.17
0.15
0.15
0.15
0.16
0.17
0.16
0.15
0.16
0.15
0.15
0.15
0.16
0.16
0.15
0.16
0.15
0.18
0.15
0.16
0.15
0.15
0.14
0.15
0.16
0.16
0.15
0.14
0.18
0.14
0.15
0.16
0.15
0.14
0.16
0.15
0.14
0.15
0.14
0.14
0.16
0.14
0.15
0.15
0.13
0.17
