9.04
9.04
9.05
9.03
9.04
9.06
9.02
9.04
9.04
9.04
9.05
9.03
9.04
9.06
9.03
9.04
9.04
9.05
9.05
9.05
9.05
9.04
9.03
9.04
9.05
9.03
9.04
9.03
9.05
9.06
9.06
9.04
9.04
9.03
9.02
9.05
9.04
9.05
9.05
9.03
9.04
9.06
9.05
9.05
9.04
9.02
9.02
9.06
9.05
9.06
9.06
9.02
9.02
9.04
9.05
9.06
9.05
9.05
9.06
9.07
9.04
9.07
9.05
9.05
9.04
9.05
9.03
9.02
9.05
9.02
9.04
9.05
9.07
9.02
9.02
9.04
9.07
9.04
9.07
9.04
9.04
9.08
9.05
9.06
9.04
9.04
9.04
9.06
9.05
9.05
9.06
9.03
9.03
9.05
9.05
9.04
9.01
9.04
9.03
9.05
9.05
9.03
9.04
9.06
9.04
9.04
9.05
9.08
9.04
9.02
9.04
9.03
9.03
9.04
9.05
9.05
9.05
9.04
9.05
9.04
9.04
9.05
9.03
9.04
9.04
9.02
9.04
9.05
9.06
9.06
9.06
9.03
9.04
9.04
9.02
9.05
9.03
9.04
9.04
9.04
9.04
9.01
9.05
9.05
9.08
9.04
9.03
9.04
9.05
9.06
9.06
9.03
9.03
9.05
9.03
9.05
9.05
9.03
9.04
9.03
9.04
9.03
9.02
9.05
9.05
9.04
9.05
9.03
9.05
9.05
9.04
9.06
9.04
9.04
9.05
9.04
9.07
9.03
9.05
9.04
9.04
9.04
9.02
9.06
9.04
9.04
9.04
9.03
9.05
9.03
9.03
9.04
9.03
9.02
9.02
9.02
9.05
9.03
9.04
9.04
9.04
9.04
9.02
9.03
9.03
9.04
9.02
9.02
9.04
9.03
9.03
9.05
9.04
9.05
9.04
9.03
9.05
9.06
9.05
9.05
9.05
9.05
9.05
9.06
9.03
9.03
9.05
9.04
9.06
9.04
9.04
9.05
9.04
9.04
9.03
9.03
9.05
9.03
9.05
9.05
9.05
9.05
9.05
9.03
9.03
9.02
9.01
9.05
9.01
9.04
9.04
9.05
9.05
9.05
9.04
9.04
9.04
9.04
9.05
9.05
9.05
9.04
9.05
9.02
9.04
9.05
9.05
9.05
9.05
9.03
9.03
9.03
9.05
9.06
9.04
9.06
9.05
9.04
9.05
9.03
9.03
9.04
9.05
9.03
9.05
9.03
9.05
9.05
9.05
9.04
9.04
9.04
9.04
9.02
9.04
9.06
9.04
9.05
9.05
9.03
9.03
9.05
9.05
9.05
9.04
9.05
9.05
9.04
9.04
9.06
9.06
9.03
9.05
9.04
9.02
9.05
9.04
9.02
9.06
9.05
9.05
9.06
9.04
9.04
9.05
9.03
9.04
9.04
9.02
9.04
9.04
9.02
9.06
9.05
9.05
9.04
9.04
9.03
9.05
9.02
9.02
9.04
9.03
9.04
9.05
9.04
9.06
9.02
9.03
9.05
9.05
9.02
9.05
9.01
9.03
9.07
9.05
9.06
9.04
9.03
9.03
9.05
9.04
9.05
9.03
9.05
9.05
9.06
9.02
9.04
9.04
9.04
9.06
9.06
9.05
9.04
9.02
9.05
9.06
9.06
9.06
9.05
9.07
9.03
9.02
9.02
9.04
9.03
9.05
9.06
9.06
9.02
9.04
9.02
9.02
9.02
9.06
9.05
9.04
9.05
9.05
9.03
9.05
9.04
9.05
9.05
9.05
9.04
9.04
9.05
9.05
9.03
9.05
9.05
9.05
9.05
9.02
9.05
9.04
9.04
9.04
9.04
9.05
9.05
9.02
9.02
9.05
9.04
9.06
9.05
9.05
9.05
9.03
9.04
9.05
9.05
9.05
9.05
9.03
9.06
9.06
9.04
9.04
9.04
9.04
9.04
9.04
9.04
9.04
9.05
9.05
9.05
9.04
9.01
9.09
9.09
9.07
8.99
9.15
9.18
8.93
9
8.73
8.96
9.07
9.04
8.94
11.47
5.75
8.95
10.86
7.69
10.66
8.81
11.33
7.29
7.29
9.99
9.32
8.43
10.08
9.28
7.21
8.88
8.04
9.72
9.39
9.39
11.45
10.03
8.84
10.75
20.59
20.59
8.8
13.82
11.63
2.21
32.11
32.11
-1.5
2.93
9.09
-4.77
9.99
9.99
9.06
-7.31
-6.58
2.32
4.76
2.06
2.06
20.73
15.52
1.81
4.25
5.52
5.52
12.1
9.07
10.32
9.5
11.49
11.49
8.12
8.4
8.53
8.89
9.9
9.9
9.17
10.28
8.32
11.39
8.46
8.46
8.81
6.47
9.2
7.87
16.43
16.43
8.42
6.34
9.5
9.94
7.75
7.75
8.83
8.48
10.06
8.26
10.19
10.19
8.99
7.98
9.41
8.12
8.81
8.81
9.03
8.8
9.49
8.86
7.79
7.79
9.47
19.02
-8.85
23.17
-3.07
-3.07
15.56
6.16
6.86
9.45
9.39
9.39
9.29
8.06
8.53
9.4
9.16
9.16
9.39
8.36
10.18
10.16
6.22
6.22
8.89
8.67
8.75
9.52
8.36
9.06
9.06
20.85
20.6
-11.13
20.34
-16.24
11.9
11.31
-8.28
-8.28
8.63
-0.14
25.85
-12.03
7.82
18.78
3.56
-9.35
15.87
11.86
11.86
4.07
6.25
10.21
7.73
7.58
9.34
9.34
9.03
10.07
10.12
8.89
12.74
6.59
10.11
8.93
5.25
9.36
9.36
10.41
7.59
5.14
24.75
-5.4
23.03
23.03
-2.48
13.05
2.01
7.05
8.31
8.43
8.17
8.17
10.24
10.56
9.1
7.88
8.25
8.01
8.01
9.13
8.62
9.74
8.86
6.48
10.27
10.27
9.71
12.9
6.8
10.86
15.69
5.71
10.77
8.31
8.31
8.47
9.43
9.22
8.16
8.67
9.61
9.61
9.42
9.53
9.06
9.08
7.29
9.01
8.5
9.98
7.98
7.98
20.84
18.58
22.65
10.15
0.35
4.76
4.76
-21.62
27.52
-6.54
13.68
15.37
24.66
-5.51
-1.27
-1.27
27.58
3.62
-0.99
-11.01
25.94
-7.45
12.05
-0.5
14.33
14.33
10.56
4.22
6.28
8.58
10.8
12.03
10.55
10.55
6.25
9.21
12.09
4.58
10.16
9.69
9.69
7.11
7.31
10.04
24.08
24.08
19.84
3.35
11.34
9.36
9.42
9.42
7.57
9.72
8.48
9.3
9.73
9.73
8.82
10.1
9.27
8.78
8.57
9.28
9
8.13
9.11
9.11
7.49
11.31
6.53
9.99
8.46
8.46
9.87
8.79
8.08
9.9
8.25
9.42
9.39
9.04
8.89
8.47
8.47
8.94
9.24
8.9
8.61
9.73
8.24
8.98
7.57
10.05
8.33
8.33
8.52
32.76
4.9
11.31
8.5
8.5
-3.31
-0.88
12.27
13.26
1.4
1.4
-1.76
3.95
-6.18
30.1
0.49
0.49
2.68
-1.95
19.65
-10.46
19.37
0.66
6.07
12.38
7.79
7.57
7.57
9.53
10.46
10.5
8.11
10.35
6.93
6.83
10.21
8.54
5.79
5.79
9.41
7.7
9.76
17.67
-1.47
-1.47
26.01
-11.64
7.35
6.32
8.93
8.93
8.76
9.77
7.32
10.64
10.11
10.11
7.31
10.25
8.38
9.47
9.94
8.95
8.1
9.77
9.05
7.12
9.08
10.43
8.01
10.73
8.53
8.53
7.53
12.71
8.03
10.35
9.31
9.74
8.36
10.71
8.63
9.91
9.91
8.92
9.17
9.1
8.52
9.11
9.06
9.26
9.51
7.3
17.45
17.45
30.95
7.82
8.82
3.29
0.24
0.24
9.09
25.35
0
16.4
28.09
28.09
-22.86
10.42
14.88
33.68
11.18
11.18
-11.48
-1.48
-5.65
4.44
21.5
21.5
2.47
11.34
10.29
7.09
7.9
7.9
11.97
7.92
7.29
9.12
11.48
11.48
7.32
12.61
14.82
5.06
10.59
10.59
11.97
4.93
12.64
12.14
6.85
6.85
7.62
8.06
8.33
10.07
8.63
8.63
7.97
10.52
8.41
10.15
10.21
10.21
9.79
8.39
10.61
9.13
10.46
10.46
9.69
7.8
8.81
5.78
10.84
10.84
7.82
10.08
9.57
9.34
9.51
9.51
8.17
11.42
6.74
9.98
8.85
8.85
8.27
10.23
8.01
7.53
11.18
11.18
6.74
9.54
9.82
8.1
9.24
9.24
9.62
7.04
11.26
12.44
9.49
-0.33
14.47
2.21
-14.7
8.75
6.9
9.47
11.32
-14.08
8.17
11.48
11.48
39.22
-6.87
-3.96
16.44
-1.79
-8.52
22.44
5.39
10.47
11.75
11.75
8.64
6.89
11.12
9.76
8.72
8.72
8.45
8.77
9.96
9.62
10.33
8.06
6.85
3.75
11.67
7.09
7.09
7.65
11.75
12.37
7.13
5.62
5.62
7.71
7.71
9.25
6.44
9.32
9.32
7.04
7.04
9.84
9.82
7.25
9.5
8.77
8.77
7.56
10.02
9.46
8.8
8.74
8.74
7.46
8.81
8.72
10.99
7.94
7.94
7.67
10.93
7.26
9.02
9.02
8.31
10.66
9.97
9.14
9.14
9.06
8.39
9.15
7.84
10.66
10.66
9.2
8.08
8.86
8.18
32.16
32.16
14.86
-0.68
0.14
4.52
18.07
18.07
-11.16
2.14
1.95
-22.22
-22.22
-19.63
12.95
-25.58
9.87
9.87
-10.92
0.42
3.84
22.78
22.78
3.6
14.34
8
5.37
10.34
10.34
12.17
7.9
11.27
10.96
10.96
10.56
6.44
12.51
4.13
4.13
12.33
7.77
10.4
15.53
9.99
9.99
9.78
8.46
6.5
10.28
8.66
8.66
10.06
8.78
9.6
9.48
8.66
8.66
9.93
10.78
9.56
7.06
9.35
9.35
6.34
10.72
9.21
8.12
8.6
8.6
9.21
10.15
7.11
8.73
8.56
8.56
9.07
9.74
8.32
9.89
8.03
8.03
8.52
9.41
8.35
9.92
10.36
10.36
7.33
9.27
9.02
9.42
9.3
9.3
8.52
8.72
8.2
12.12
28.67
28.67
8.82
-9.53
1.18
29.97
8.48
8.48
19.86
-0.57
8.5
11.32
-8.31
-8.31
-12.91
19.19
-3.84
5.72
34.81
34.81
-17.11
16.1
10.48
12.17
12.17
11.67
8.35
7.76
11.36
11.16
11.16
9.17
9.5
7.51
10.36
11.48
11.48
13.92
6.15
7.48
11.4
7.74
7.74
7.39
7.32
18.22
8.75
9.34
9.34
5.48
10.08
10.35
7.03
8.24
8.24
7.92
11.22
8.46
10.54
9.84
9.84
9.27
9.77
8.19
8.58
8.36
8.36
9.66
9.26
7.89
10.18
10.18
9.19
11.36
8.25
8.99
9.79
9.79
9.85
9.26
8.34
9.54
9.54
8.28
8.5
9.61
8.64
8.64
8.92
7.86
11.28
8.96
8.96
8.71
7.18
9.64
7.22
-1.53
-1.53
24.96
5.82
5.43
7.08
7.08
19.46
1.25
-22.06
23.79
8.42
8.42
8.7
-4.85
21.96
22.07
-22.12
-22.12
20.5
-5.96
20.22
8.6
6.95
6.95
9.85
8.32
11.45
5.17
9.39
9.39
9.19
9.76
7.83
14.17
4.01
14.25
10.24
4.51
12.28
5.4
5.4
9.29
16.62
10.93
2.49
8.84
8.84
6.91
10.32
7.62
10.07
7.89
7.89
9.33
8.93
10.09
7.68
9.36
9.36
10.79
7.69
9.93
8.97
10.48
10.48
7.49
9.66
8.86
8.71
9.84
9.84
7.76
8.64
9.54
8.8
8.18
8.18
8.56
9.1
8.33
10.53
10.21
10.21
9.06
8.25
9.79
9.48
7.59
7.59
9.41
11.07
9.23
9.89
6.96
7.5
21.46
25.39
-7.96
2.36
2.36
7.16
5.36
4.96
2.46
2.08
2.08
15.92
-15.44
8.67
15.33
-21.52
-21.52
-0.97
-0.2
35.82
9.91
14.56
14.56
-8.91
21.12
10.19
16.31
8.91
8.91
5.12
10.94
9.3
9.89
8.75
8.75
8.25
8.18
11.37
8.11
4.14
4.14
13.22
3.71
4.36
12.08
8.7
8.7
15.09
7.04
7.89
8.81
6.77
6.77
7.91
9.26
9.42
8.86
9.99
9.99
9.94
10.73
9.3
9.24
8.99
9.3
9.3
7.07
10.66
8.85
8.69
7.69
7.69
9.22
8.93
8.04
7.44
9.83
10.11
10.51
9.15
7.41
7.41
11.16
8.97
9.89
8.28
9.43
8.84
8.61
8.61
9.62
9.32
7.69
10.89
10.89
9.05
8.82
9.04
7.19
8.47
8.47
25.01
6.72
5.85
1.8
7.17
3.12
-4.53
26.53
21.72
21.72
-30.95
33.26
-29.73
8.52
26.46
-33.14
-33.14
32.88
-9.42
18.66
-4.57
16.06
16.06
4.41
8.51
9.92
7.72
5.58
5.58
11.81
5.88
10.95
8.01
8.25
10.63
12.16
6.14
8.24
9.98
9.98
7.09
9.79
7.58
7.42
10.41
10.41
9.07
11.88
7.86
7.2
10.4
7.7
7.7
10.3
8.71
8.5
8.61
8.61
8.82
9.5
8.33
10.71
7.49
9.8
9.8
6.79
10.63
8.55
7.71
9.24
7.52
10.24
10.24
9.73
9.64
9.08
9.08
7.52
11.19
9.01
10.35
7.94
8.98
9.19
8.15
8.15
10.55
8.59
7.96
9.5
6.99
8.43
10.07
10.07
9.13
7.13
14.14
33.59
33.59
11.51
1.87
19.84
-9.81
7.14
7.14
-5.81
19.54
4.45
11.2
4.72
-12.94
31.38
-30
21.9
-1.04
15.46
21.91
3.68
0.72
17.48
17.48
8.33
10.66
8.22
6.56
9.97
6.13
13.01
7.36
8.43
10.44
10.44
9.92
10.86
6.51
8.94
8.6
8.03
9.62
15.27
5.5
12.44
12.44
6.33
6.61
11.97
8.84
12.52
6.33
6.33
10.4
10.33
8.5
10.2
8.48
8.48
6.95
10.29
10.73
11.98
6.94
9.19
10.07
10.36
8.11
9.64
9.64
10.04
8.07
9.86
9.18
9.85
9.85
8.58
9.27
9
10.53
7.92
7.92
9.44
8.79
8.76
9.09
9.66
7.82
12.22
7.86
7.56
9.09
9.09
5.26
10.74
29.32
1.34
1.15
4.88
16.48
-4.4
14.26
0.16
0.16
-1.15
14.79
-30.75
31.07
3.55
3.55
9.5
18.92
-10.78
17.04
5.1
-10.2
22.62
-0.3
13.8
10.21
10.21
11.05
9.48
8.03
11.06
9.6
7.47
9.12
10.5
11.77
7.07
10.37
5.71
10.1
9.76
9.69
5.79
9.03
10.75
7.18
7.14
7.14
9.38
9.42
9.05
8.36
11.27
11.27
8.96
9.27
9.88
8.52
8.74
8.74
6.73
9.53
9.99
7.55
7.98
7.98
8.92
8.68
9.99
10.39
10.39
10.39
5.6
14.89
7.69
11.9
5.89
5.89
10.43
7.01
10.75
9.18
8.65
8.65
10.6
9.24
9.87
9.87
9.24
7.57
9.97
9.34
8.05
9.28
9.28
6.59
18.06
34.42
-16.48
8.21
1.12
0.45
4.57
-14.01
11.58
11.58
6.93
0.01
28.57
-6.16
7.17
7.17
16.27
-9.28
30.21
-19.42
22.18
22.18
1.29
3.5
17.09
8.37
9.16
9.16
9.39
9.38
6.57
11.71
4.67
4.67
0.98
12.53
5.3
10.73
8.03
8.03
12.35
5.38
11.59
5.43
4.1
4.1
16
11.24
9.54
7.01
10.89
10.89
8.12
10.45
8.28
8.21
7.58
7.58
8.98
10.22
7.43
8.36
9.15
9.15
9.62
7.39
8.27
8.07
11.28
11.28
12.45
8.57
10
9.04
8.42
8.42
12.13
8.09
8.85
5.96
11.37
11.37
9.03
8.62
6.72
8.87
11.51
11.51
7.55
8.77
8.52
9.75
10.86
8.6
8.61
7.66
7.45
5.91
16.9
16.9
14.51
-1.32
7.25
14.38
-1.06
21.15
-5.6
0
10.67
-9.24
-9.24
9.8
0.71
19.94
4.83
1.88
1.88
4.06
10.39
3.88
18.02
11.56
11.56
9.73
8.45
11.25
9
10.64
10.64
9.81
7.12
10.06
8.93
9.07
7.17
7.98
5.64
12.41
5.35
5.35
15.89
8.91
0.72
14.74
10.9
10.9
14.25
7.3
10.26
8.22
9.53
9.53
8.81
9.98
9.44
8.35
9.56
9.56
8.91
9.1
8.77
8.29
9.63
9.63
8.82
8.93
8.93
9.02
7.84
9.85
11.29
6.21
11.06
14.8
14.8
6.35
9.27
9.83
10.9
8.35
8.57
8.57
8.01
5.56
11.48
8.67
9.34
9.34
8.63
8.51
9.37
3.79
10.16
10.16
9.65
10.97
17.24
3.05
16.96
16.96
9.16
-13.58
24.28
3.35
-19.94
-1.95
-1.95
7.04
10.69
-6.36
32.32
9.42
9.42
-8.96
-4.12
15.09
9.43
32.3
32.3
29
-9.99
22.43
6.18
10.19
10.19
4.33
18.14
2.42
3.84
14.03
8.66
9.99
6.4
5.62
5.62
9.97
11.45
11.7
6.15
0
18.3
7.07
7.21
6.63
11.44
11.44
8.45
9.67
9.36
8.99
8.89
8.89
9.17
7.71
9.17
9.25
9.12
9.12
8.51
10.08
9.46
9.21
7.7
8.97
8.97
7.69
9.43
9.87
9.87
8.29
15.47
3.43
11.65
8.23
8.23
10.39
8.12
8.29
8.71
8.71
10.08
10.09
8.83
9.2
9.05
9.05
7.94
8.92
6.17
10.39
20.3
20.3
7.73
36.24
1.41
7.14
0.8
0.8
9
14.37
-12.84
5.71
4.16
4.16
-4.88
-10.05
15.96
4.38
-16.14
-16.14
24.54
13.69
24.24
10.08
-10.15
9.28
9.28
-5.17
15.5
10.67
3.57
3.57
2.62
15.99
5.63
8.51
7.35
8.59
8.59
8.65
8.06
8.77
10.17
10.17
4.86
2.64
9.02
-16.39
20.86
11.06
11.06
14.25
21.2
4.28
10.65
10.22
10.22
7.46
9.23
9.59
8.93
8.93
10.16
7.76
9.81
8.08
8.08
10.15
8.03
9.09
9.36
8.45
9.06
9.06
8.14
9.5
10.52
8.78
8.33
8.33
9.45
9.02
7.48
11.1
11.1
8.66
9.47
8.05
8.59
8.73
8.79
8.79
9.56
8.39
9.12
10.38
7.31
7.31
12.14
9.24
16.78
16.28
0.1
0.1
-2.62
24.13
-3.42
-2.99
8.84
8.84
-7.38
30.39
30.8
-4.29
-17.9
-17.9
-11.91
15.95
6.24
14.54
20.4
20.4
-16.2
30.36
-0.73
-7.57
14.19
14.19
24.73
-8.15
5.63
12.33
9.78
9.78
10.14
9.26
8.6
7.56
6.85
6.85
10.24
8.42
8.59
-2.24
21.26
21.26
6.93
10.13
0.1
0.1
10.21
18.37
4.42
13.35
5.58
9.94
9.94
11.38
8.04
8.37
8.77
9.39
9.39
9.02
9.5
8.87
8.72
8.72
8.95
8.43
10.47
7.59
10.02
10.02
8.9
9.1
9.82
13.15
5.55
5.55
10.62
8.99
7.99
10.97
7.13
7.13
9.95
9.28
6.6
13.01
11.01
7.72
7.72
8.83
8.91
8.16
8.16
8.36
9.87
10.53
29.86
-5.73
-5.73
36.09
-9
-4.86
27.89
2.8
2.8
11
-2.64
13.57
8.22
-3.31
7.21
2.54
-4.88
26.55
-11.83
-11.83
13.01
20.88
-11.9
13.71
-0.52
-0.52
14.76
4.95
6.92
5.31
8.67
8.84
8.84
11.22
5.11
5.11
10.52
7.11
5.41
-3.21
16.46
-4.98
-4.98
9.08
5.6
9.55
4.6
29.91
29.91
-1.12
9.68
5.65
8.12
13.42
7.21
7.21
11.81
7.92
8.37
10.26
7.28
10.15
9.03
9.49
9.44
8.02
8.02
10.26
8.49
8.34
9.49
8.54
8.54
9.9
8.8
9.62
11.65
6.47
6.47
10.81
8.38
9.26
8.28
8.28
8.28
11.39
11.41
6.92
11.18
7.39
7.39
11.65
7.17
9.49
13.33
9.45
9.45
24.15
10.09
-7.92
12.17
18.31
18.31
16.59
10.64
9.12
-15.73
2.3
2.3
11.56
-25.69
31.04
20.83
9.38
9.38
-6.85
21.05
0.16
24.68
20.25
20.25
-7.82
6.28
15.61
5.92
7.87
3.29
14.12
7.41
11.03
11.03
9.65
11.3
7.2
10.86
4
2.54
2.54
1.38
-1.13
11.63
9.36
18.63
18.63
8.07
13.77
7.55
10.38
8.87
8.87
8.61
8.59
7
8.45
9.83
9.83
9.69
8.78
8.72
9.89
8.15
9.93
8.57
9.35
8.78
8.91
8.91
9.02
8.03
8.7
8.54
11.06
11.06
5.21
5.28
9.23
10.4
9.31
9.31
9.54
7.78
9.64
8.51
9.19
9.19
9.74
8.02
9.99
6.56
10.78
7.06
3.58
16.03
8.42
28.94
9.23
11.1
11.1
15.44
9.82
-7.29
-7.29
28.98
-26.34
16.5
-9.33
5.84
-7.09
-7.79
0.56
6.63
-5.92
-5.92
15.66
18.47
5.14
-5.92
25.22
25.22
6.63
7.59
7.51
9.08
6.02
6.02
15.12
14.14
7.16
10.5
9.4
9.4
7.18
6.7
10.28
6.21
5.11
21.29
1.83
11.85
12.33
6.55
6.55
14.63
9.29
11.26
6.34
8.14
8.14
8.82
8.68
10.14
8.24
9.08
9.05
9.05
9.01
8.16
9.22
8.63
9.2
9.2
8.45
9.09
8.95
8.06
7.68
9.95
9.27
5.12
10
10.45
10.45
6.81
8.72
8.37
9.24
9.61
8.51
7.99
9.14
9.75
8.77
8.77
8.72
8.92
9.2
8.74
9.01
8.64
8.82
8.89
9.14
8.78
8.88
8.85
8.8
8.48
9.03
8.8
9.19
9.02
9.15
9.07
9.07
8.75
7.85
10.61
7.98
9.73
9.73
8.14
9.84
8.95
9.7
8.75
8.81
9.5
9.72
8.52
9.31
9.31
8.82
9.31
8.87
8.75
9.03
8.99
8.9
8.98
8.9
9.04
9.05
9
9.07
8.98
9.05
9.05
9.11
8.98
9.14
9.04
8.84
8.92
9.09
9.13
9.24
9.03
8.81
9.19
8.93
9.07
9.1
8.83
8.95
8.9
9.23
9.04
9.21
9.01
8.93
9
8.96
9.12
9.03
9.14
8.88
9.13
9.14
9.13
9.15
8.86
9.07
8.99
9.01
9.17
9.04
9.07
8.98
9.05
8.82
9.16
9.04
8.99
9.08
8.99
9.08
9.07
9.12
9.09
8.89
9.19
8.89
9.22
8.93
9.26
8.93
8.92
9.19
9
9.21
8.87
9.12
9
9.01
9.55
8.31
9.18
8.59
9.34
8.71
9.33
9.03
8.81
8.97
8.9
9.27
8.98
9.2
8.94
8.99
9.15
9.03
9.12
8.95
9.16
8.91
9.06
9.08
9.05
9.08
8.98
9
9.02
9.01
9.05
9.02
9.08
8.94
9.09
8.96
9.1
8.98
9.01
9.02
9.01
9.09
9.01
9.03
9.05
9.04
9.03
9.11
9.27
8.23
9
8.63
9.44
8.85
9.2
8.93
8.98
9.2
8.92
9.25
8.84
9.04
8.94
9.09
9.03
9.12
8.96
9.09
9.05
9.09
9.09
8.91
9.13
8.94
9.14
9.02
9.01
9.01
8.95
9.18
9.01
9.12
8.97
8.97
8.97
8.96
9.11
9.03
9.07
9.04
9.02
9.01
9.07
9.03
8.99
9.01
9.02
9.1
9.01
8.99
9.05
9.05
9.06
9.04
9.06
9.06
9.06
9.06
8.99
9.02
9.05
9.05
9.06
9.05
9.06
9.04
9.04
9.05
9.07
9.02
9.06
9.04
9.04
9.08
8.99
9.05
9.05
9.08
9.01
9.02
9.04
9.05
9.03
9.07
9.01
9.07
9.07
9.04
9.05
9.13
8.93
9.03
9.1
9.03
9.05
8.95
8.95
8.97
9.08
9.02
8.94
8.94
8.96
9.09
8.99
9.1
9.1
9.04
8.96
9.07
9.09
8.97
9.07
8.96
9
9.1
9.1
9.09
9.01
9.08
9
9.04
9.04
8.99
9.07
9.03
9.03
9.01
9.04
9.05
9.06
9.01
9.05
9.01
9.08
9.03
9.03
9.03
9.05
9.06
9.03
9.07
9.04
9.06
9.05
9.02
9.02
9.04
8.99
9.09
9.01
9.01
9.05
9.06
9.03
9.03
9.03
8.99
9.08
9.04
9.02
9.04
9.02
9.06
9.03
9.03
9.03
9.03
9.08
9.07
8.92
9.11
8.99
9.1
8.98
9.05
9.05
9.03
9.12
9.04
9.07
8.99
9.08
8.99
9.05
9.5
9.5
7.49
9.89
9.37
9.49
8.66
9.2
8.94
8.75
9.28
9.28
9.2
9.9
9.9
8.97
8.97
9.53
8.74
8.94
8.75
8.75
8.81
9.66
9.09
8.37
8.37
9.32
10.03
10.03
8.64
8.64
8.86
9.43
8.25
9.32
9.32
10.18
9.27
9.53
7.85
7.85
8.54
11.42
7.81
7.32
7.32
8.87
9.54
9.27
8.77
8.77
7.83
7.3
10.46
9.14
10.99
5.94
8.03
8.6
9.71
8.08
8.1
9.5
8.7
8.26
8.8
9.44
8.88
7.69
9.56
8.31
8.31
8.59
8.71
7.4
8.37
9.94
25.73
2.36
4.69
16.69
-10.28
-0.82
5.47
-13.39
9.62
9.62
-1.88
-26.78
36.1
10.16
10.16
-8.76
17.44
1.4
4.47
15.67
6.34
9.44
9.29
7.47
9.73
9.73
7.95
8.61
8.5
9.61
13.82
3.46
3.46
9.28
10.38
4.76
11.55
5.7
5.7
10.3
4.97
2.22
13.15
19.7
0.96
6.98
5.9
10.89
10.89
7.29
9.54
9.02
8.27
9.84
9.04
9.04
8.4
9.59
8.43
9.68
8.62
8.62
9.19
9.03
8.12
8.12
10.09
10.67
10.52
7.15
11.32
12.99
6.87
7.37
7.27
8.41
8.41
9.88
9.08
11.47
7.86
9.39
9.21
9.21
7.07
10.53
8.91
9.2
9.73
9.73
9.7
7.76
25.43
33.31
-13.5
-13.5
4.72
-2.43
20.59
-21.59
14.24
14.24
22.62
-3.81
-19.54
28.08
-7.72
9.01
26.96
28.75
10.3
10.3
33.97
-5.88
-6.27
19.43
3.87
9.95
9.95
4.71
11.19
9.52
6.03
8.26
8.26
12.01
4.14
8.38
7.9
11.03
11.03
8.33
8.03
11.75
7.11
7.32
7.32
13.18
9.77
6.88
4.93
6.7
6.7
9.37
9.01
11.09
6.88
9.98
9.98
9.5
6.9
9.64
9.22
8.91
8.91
9.4
10.37
8.78
8.49
8.79
8.61
9.82
8.82
10.33
6.82
6.82
10.3
7.94
9.49
8.89
9.27
9.27
8.5
9.35
9.16
8.78
8.63
8.59
8.59
10.14
10.05
8.52
9.25
9.25
8.55
12.31
8.39
9.05
6.06
6.06
8.33
17.96
28.23
13.56
9.5
9.5
9.01
-12.46
5.43
19.81
-15.84
-15.84
29.88
5.13
1.52
-5.02
3.38
3.38
5.89
-21.23
39.22
-9.76
3.16
1.92
1.92
10.59
3.91
11.82
9.71
9.71
7.12
8.44
11.17
8.03
9.56
9.83
10.26
9.79
7.82
9.5
9.5
9.04
7.61
8.24
10.44
3.61
14.83
14.83
18.55
6.37
9.84
10.43
7.24
7.24
9.33
7.8
10.47
9.16
11.39
7.68
10.86
8.38
7.96
9.88
8.49
9.71
9.45
8.06
9.08
9.08
7.24
8.59
10.9
8.62
10.3
8.48
8.49
8.7
9.01
9.17
9.17
9.13
8.44
9.98
8.02
9.14
9.14
8.73
9.99
8.37
9.33
9.33
10.14
7.86
9.37
7.22
9.45
11.33
19.01
3.31
-0.15
13.93
13.93
10.81
15.95
-23.56
29.35
10.46
-21.43
11.81
-19.57
10.21
29.81
-15.96
1.33
13.75
13.75
7.6
-5.62
8.58
10.92
6.79
10.86
11.14
6.25
8.85
8.85
8.71
9.56
9.83
11.49
10.41
8.83
8.49
7.8
9.34
6.76
10.16
9.41
9.41
10.82
14.24
7.24
9.74
6.15
7.71
10.21
10.26
8.84
9.83
8.62
8.82
9.86
8.22
9.54
8.52
8.87
9.54
10.17
8.68
8.37
10.19
9.46
10.83
7.35
9.42
7.44
8.04
11.91
7.54
11.53
7.49
9.39
8.26
8.96
9.76
9.39
9.05
9.15
8.03
9.37
9.03
9.43
8.72
8.07
28.3
20.22
5.43
-0.48
26.24
-23.65
10.24
-10.16
21.02
8.81
9.55
14.03
-3.86
-2.13
10.44
10
9.39
22.66
-18.72
8.83
-1.69
15.01
6.45
12.43
7.74
6.84
8.05
8.35
9.96
10.09
9.01
9.04
9.76
6.59
8.33
8.65
8.34
9.76
6.94
10.68
14.06
4.07
11.53
7.02
7.96
6.99
11.45
7.08
11.11
7.79
8.78
9.94
9
7.99
9.29
9.67
8.82
9.85
8.39
9.06
8.1
7.57
12.09
11.16
8.75
9.47
9.67
9.58
10.7
7.08
9.89
8.18
10.2
8.02
9.89
10.01
8.59
8.24
8.77
11.19
7.66
8.48
10.13
8.58
6.31
30.12
2.2
0.82
21.33
-0.73
2.18
5.14
13.29
3.94
-18.16
15.33
4.68
8.78
31.79
-19.43
10.89
-6.58
15.1
-8.51
3.7
8.17
6.57
10.39
9.11
4.56
11.28
9.71
8.55
10.54
9.39
9.2
9.33
8.25
6.88
11.97
15.71
2.23
12.53
8.06
13.31
5.9
8.75
6.22
7.92
8.57
9.52
8.95
8.32
10.76
8.37
8.28
10.03
8.93
9.66
8.73
10.4
7.62
10.48
7.15
10.01
9.5
12.71
8.23
8.06
11.45
8.56
11.34
5.88
10.55
8.49
9.74
8.83
10.3
8.08
9.46
9.37
8.09
9.47
8.17
10.22
7.89
9.19
9.49
6.22
22.95
10.45
5.56
15.64
8.36
-2.46
7.28
12.95
12.95
14.03
-15.93
-9.33
24.11
-19.68
19.55
-8.87
28.91
-17.31
10.85
3.15
12.56
6.29
9.04
9.07
6.51
8.83
6.14
11.18
8.75
9.09
10.87
6.91
10.12
6.02
10.86
7.02
10.63
12.16
7.59
18.55
5.01
12.08
2.77
7.58
8.09
8.45
8.45
10.56
6.61
11.14
9.47
9.33
8.39
8.47
9.67
8.3
8.53
9.74
8.85
8.94
8.53
8.95
8.78
8.48
10.69
7.93
7.93
9.39
9.33
8
9.89
9.89
8.85
8.67
9.05
8.92
8.92
8.92
9.52
8.4
9.79
9.79
9.43
5.5
28.29
7.73
11.74
10.59
10.59
1.8
-12.62
-12.62
15.31
-20.11
26.95
-1.18
-1.18
-2.37
26.68
3.73
12.19
13.65
13.65
-3.49
6.91
11.15
10.57
10.57
10.59
11.04
8.14
7.67
7.67
9.5
9.5
10.71
9.24
9.24
8.92
8.03
10.32
5.29
5.29
11.46
16.61
7.96
8.36
8.36
8.17
7.81
9.02
8.77
8.77
7.87
9.97
9.39
8.85
8.85
8.87
8.63
9.63
8.72
8.72
9.34
8.8
8.42
8.73
8.35
8.45
10.76
8.75
10.82
8.99
8.99
8.03
8.92
10.16
8.54
9.02
9.74
9.05
8.87
8.89
8.89
7.75
9.57
9.5
8.78
8.49
8.49
6.72
21.68
9.24
5.82
-0.21
5.73
1.5
-0.56
22.28
22.28
-8.67
7.77
-10.27
22.99
-17.16
31.25
31.25
39.22
27.2
-15.13
13.07
13.07
0.07
8
10.46
11.94
6.45
9.92
9.92
8.62
9.6
9.32
8.77
9.8
10.01
9.16
9.73
7.58
7.58
5.56
7.87
9.93
7.5
9.05
9.05
12.03
10.52
8.28
5.03
8.64
8.64
9.38
9.33
9.55
9.45
9.88
9.88
8.78
9.01
8.94
8.88
9.53
7.74
7.74
9.01
8.69
9.81
7.84
7.84
9.61
8.85
8.58
10.62
9.26
9.26
10.9
9.16
7.01
8.97
8.14
8.14
8.43
9.16
10.02
7.99
9.73
9.31
9.31
9.1
8.51
9.36
7.85
8.23
9.06
8.5
9.07
14.11
14.11
21.51
28.31
-10.73
7.93
-3.31
21.03
21.03
-0.66
18.75
1.36
10.52
-13.51
11.76
1.8
-3.89
24.27
24.27
-3.33
5.09
14.95
-14.88
13.69
16.73
16.73
3.69
14.68
10.06
5.84
9.61
9.61
11.15
5.65
10.69
9.74
8.7
8.7
11.82
8.5
9.65
8.71
8.98
9.99
9.02
5.42
5.42
16.55
3.92
12.24
7.15
5.91
8.47
8.12
8.12
9.6
9.73
8.28
10.02
9.48
9.48
8.85
9.64
8.5
8.7
9.72
8.25
8.96
10.12
9.5
8.98
8.98
7.64
9.27
7.88
10.3
9.92
9.92
11.23
7.56
9.06
9.5
8.63
8.63
10.13
7.14
10.56
9.35
8.83
10.76
7.08
6.54
12.21
8.55
8.37
8.76
8.76
8.75
10.74
23.6
-14.27
-6.9
33.53
8.83
28.36
-3.46
-5.29
2.93
-5.08
2.28
2.28
23.88
-13.99
15.91
26.58
28.04
-14.85
-14.85
5.31
11.7
11.93
10.2
8.64
9.5
9.5
5.93
13.8
7.08
10.63
7.27
10.4
9.86
9.97
6.96
6.96
11.6
8.04
5.77
10.87
8.37
6.56
10.77
9.94
11
11
9.38
6.65
8.82
10.34
8.37
11.43
8.77
8.15
10.04
8.99
9.61
9.61
7.81
8.93
8.77
8.89
7.7
9.79
9.12
7.46
10.15
7.97
8.91
10.16
9.21
8.96
8.24
9.91
9.5
8.92
8.84
8.84
8.84
8.85
9.04
8.87
8.77
9.42
8.56
10.51
7.8
9.09
9.5
7.89
31.18
21.76
7.68
6.22
7.96
-5.05
15.84
12.7
4.08
18.4
-10.7
-5.37
-6.16
12.98
17.41
2.09
27.95
4.77
-10.67
15.98
12.03
2.22
14.35
6.87
7.14
8.86
8.43
6.83
11.73
8.23
9.42
8.5
11.2
10.77
4.25
11.32
7.53
9.89
8.9
14.43
10.53
12.97
4.21
7.76
9.9
10.29
8.35
8.91
8.35
7.96
10.3
9.41
9.04
8.22
8.99
9.07
8.4
9.15
9.87
8.15
8.34
8.03
9.55
7.9
9.99
9.39
8.3
7.65
10.42
8.19
9.22
9.32
8.43
9.67
7.83
8.66
8.84
9.61
7.57
11.34
8.9
8.87
11.58
6.24
8.82
27.92
-14.99
-6.5
30.41
-10.1
2.67
9.6
2.94
4.49
-18.71
23.66
-5.09
5.85
33.39
-24.39
15.82
-18.66
7.83
17.72
-4.86
8.17
8.73
9.17
7.94
11.36
7.02
10.83
9.59
8.82
9.92
11.29
9.81
9.66
9.71
3.73
5.64
9.97
7.56
7.57
18.43
3.77
10
6.76
10.86
7.43
9.07
9.62
7.54
10.76
8.56
9.26
9.43
9.57
8.65
9.35
8.99
9.22
8
10.55
6.92
10.13
12.79
7.08
10.24
9.74
9.39
7.97
9.87
7.8
10.1
9.16
8.36
9.68
8.4
9.88
8.83
8.17
9.89
7.75
9.52
8.02
9.12
9.26
20.74
25.57
-4.51
15.08
4.01
-7.83
16.75
-11.01
0.66
15.35
-7.22
8.1
3.42
-12.33
21.34
23.1
-5.41
25.23
-7.19
15.82
15.82
10.18
-0.45
12.79
5.99
6.34
8.75
10.38
6.82
10.29
9.83
9.88
8.13
10.46
9.44
2.17
2.17
15
5.99
11.21
9.33
9.33
11.4
13.57
9.93
11.68
4.61
6.65
6.94
9.36
9.52
8.22
9.26
9.26
9.84
8.92
9.73
9.15
8.27
9.23
8.97
8.98
9.43
8.82
8.82
7.45
7.89
11.31
7.7
8.79
8.79
9.53
9.24
7.77
8.66
9.12
8.76
9.21
10.07
8.03
9.7
9.34
9.03
8.21
10.32
12.15
12.15
8.48
8.37
8.19
26.82
26.82
23.53
18.27
8.13
11.97
3.08
-5.99
-5.99
26.89
-6.44
8.48
8.48
-23.45
19.33
4.34
10.44
-5.54
-5.54
31.51
31.08
10.25
6.74
3.89
3.89
9.71
10.49
6.72
7.39
9.32
9.32
9.44
9.06
8.96
8.95
8.43
8.43
8.75
8.86
9.62
8.68
9.27
9.27
10.78
8.47
9.64
8.45
9.58
9.58
7.65
9.74
8.37
9.14
9.64
9.64
7.62
9.81
9.29
9.29
6.46
7.59
9.01
9.82
9.51
9.51
8.92
9.01
8.93
9.64
10.05
10.05
7.02
8.39
9.72
8.55
8.55
8.75
9.2
9.09
8.48
8.48
9.25
8.73
9.27
8.55
8.55
8.66
9.53
8.77
8.98
8.98
9.43
8.5
8.84
9.06
9.15
8.98
8.95
8.61
9.45
9.45
9.13
8.86
9.03
9.17
9.3
8.77
9.1
9.12
9.29
9.29
9.15
9.16
9.22
9.06
9.06
9.06
8.94
9.16
9.15
9.15
9.34
8.91
8.86
8.93
8.93
9.1
9.3
9.15
9.19
9.19
8.65
8.82
9.06
9.19
9.19
9.16
8.93
9.05
9.22
9.22
9.05
9.07
8.99
9.06
9.06
8.88
9.29
8.89
8.96
8.96
8.89
9.12
9.04
9.15
9.15
8.96
9.17
8.95
9.1
9.1
9.05
9.02
9.06
9.06
9.06
9.03
9.08
9
9.05
9.05
8.99
9.05
8.98
9.02
9.09
9.02
9.08
9.05
8.96
8.96
8.98
9.13
8.99
9.07
9.07
9.09
9.02
9.05
9.01
9.01
9.07
8.97
9.16
9
9
9.07
8.98
9.02
8.91
8.91
9.04
8.96
8.96
8.99
8.99
8.99
9.2
8.93
9.01
9.01
9.02
9.14
8.96
9.08
9.08
8.99
9.07
8.98
9.08
9.08
9.01
8.97
9.07
9.08
9.08
9.11
9
8.96
9.02
9.02
9.1
8.99
9.13
8.99
8.99
9.02
9.06
9.07
8.98
8.98
9.1
9.12
9.02
8.97
8.97
9.09
9.1
9.09
8.98
8.98
9.08
9.12
9.16
9.05
8.98
9.09
8.94
9.2
8.95
9.08
9.08
8.99
9.06
8.97
9.02
9.02
9.1
8.96
9.01
8.94
8.92
9.57
9.35
8.9
8.7
9.37
9.37
8.82
9.6
8.82
9.31
9.31
9.01
9.12
8.72
9.11
9.06
9.35
7.52
9.66
10.08
9.15
9.15
8.87
8.62
7.29
9.08
9.58
9.05
9.5
9.76
9.23
10.38
10.38
9.18
8.55
8.02
8.54
8.36
10.65
10.65
9.14
8.65
9.07
9.33
8.89
8.89
8.71
8.44
9.81
8.38
9.99
9.99
11.22
9.22
7.48
8.36
10.25
10.25
4.96
9.13
8.7
11.37
12.43
12.43
8.02
6.95
7.12
8.92
12.06
12.06
10.21
6.94
10.76
8.48
9.7
9.7
7.06
10.83
9.59
9.32
9.36
9.36
6.84
9.09
9.24
9.26
8.54
8.54
11.05
28.93
20
2.48
21.53
21.53
6.71
-1.49
18.15
-8.98
16.45
5.38
-29.88
29.33
3.81
-12.38
-12.38
-23.34
26.63
19.85
11.45
9
8.34
8.34
14.59
8.61
10.58
11.17
9.05
13.05
7.82
8.72
8.72
10.51
13.33
5.44
4.97
1.27
8.19
8.19
13.76
6.99
4.89
4.27
8.88
8.88
18.96
17.36
10
9.73
9.23
8.04
9.66
9.95
9.95
8.8
9.42
9.93
8.51
8.66
10.08
8.65
8.65
9.74
8.85
9.06
8.78
8.43
6.95
8.08
7.36
7.36
10.47
10.92
11.32
4.22
10.52
10.52
7.22
8.59
9.33
9.76
9.17
8.35
8.35
9.85
9.96
9.23
9.61
7.24
12.1
12.1
9.23
9.71
8.45
10.85
4.41
24.4
-6.04
13.36
13.36
11.17
-7.25
-3.33
18.11
2.64
25.32
-1.27
-1.27
-18.47
10.98
4.58
13.82
3.87
-2.81
17.76
17.76
5.99
-11.43
31.33
3.26
10.11
9.78
9.78
20.81
-0.26
6.65
17.91
1.4
12.38
12.38
7.36
12.5
12.22
10.52
7.83
7.83
9.05
10.06
5.34
3.49
-0.01
30.57
1.15
1.15
13.75
9.22
8.24
10.86
7.32
7.57
11.53
11.53
8.08
8.76
9.39
9.36
7.97
7.97
8.11
9.53
9.57
8.91
9.79
9.79
6.96
8.78
9.35
8.37
10.19
10.19
10.47
7.82
7.96
4.73
12.8
12.8
10.47
6.87
8.88
10.85
10.85
9.06
8.53
9.34
8.92
8.99
8.69
8.69
8.61
7.8
9.28
8.98
10.05
10.05
8.58
33.02
-16.56
-0.21
-13.95
-13.95
-2.67
25.98
-8.47
-5.52
-5.52
11.37
6.01
0.56
16.72
-0.48
-0.48
23.61
-14.12
12.78
15
11.04
8.56
15.59
6.6
7.48
12.31
12.31
3.15
29.09
-23.56
3.33
15.57
15.57
-2.22
16.22
8.82
9.03
6.22
6.22
5.43
9.33
12.4
4.12
-2.84
-2.84
14.78
22.25
9.35
5.8
9.05
9.05
9.05
8.36
9.1
8.48
8.93
8.93
8.65
7.91
9.34
8.22
7.68
7.68
9.58
8.59
10
7.02
8.04
8.04
9
8.5
8.37
7.42
10.62
10.62
9.12
10
7.44
8.95
9.18
9.18
9.42
9.19
10.22
9.49
7.19
7.19
12.51
8.49
8.69
7.57
9.87
9.33
9.32
9.07
9.77
8.99
8.99
18.13
29.64
9.56
-3.84
12.3
12.3
3.63
12.36
4.56
9.97
2.2
2.2
16.53
-14.99
-15.16
29.59
8.62
8.62
16.41
14.37
-13.16
2.67
-14.82
25.19
11.61
13.52
10.74
10.79
10.79
10.27
-2.69
23.2
-1.59
11.11
11.11
6.99
9.31
8.94
8.03
11.91
11.91
6.97
10.27
6.37
5.7
-3.59
-3.59
15.16
10.04
12.64
3.67
9.46
9.46
10.63
8.8
7.75
9.34
9.67
9.67
9.64
9.09
9.77
9.21
8.75
8.75
9.5
9.45
8.95
9.93
8.52
8.49
8.49
10.18
8.13
9.82
10.74
7.8
7.8
10.51
5.06
13
5.75
12.58
12.58
10.77
9.09
6.96
10.25
9.33
9.33
8.42
8.8
8.93
7.71
12.48
10.1
8.99
8.28
9.88
26.03
26.03
-18.54
4.55
21.49
27.24
-15.74
4.43
14.43
0.6
4.68
2.57
2.57
-13.1
7.62
-17.17
33.96
10.31
10.31
21.89
2.17
-10.21
26.84
-10.47
-10.47
17.93
17.93
12.2
26.67
-19.61
-19.61
1.08
1.08
5.5
10.19
9.92
13.69
13.69
6.99
15.71
5.37
5.37
8.47
8.47
0.84
6.06
24.04
15.1
6.73
6.73
12.2
6.43
9.81
8.82
8.58
8.58
8.99
8.36
9.5
11.34
8.24
8.24
8.37
9.74
8.78
9.5
10.75
10.75
8.39
8.12
9.37
9.26
7.88
7.88
12.28
11.11
6.31
11.29
4.69
4.69
6.88
9.03
10.88
7.24
9.27
9.27
7.83
9.29
10.28
9.27
8.46
8.46
7.5
7.35
8.6
8.92
8.5
8.5
11.84
28.09
27.89
-10.96
25.48
25.48
-3.44
-17.08
21.68
-4.85
27.78
27.78
-10.29
-9.57
21.33
4.89
4.89
18.78
-2.94
3.06
16.47
6.58
6.58
26.51
5.68
2.9
20.51
-1.86
-1.86
18.07
-19.92
27.01
0.8
5.55
5.55
8.43
14.47
0.53
9.33
7.1
7.1
7.22
10.85
10.33
9.6
2.12
2.12
-1.36
11.47
15.21
24.34
2.19
2.19
8.28
8.12
10.56
7.85
8.73
8.73
8.7
8.99
9.5
10.52
9.39
9.39
7.21
8.81
9.03
9.22
8.87
8.87
9.22
8.54
7.47
12.67
10.21
10.21
9.71
7.2
9.54
10.71
7.92
7.92
11.71
12.61
7.35
8.54
9.29
9.29
9.62
8.53
9.27
10.26
6.31
6.31
12.16
8.25
7.2
9.67
8.11
8.11
7.9
29.53
1.94
4.73
7.96
7.96
9.61
-4.2
8.81
-6.25
3.42
3.42
10.07
-30.25
27.86
-20.87
28.07
28.07
-4.33
-3.8
1.11
17.29
10.24
10.24
-8.36
35.31
-4.42
11.03
24.78
24.78
-25.4
24.6
6.2
-9.89
27.31
27.31
-0.72
5.79
6.9
8.17
9.34
9.34
7.77
8.12
7.71
6.24
4.9
4.9
-6.52
17.69
5.4
14.25
24.59
24.59
2.85
13.17
5.11
10.59
9.07
9.07
8.78
11.32
7.97
8.18
9.52
9.52
7.98
8.91
9.81
7.73
10.98
10.98
5.98
7.5
13.11
11.85
6.26
6.26
6.73
7.42
8.34
11.4
10.8
10.8
8.64
13.79
3.78
7.76
7.36
7.36
8.95
10.48
9.89
7.54
7.75
7.75
9.39
7.31
7.89
9.09
8.75
8.75
14.07
23.22
28.02
-2.35
21.6
21.6
8.43
10.88
7.73
6.75
10.79
10.79
15.66
-9.38
18.56
15.69
2.43
2.43
-1.18
28.31
14.26
19.13
-0.4
-0.4
20.14
19.54
2.83
12.57
24.84
24.84
16.21
-0.71
16.19
3.16
7.19
7.19
5.21
9.9
5.83
8.21
7.41
7.41
6.18
4.96
3.96
8.38
0.62
0.62
11.77
13.19
28.77
-0.23
4.79
4.79
10.3
10.1
6.23
7.5
8.14
8.14
9.27
9.39
10.19
8.06
10.43
10.43
11.02
8.97
11.05
4.63
8.53
8.53
4.62
10.58
9.27
10.7
5.55
5.55
12.17
9.46
9.06
9.5
5.19
5.19
9.86
9.38
6.71
9.04
8.04
8.04
9.57
8.82
9.44
11.7
8
8
7.46
8.75
7.02
10.05
11.01
11.01
15.21
-7.8
-3.52
30.73
-2.33
-2.33
9.14
10.14
-7.61
-5.01
-2.4
-2.4
11.52
29.02
-26.34
17.73
-24.95
-24.95
1.04
15.71
9.36
11.79
24.95
24.95
-0.59
21.17
2.68
-8.07
30.43
30.43
-5.04
-2.76
10.29
7.31
7.91
7.91
4.9
15.05
4.01
9.66
2.57
2.57
9.17
3.23
4.05
16.74
13.58
13.58
26.9
18.09
4.44
8.01
11.15
11.15
9
9.65
9.27
8.95
9.16
9.16
9.06
7.85
8.27
7.57
8.05
8.05
12.66
8.62
8.48
7.41
8.05
8.05
8.82
7.51
15.84
5.55
11.56
5.7
5.7
15.35
2.99
10.45
8.1
8.66
8.66
7.94
10.23
8.85
9.11
9.84
9.84
7.09
10
10.25
11.16
8.2
8.2
9.03
7.78
18.78
24.88
-0.17
-0.17
11.53
2.75
3.03
-8.44
19.44
19.44
4.57
4.02
-20.73
-6.02
2.19
-6.87
-0.7
-13.55
24.65
2.16
2.16
18.16
11.6
2.41
15.82
6.94
6.94
16.22
20.48
-3.06
15.89
6.91
6.91
1.4
10.35
7.44
9.71
4.17
7.81
5.21
2.47
4.54
7.86
7.86
6.77
14.85
32.17
25.87
17.46
17.46
8.63
9.68
9.04
8.88
7.73
8.95
8.95
8.86
8.44
8.94
9.27
9.27
6.95
12
8.83
9.91
8
8
8.07
5.32
10.34
9.08
9.94
8.33
8.33
10.65
7.82
8.93
8.8
8.8
10.76
7.87
8.32
8.17
7.28
8.03
8.03
11.51
10.34
7.81
9.3
8.78
8.43
9.93
8.7
8.78
8.8
8.8
9.05
9.2
10.28
8.98
9.01
9.01
9.39
9.36
9.11
9.07
9.88
9.88
8.56
8.94
9.39
9.52
8.1
8.1
10
8.65
8.64
9.72
8.38
9.21
8.51
9.53
8.62
9.96
7.85
9.92
8.6
9.14
9.06
8.89
9.5
9.67
8.8
8.95
8.88
8.72
9.1
9.15
8.9
9.34
8.83
8.93
8.54
9.32
9.04
9.25
9.45
8.59
9.44
8.86
9.16
9
8.96
8.74
9.11
9.11
8.91
9.16
8.9
9.07
9.13
9
9.19
8.98
9.05
8.95
9.03
9.14
9.03
9.11
8.95
9.03
8.76
9.21
9.16
8.82
9.13
8.83
9.04
9.29
9.13
9.17
8.76
9.16
8.88
9.14
9.05
9.05
9.16
8.94
9.12
8.97
9.14
9.05
8.93
9.05
8.95
9.03
8.8
9.28
8.99
8.89
9.08
8.94
9.12
9.05
9.09
9.03
8.97
9.08
9.02
9.07
9.05
9.1
9.04
9.01
9.07
8.98
9.09
9
9.08
8.99
9.09
9.05
9.02
9.06
9
9.02
8.98
9.08
9.06
9
9.02
9.07
9.01
9.08
9.06
9.1
8.92
9.18
8.99
9.13
8.93
9.06
9.07
8.95
9.12
9.07
9.05
8.97
9.16
9.03
9.15
8.96
9.04
9.05
8.98
9.12
9.01
9.11
8.99
9.03
8.99
9.09
9.06
9.01
9.05
9.07
8.99
9.02
8.9
9.1
9.05
9.04
9.11
9.03
8.95
9.07
8.96
9.11
9.05
9.1
9.04
8.96
9.12
9.01
9.05
9.06
9.02
9.05
8.99
9.08
9.03
9.06
8.99
9.05
9.08
9
9.02
9.1
9.08
9.05
8.94
9.1
8.94
9.09
9.03
9.09
9.08
8.97
9.06
8.95
9.16
8.92
9.1
9.02
9.07
9.06
8.95
8.99
8.97
9.08
8.98
9.05
9.1
8.95
9.06
8.95
9.14
9.05
9.06
9.07
9.02
9.08
9
9.07
9.07
9.08
9.04
9.03
9.06
9.12
8.93
9.11
9.07
9.12
9.02
8.98
9.13
9.01
9.09
9.06
9.17
8.98
8.96
9.12
8.95
9.09
9.05
8.99
9.04
9.01
9.1
9
9.08
9.03
9.01
9
9.05
9.06
9.02
9.07
9.07
8.97
9.12
9.01
8.99
8.99
9.05
9.03
8.98
9.16
9
9.17
8.93
9.05
9.08
9.08
9.09
8.98
9.06
9.08
9.08
9.07
9.07
9.05
9.16
9.16
8.99
9.06
9.03
9.08
9.08
9.03
9.04
9.04
9.07
9.07
9.06
9.06
9.06
9.11
9.11
8.97
9.04
9
9.08
9.08
9.04
9.03
9.05
9.05
9.05
9.01
8.96
9.05
8.95
8.95
9.06
9
9.06
8.96
8.96
9.07
9.08
8.99
9.07
9.05
9.05
9.04
9.05
9.07
9.07
9.01
9.13
9.04
9.09
8.96
9.04
9.01
9.04
9.05
9.05
9.04
9.05
9.02
9
9.09
9.04
9
8.98
9.03
9.03
8.98
9.09
9.02
8.96
9.2
9.04
9.09
8.99
9.01
9.01
9.04
9.02
9.04
9.07
9.03
9.02
9
9.05
9.06
9.06
9.05
9.01
9.06
9.01
9.05
9.06
9.02
9.07
9.05
9.05
9.02
9.1
9.06
9.03
9.06
9
9.07
9.05
9.05
9.05
9.05
9.04
9.03
9.06
9.05
9.04
9.05
9.03
9.07
9.07
9.05
9.01
9.03
9.02
9.07
9.05
9.01
9.02
9.05
9.05
9.03
9.01
9
9.09
9.09
9.09
9.02
9.05
9.09
9.09
9.05
9.03
9.01
9.06
9.05
9.01
9.05
9.02
9.07
9.07
9.03
8.99
9.06
9.01
9.07
9.06
9.01
9.01
9.04
9.04
9.01
9.06
9.01
9.04
9.06
9.05
9.04
9.07
9.04
9.04
9
9.01
8.95
9.07
9.07
9.1
9.25
8.89
8.96
8.96
9.12
9.19
8.92
9.35
9.16
9.16
8.99
9.22
8.98
9.19
9.19
8.88
9.26
8.47
9.69
9.69
8.18
8.61
8.38
8.6
8.6
7.15
11.71
9.83
8.73
8.73
5.86
8.75
7.01
9.07
10.09
10.09
20.58
17.06
7.38
9.16
-17.93
-17.93
34.72
-26.89
-0.88
-15.72
18.5
18.5
1.93
-14.91
-0.06
19.12
-2.99
-2.99
28.24
14.69
15.97
5.77
10.08
10.08
5.11
9.83
14.31
5.18
7.82
7.82
10.22
10.06
7.53
9.24
9.41
9.41
8.57
10.53
7.36
9.49
7.42
7.42
13.71
7.3
9.84
8.62
8.94
12.63
5.2
7.21
7.98
11.28
11.28
6.95
10.13
6.93
11.03
9.52
9.52
9.97
7.9
9.83
8.29
9.05
7.67
7.67
9.61
3.39
7.68
7.68
11.91
11.34
9.41
11.05
6.05
6.05
8.24
10.39
4.39
11.89
8.7
8.7
7.83
10.23
10.16
10.01
8.41
8.89
8.89
8.55
8.58
9.37
12.89
6.94
6.04
10.44
7.9
7.9
7.39
10.17
7.68
18.82
3.72
-2.19
-2.19
8.1
-15.43
18.66
2.02
-16.29
-16.29
21.23
-0.75
15.2
6.6
9.05
10.94
10.94
5.46
10.86
13.52
11.48
7.32
7.32
12.43
10.9
5.54
9.92
8.24
8.24
5.31
9.96
2.19
12.93
9.95
9.95
4.98
5.67
14.11
2.87
18.32
18.32
9.73
-1.23
14.27
6.18
13.39
13.39
13.8
2.16
14.7
10.49
8.58
8.58
9.18
8.82
8.92
9.08
8.64
8.64
8.73
8.75
8.84
8.86
7.45
7.45
9.66
7.19
14.25
-11.31
21.52
21.52
0.49
11.23
8.49
3.66
10.03
10.03
11.06
16.11
7.05
11.01
8.02
8.02
9.79
8.34
9.7
8.62
10.13
10.13
8.32
10.44
6.65
12.5
9.62
9.62
8.62
9.44
10.31
9.38
11.65
11.65
28.52
4.9
-22.13
14.57
0.45
0.45
-10.99
-0.68
8.21
-13.02
39.22
39.22
7.63
20.64
3.24
21
15.48
15.48
-2.26
4.27
13.91
11.96
9.5
9.5
9.84
7.96
7.91
13.13
4.36
4.36
14.22
10.99
8.19
8.79
6.21
6.21
15.93
3.09
19.5
7.34
7.03
7.03
-0.07
2.56
8.13
18.61
5.52
5.52
-0.99
11.08
7.44
10.45
10.46
10.46
8.99
8.57
9.1
9.14
7.43
7.43
10.69
7.87
9.07
9.07
14.26
14.26
6.98
6.69
19.04
15.44
8.45
8.45
6.84
5
9.88
-4.79
12.88
12.88
15.87
25.59
5.11
15.74
9.5
9.5
11.6
12.78
6.75
7
8.24
8.24
9.2
13.08
6.08
12.87
12.18
12.18
4.86
9.55
6.95
11.56
8.04
8.04
14.37
-1.89
8.99
-9.09
8.76
8.76
1.33
10.08
4.38
9.02
17.46
17.46
14.7
7.45
9.47
10.95
4.14
4.14
8.35
13.17
3.29
22.24
11.26
11.26
-5.21
10.73
4.81
5.49
8.15
8.15
8.4
9.43
8.38
10.17
7.69
7.69
13.97
7.11
-1.22
2.84
-1.63
-1.63
13.95
0.39
2.94
5.44
17.11
17.11
-6.51
9.69
11.1
10.24
7.81
7.81
8.39
8.42
10.73
8.85
9.81
8.4
8.4
9.64
23.19
13.55
-12.02
29.78
29.78
14.99
7.4
9.98
1.57
2.71
2.71
2.84
1.16
-8.68
2.05
4.01
4.01
14.29
-9.16
24.61
11.78
8.8
8.8
12.2
8.28
13.58
8.55
11.78
11.78
22.28
-6.76
3.16
1.97
14.1
14.1
13.79
25.13
9.18
-10.21
35.89
35.89
29.16
-6.56
-18.93
25.92
-8.64
-8.64
-16.1
28.86
24.49
12.75
-0.15
-0.15
12.95
8.91
0.77
15.84
-0.31
-0.31
14.03
4.83
14.83
17.5
3.49
3.49
12.07
13.99
7.99
13.19
3.75
3.75
17.87
11.07
6.83
12.08
5.62
5.62
7.19
4.29
11.4
7.35
4.31
4.31
17.66
0.49
0.1
12.58
8.47
8.47
13.31
10.97
11.77
10.06
9.82
9.82
10.56
7.39
8.86
10.31
10.46
10.46
11.98
8.23
16.4
7.91
9.63
9.63
16.46
10.52
-4.68
5.17
0.84
0.84
-2.49
-7.08
19.02
-6.3
15.23
15.23
6.22
6.81
2.73
4.67
2.24
2.24
15.55
6.33
10.8
14.44
6.44
6.44
7.76
8.96
9.04
8.81
11.7
11.7
7.16
11.77
8.52
4.15
11.83
11.83
7.69
9.21
9.22
6.29
9.08
9.08
8.59
10.4
6.25
11.22
7.52
7.52
10.7
7.86
9.95
9.43
10.21
10.21
9.22
9.31
8.65
8.77
8.84
8.84
9.55
6.22
11.61
6.1
9.48
9.48
9.86
7.67
10.06
9.83
5.94
5.94
12.17
8.33
10.77
6.13
10.3
10.3
11.83
7.93
9.21
9.49
8.7
8.7
9.52
10.49
8.28
8.7
9.76
8.29
8.29
8.28
10.32
7.42
9.54
8.56
8.56
8.93
9.3
8.81
9.44
8.98
8.93
9.5
8.13
9.91
8.72
9.09
8.73
9.31
8.75
8.97
8.97
9.16
9.03
8.81
9.08
9.5
8.34
8.67
8.96
9.28
9.03
8.43
9.96
8.02
9.96
8.48
9.18
9.09
9.06
8.98
9.15
8.83
9.02
9.02
9.1
9.22
9.46
8.97
9.01
9.35
9.34
9.34
9.02
8.87
8.93
8.99
9.3
8.84
9.16
8.97
9.05
9.01
8.98
9.07
9.09
9.01
9.09
9.09
8.98
9.07
8.98
9.12
9.05
9.1
8.99
9.03
9.12
9.06
9.04
8.98
9.08
9.03
9.06
9.04
9
9.1
9.04
9.04
9.1
8.93
9.06
9.12
8.93
9.14
9.05
9
9.1
9.02
9.09
9.04
9.08
8.99
9.01
8.99
9.05
9.05
9.05
9.06
9.03
9.07
9.04
9.03
9.07
9.06
9.02
9.1
9
9.06
9.08
9.05
9.07
9.04
9.05
9.04
9.04
9.07
9.02
9.05
9.04
9.04
9.04
9.07
9
9.09
9.09
9.06
9.02
9.05
9.03
9.03
9.04
9.08
9.01
9.02
9.02
9.08
9.03
9.06
9.04
9.04
9.03
8.97
9.04
9.1
9.1
9.09
9.04
9
9.03
9.03
9.12
8.97
9.1
8.93
8.93
9.08
9.08
9.09
8.99
8.99
9.05
9.01
9.08
9.05
9.05
9.08
9.04
9.09
9.05
9.05
8.97
9.04
8.96
9.09
9.09
9.04
9.03
8.98
9.06
9.06
9.06
9.07
9.01
9.09
9.09
9.01
9.05
9.07
9.01
9.01
9.03
9.05
9.04
9.01
9.01
9.04
9.03
9.07
9.02
9.02
9.05
9.03
9.09
8.99
8.99
9.01
9.03
9.09
9.03
9.03
9.04
9.05
9.08
9.01
9.07
9.04
9.04
9.04
9.07
9.07
9.07
9
9.05
8.96
9.1
9
9.03
8.99
9.14
9.14
9.03
8.98
9.07
9.11
9.11
9.23
8.88
9.03
8.87
8.87
8.99
9.04
9.02
9.06
9.06
9.02
9.03
9.05
9.06
9.06
8.97
9.03
9.09
9.09
9.09
8.96
9.12
9.08
9.06
9.06
9.09
9.03
9.06
9.04
9.04
9.01
9.06
9.05
9.12
9.12
9.11
8.98
9.03
9.05
9.05
9.05
9
9.12
9
9
9.05
8.98
9.12
8.99
8.99
9
9.06
9.05
9.07
9.07
8.99
9.05
8.99
9.08
9.08
9.05
9.04
9.04
9.03
9.03
9.13
8.95
9.03
9.05
9.05
9.06
9.09
9.03
9
9
8.99
9.1
8.98
9.04
9.04
9.06
8.97
9.07
8.97
8.97
9.02
9.04
9.05
9.05
9.05
9.04
9.06
9.04
9.09
9.09
9.06
9.05
9.04
9.04
9.04
9.05
9.06
9.02
9.06
9.06
9.02
9.04
9.08
9.05
9.05
9.06
9.05
9.01
9.09
9.09
9.01
9.02
9
9.08
9.08
9.01
9.06
9.05
9.03
9.03
9.07
9.06
9.03
9.05
9.05
9.03
8.99
9.03
9.1
9.1
9.04
9.07
9.04
9.04
9.04
9.04
9.04
9.06
9.03
9.03
9.05
9.08
9.04
9.02
9.02
9.08
9
9.05
9.07
9.08
9
9.08
9.04
9.07
9.05
9.05
9.03
9.08
9
9.04
9.04
9.05
9.02
9.03
9.05
9.05
9.05
9.02
9.04
9.01
9.06
9.08
9.02
9.07
9.02
9.03
9.03
8.96
9.08
9.05
9.02
9.02
9.13
8.99
9.02
8.99
9.05
9.05
9.06
9.12
9.12
9.02
8.98
8.95
9.02
9.09
8.97
9.02
9.04
9.04
9.09
9.08
9.07
9.07
9.01
9.05
9.04
9.06
9.07
9.08
9.06
8.94
9.1
9.03
9.03
9.05
9.05
9.04
9.11
8.98
9.04
9.08
9.06
9.05
9.02
9.05
9.05
9.01
9.11
9.04
9.05
9.05
8.99
9.05
8.99
9.09
9.03
9.03
8.96
8.98
9.04
9.09
9.04
9.06
9.05
9.02
9.05
9.04
9.04
9.02
9.05
9.06
9.03
9.05
9.04
9
9.11
8.99
9.06
9.06
9.01
9.03
9.06
9.07
9.03
9.08
9.04
9.04
9.04
9.09
8.98
8.98
9.08
9.02
9.04
9.01
9.05
9.06
9.03
9.06
9.06
9.07
9.01
9.07
8.97
9.14
9.14
8.99
9.08
8.95
9.15
9.02
9.07
9.02
9.01
9
9.06
9.07
9
9.05
9.02
9.07
9.07
9.05
9.11
8.99
9.07
9
9.06
9.07
9.01
9.06
9
9.05
9.05
9.05
9.05
9.05
9.03
9.06
9.01
9.04
9.04
9.05
9
9.07
9.02
9.05
9.05
9.07
9.07
9.01
9.05
9.04
9.09
9.02
9.04
9.05
9.02
9.09
9.04
9.06
9.02
9.05
9.05
9.01
9.12
9.02
8.97
9.05
8.95
9.08
9.01
9.13
8.98
9.04
9.02
9.05
9.09
9.01
9.04
9.01
9.09
9.06
9.08
9.05
9
9.09
9.02
9.07
9.01
9.05
9.02
9.04
9.04
9.08
9.05
9.05
9.04
9.1
9.01
9.05
9.04
9.04
9.05
9.06
9.07
9.07
9
9.06
9.05
9.06
9.03
9.02
