0.62
0.66
0.67
0.66
0.55
0.62
0.67
0.67
0.67
0.58
0.63
0.66
0.66
0.62
0.57
0.61
0.63
0.71
0.66
0.58
0.6
0.66
0.68
0.68
0.56
0.63
0.69
0.66
0.62
0.57
0.6
0.66
0.67
0.65
0.58
0.59
0.68
0.67
0.7
0.59
0.62
0.66
0.67
0.62
0.57
0.62
0.66
0.67
0.65
0.56
0.58
0.66
0.7
0.68
0.59
0.61
0.64
0.68
0.62
0.58
0.61
0.63
0.68
0.65
0.57
0.6
0.66
0.67
0.68
0.59
0.65
0.67
0.69
0.62
0.55
0.64
0.65
0.7
0.66
0.58
0.6
0.66
0.7
0.69
0.6
0.65
0.65
0.67
0.63
0.58
0.63
0.68
0.7
0.68
0.58
0.61
0.65
0.68
0.68
0.58
0.63
0.68
0.68
0.62
0.6
0.62
0.65
0.67
0.64
0.55
0.63
0.7
0.68
0.68
0.57
0.62
0.66
0.67
0.62
0.57
0.65
0.66
0.7
0.66
0.57
0.6
0.67
0.69
0.68
0.57
0.66
0.66
0.67
0.61
0.57
0.6
0.66
0.69
0.62
0.58
0.62
0.67
0.67
0.67
0.56
0.64
0.66
0.66
0.61
0.56
0.63
0.66
0.68
0.67
0.58
0.58
0.67
0.67
0.68
0.58
0.64
0.65
0.67
0.62
0.54
0.6
0.64
0.7
0.66
0.57
0.61
0.67
0.68
0.68
0.61
0.65
0.66
0.66
0.62
0.62
0.62
0.65
0.67
0.65
0.59
0.59
0.67
0.7
0.68
0.63
0.63
0.65
0.67
0.6
0.65
0.65
0.65
0.67
0.64
0.58
0.58
0.68
0.69
0.69
0.64
0.66
0.67
0.67
0.58
0.61
0.61
0.66
0.66
0.56
0.59
0.66
0.67
0.67
0.56
0.61
0.61
0.67
0.61
0.56
0.6
0.6
0.66
0.67
0.58
0.59
0.59
0.66
0.68
0.59
0.64
0.64
0.67
0.64
0.58
0.62
0.62
0.68
0.66
0.56
0.58
0.68
0.68
0.68
0.58
0.64
0.64
0.68
0.61
0.57
0.63
0.66
0.68
0.66
0.57
0.6
0.6
0.67
0.68
0.59
0.64
0.67
0.67
0.62
0.56
0.62
0.62
0.69
0.65
0.56
0.56
0.67
0.71
0.67
0.56
0.64
0.64
0.67
0.64
0.56
0.65
0.67
0.69
0.67
0.58
0.61
0.61
0.66
0.7
0.59
0.63
0.65
0.67
0.63
0.59
0.63
0.63
0.67
0.67
0.59
0.61
0.66
0.68
0.68
0.58
0.61
0.61
0.67
0.6
0.59
0.63
0.65
0.67
0.66
0.57
0.64
0.64
0.68
0.69
0.6
0.63
0.69
0.69
0.62
0.57
0.63
0.63
0.68
0.66
0.58
0.61
0.67
0.67
0.69
0.59
0.62
0.62
0.67
0.62
0.56
0.63
0.64
0.68
0.66
0.57
0.57
0.57
0.68
0.69
0.61
0.63
0.64
0.69
0.63
0.56
0.65
0.65
0.69
0.69
0.56
0.61
0.66
0.67
0.67
0.57
0.63
0.63
0.67
0.62
0.54
0.58
0.64
0.68
0.65
0.58
0.58
0.58
0.66
0.68
0.57
0.66
0.66
0.7
0.6
0.57
0.61
0.61
0.69
0.66
0.58
0.61
0.61
0.69
0.67
0.57
0.63
0.63
0.67
0.6
0.56
0.6
0.6
0.7
0.65
0.56
0.59
0.59
0.67
0.67
0.6
0.64
0.64
0.67
0.63
0.58
0.64
0.64
0.67
0.66
0.57
0.6
0.6
0.67
0.68
0.59
0.62
0.62
0.67
0.6
0.58
0.63
0.63
0.71
0.66
0.57
0.61
0.61
0.69
0.7
0.56
0.65
0.65
0.68
0.63
0.56
0.63
0.63
0.67
0.67
0.6
0.56
0.56
0.64
0.69
0.67
0.63
0.7
0.62
0.81
0.66
0.59
0.63
0.69
0.06
1.85
0.49
-0.15
1.04
-0.02
0.92
-0.33
1.42
1.42
0.21
0.58
0.78
0.06
0.68
1.35
0.84
1.06
0.19
0.48
0.48
0.05
0.58
0.93
0.14
-4.77
-4.77
5.7
-0.49
-3.1
3.45
3.92
3.92
2.91
2.67
3.91
-7.07
-1.36
-1.36
0.73
0.28
1.19
-0.64
-1.87
-1.28
-1.28
-0.73
-0.18
2.65
2.74
1.41
1.41
-0.99
0.88
-0.21
0.38
-0.24
-0.24
1.16
1.02
0.85
0.6
0.39
0.39
0.6
0.77
1.22
0.25
2.14
2.14
-1.34
0.89
0.73
0.03
-0.26
-0.26
0.63
2.02
0.33
0.41
1.3
1.3
0.87
0.85
0.21
0.97
0.29
0.29
0.65
1.04
0.56
0.98
0.75
0.75
0.73
1.02
0.45
1.07
1.11
1.11
2.34
3.5
-6.69
-4.45
5.83
5.83
-2.9
1.49
1.21
0.34
0.7
0.7
0.59
0.96
0.87
0.52
0.64
0.64
0.65
0.6
0.3
0.93
1
1
0.88
0.8
0.56
0.31
4.22
7.1
7.1
10.87
0.3
2.17
-3.42
0.94
3.41
2.58
-3.62
-3.62
-0.97
-2.05
-5.52
-1.27
-2.66
-5.86
-7.43
9.61
-1.77
0.88
0.88
2.99
3.15
-1.54
0.42
1.41
0.77
0.77
0.17
0.97
-1.11
1.48
0.52
0.21
-0.13
0.46
0.71
0.66
0.66
-0.77
-1.04
0.76
-7.33
5.88
-1.87
-1.87
5.8
-1.38
3.09
1.54
1.33
0.98
0.58
0.58
0.07
0.22
0.83
1.3
0.97
1.13
1.13
0.73
0.87
0.38
0.77
1.68
-0.05
-0.05
0.05
-1.91
-0.14
1.87
-1.16
2.52
0.09
0.77
0.77
0.99
0.39
0.56
1.18
0.56
0.37
0.37
0.43
0.39
0.68
0.45
1.57
0.94
0.98
1.49
6.79
6.79
8.55
7.8
4.99
2.91
4.84
-7.32
-7.32
1.93
-4.67
5.37
-2.86
-3.21
1.38
0.85
4.41
4.41
-2.13
-11.06
-2
-3.95
-8
9.28
-2.59
3.95
-1.32
-1.32
0.16
2.49
1.91
0.63
-0.93
-0.33
-0.26
-0.26
-0.06
2.24
0
2.67
2.04
0.67
0.67
0.71
-0.36
1.23
-3.34
-3.34
-1.86
0.9
0.48
0.33
0.69
0.69
1.24
0.42
0.99
0.44
0.54
0.54
0.63
0.34
0.71
0.96
0.84
0.47
0.8
1.12
0.78
0.78
1.24
-0.04
1.69
0.43
0.78
0.78
0.17
0.74
1
0.37
0.89
0.55
0.52
0.57
0.82
0.85
0.85
0.61
0.61
0.55
0.84
0.85
0.67
1.11
1.07
3.2
9.1
9.1
8.32
2.4
6.68
3.25
-7.42
-7.42
-0.51
-2.13
1.22
1.8
-6.38
-6.38
3.33
-6.24
-1.95
-1.78
-8.38
-8.38
-0.96
-4.02
-3.65
12.11
-2.75
4.36
3.11
-1
1.4
1.65
1.65
0.03
-0.35
0.57
-0.69
-1.42
2.28
2.82
-0.17
0.87
0.49
0.49
0.53
-0.49
-0.27
2.26
-1.19
-1.19
-6.44
9.66
1.47
2.18
0.67
0.67
0.88
0.49
1.29
-0.14
0.41
0.41
1.24
0.27
0.98
0.53
0.33
0.73
1.02
0.45
0.88
1.5
0.61
0.14
1.01
-0.05
0.8
0.8
1.01
-0.69
1.12
0.15
0.51
0.42
0.94
0.17
0.78
0.31
0.31
0.75
0.56
0.52
0.91
0.54
0.64
0.56
1.04
11.75
11.37
11.37
8.2
-9.38
1.8
-4.82
-4.67
-4.67
3.32
-2.39
5.09
0.94
-8.92
-8.92
-0.57
0.95
-5.47
-8.72
-5.73
-5.73
6.39
3.49
9.72
-0.01
-2.89
-2.89
3.78
-1.32
-1.07
1.73
1.04
1.04
-0.85
0.21
1.73
0.07
-0.3
-0.3
1.34
0.22
0.33
1.28
-0.1
-0.1
0.37
0.04
-2.25
0.25
2.4
2.4
1.43
0.59
1.4
0.22
1.19
1.19
0.99
0.05
0.76
0.32
0.27
0.27
0.44
1.04
0.15
0.82
-0.07
-0.07
0.53
1.17
0.64
2.1
-0.02
-0.02
1.3
0.14
0.43
0.54
0.51
0.51
0.71
-0.2
1.65
0.27
0.87
0.87
0.83
0.11
1.16
1.13
-0.06
-0.06
1.63
0.38
0.41
1.06
0.49
0.49
0.46
2.13
2.34
12.11
-9.52
1.75
3.2
-0.97
3.68
-1.04
5.3
4.54
-2.03
4.87
0.07
-4.18
-4.18
-1.94
-10.58
-2.86
-10.45
-2.34
7.38
-3.64
1.95
-1.16
1.24
1.24
0.18
2.16
-0.19
0.06
0.18
0.18
0.92
-0.25
0.09
0.21
0.4
1.05
1.1
0.11
0.24
1.13
1.13
-1.59
-0.67
-1.34
2.85
1.72
1.72
1.17
1.17
0.66
1.65
0.4
0.4
1.47
1.47
0.37
0.48
1.47
0.33
0.94
0.94
1.39
0.15
0.58
0.81
0.91
0.91
1.33
0.79
0.47
-0.17
0.99
0.99
1.04
0.28
1.17
0.77
0.77
0.93
0.22
0.43
0.71
0.71
0.64
0.9
0.48
1.19
-0.1
-0.1
0.72
1.1
1.06
5.08
11.31
11.31
-6.84
2.66
4.94
0.51
-3.63
-3.63
3.56
0.54
5.45
3.83
3.83
-1.15
2.02
5.68
-11.52
-11.52
6.81
0.98
-1.17
-3.15
-3.15
4.34
-0.33
-0.18
1.83
0.39
0.39
-0.91
1.31
0.68
-1.3
-1.3
0.06
1.69
-1.75
1.92
1.92
-0.23
-0.86
1.07
-2.52
0.32
0.32
0
1.21
1.64
0.24
0.96
0.96
0.36
0.9
0.45
0.68
0.72
0.72
0.54
0.12
0.6
1.57
0.39
0.39
1.73
-0.06
0.8
0.9
0.92
0.92
0.52
0.64
1.05
0.91
0.56
0.56
0.95
0.34
1.01
0.26
1.05
1.05
0.83
0.5
0.89
0.32
0.24
0.24
1.46
0.54
0.65
0.53
0.56
0.56
0.89
3.05
11.91
11.34
7.55
7.55
5.78
-1.18
-0.38
-8.35
5.24
5.24
-2.13
5
2.5
-2.05
0.48
0.48
0.99
-0.67
-3.94
-0.71
-8.71
-8.71
10.06
-2.3
0.31
-0.45
-0.45
-0.96
1.47
1.17
-0.33
-0.1
-0.1
0.56
0.54
2.04
-1.56
-1.96
-1.96
-0.61
1.04
1.56
-0.76
0.97
0.97
-0.35
0.17
0.66
1.73
0.88
0.88
2.22
0.18
0.23
1.73
0.97
0.97
0.92
-0.07
0.87
0.19
0.4
0.4
0.81
0.51
1.09
1
0.93
0.93
0.45
0.58
1.21
0.25
0.25
0.24
-0.09
0.89
0.61
0.36
0.36
0.53
0.56
1.05
0.52
0.52
0.99
0.63
0.55
0.8
0.8
0.76
1.1
-0.33
0.79
0.79
2.5
8.66
10.37
-3.59
7.04
7.04
-1.7
-5.25
4.06
3.23
3.23
-0.12
4.11
1.94
-8.96
-1.03
-1.03
-2.11
-1.15
-5.16
2.62
5.36
5.36
-6.11
4.24
-1.61
1.55
-0.45
-0.45
0.24
1.1
-0.21
1.95
1.43
1.43
1.28
0.02
-0.64
-0.44
1.45
1.12
-0.16
1.24
-0.73
0.57
0.57
2.2
-3.46
-0.2
3.3
1.12
1.12
1.47
0.28
1.27
0.43
1.12
1.12
0.46
0.66
0.25
1.19
0.68
0.68
0.04
1.34
0.19
0.79
0.18
0.18
1.41
0.38
0.83
0.64
0.57
0.57
0.91
0.82
0.3
0.92
0.77
0.77
1.04
0.54
0.84
0.17
0.27
0.27
0.76
0.96
0.32
0.56
1.35
1.35
0.44
-0.33
0.52
0.57
1.42
9.28
11.56
6.57
-1.56
1.88
1.88
-1.78
1.32
3.9
3.62
4.73
4.73
-1.8
2.13
1.09
-8
3.33
3.33
-3.47
-2.48
-7.22
-0.94
-1.74
-1.74
8.24
-4.75
0.72
-1.96
0.91
0.91
1.99
0.35
0.23
0.29
1.16
1.16
0.48
0.38
-2.03
3.22
1.01
1.01
0.66
2.23
1.62
-1.23
1.69
1.69
-2.95
1.78
0.84
1.03
1.53
1.53
1.13
0.73
0.5
0.78
0.27
0.27
0.25
0.17
0.5
0.56
0.76
0.69
0.69
1.52
-0.1
0.91
0.6
1.3
1.3
0.59
0.73
0.93
1.16
0.22
0.37
0.28
0.56
1.14
1.14
0.11
0.84
0.12
0.97
0.53
0.79
0.79
0.79
0.47
0.54
1.22
0.18
0.18
0.6
0.77
1.74
8.32
8.58
8.58
1.84
-0.37
0.11
0.09
-2.41
5.68
4.11
-4.85
-3.1
-3.1
5.52
-10.26
-0.79
-0.92
-10.07
3.16
3.16
-1.66
-2.52
-3.08
7.45
-1.81
-1.81
3.06
1.11
-0.53
1.39
2.53
2.53
-1.37
1.75
-0.11
1.21
-0.67
1.4
-0.57
1.82
0.65
-0.22
-0.22
0.13
0.96
-1.46
1.88
-1.06
-1.06
1.52
-0.63
1.49
1.17
0.24
1.08
1.08
0.22
0.78
0.76
0.89
0.89
0.83
0.49
1.05
0.1
1.46
0.2
0.2
1.38
0.11
0.95
1.27
0.66
1.11
0.09
0.09
0.47
0.57
0.79
0.79
0.98
-0.17
0.65
0.24
1.21
0.63
0.68
0.78
0.78
0.18
0.81
1.01
0.38
1.55
0.97
0.32
0.32
0.74
4.63
12.38
3.84
3.84
0.29
0.45
-2.6
-3.2
8.25
8.25
4.07
1.63
3.24
-3.19
-6.52
-3.26
-8.62
2.69
2.9
-6.84
4.55
-11.95
7.04
0.91
-2.04
-2.04
0.93
-0.98
0.8
2.1
0.18
1.38
0.36
0.89
1.18
-0.57
-0.57
0.66
0.77
0.97
0.36
1.32
-0.22
0.53
-2.47
1.24
-1.22
-1.22
2
1.41
-0.33
0.73
-0.31
1.76
1.76
-0.02
0.33
0.94
0.14
1.06
1.06
1.35
0.06
0.25
-0.36
1.59
0.29
0.5
0.33
0.94
0.64
0.64
0.21
0.99
0.18
0.85
0.48
0.48
0.83
0.45
0.76
0.06
1.21
1.21
0.42
0.78
0.82
0.4
0.77
1.17
-0.07
1.01
1.19
1.72
1.72
7.19
10.02
7.58
7.3
2.66
-2.75
-0.63
-0.15
1.05
1.33
1.33
5.79
-3.83
1.18
-8.88
-2.86
-2.86
-5.68
-3.32
-0.64
-6.53
3.32
10.12
-4.69
3.58
-0.96
0.24
0.24
-0.11
0.79
0.73
0.11
0.14
1.23
0.54
-0.5
0.34
2.22
-1
0.74
-0.2
0.29
0.16
1.56
1.41
-0.05
0.53
1.52
1.52
0.4
0.61
0.89
0.85
-0.13
-0.13
0.64
0.56
0.44
1.03
0.85
0.85
1.77
0.02
0.7
1.18
1.19
1.19
0.77
0.68
0.75
7.29
-1.61
-1.61
-5.96
-5.36
1.08
-0.27
5.11
5.11
-1.7
-0.09
-0.1
1.38
0.74
0.74
0.02
0.77
0.32
0.15
0.77
1.13
0.32
0.72
1.73
0.09
0.09
5.64
11.03
6.82
12.34
-0.33
1.17
-4.49
0.99
0.5
-4.78
-4.78
-4.42
-3.43
-10.03
-2.78
0.11
0.11
-6.97
-1.76
-9.16
10.09
-4.68
-4.68
3.37
2.47
-5.32
2.89
3.89
3.89
-1.27
1.04
2.44
0.82
0.79
0.79
0.66
-2.75
0.33
0.14
1.11
1.11
2.19
1.09
-0.03
0.66
-0.48
-0.48
0
3.44
1.85
1.03
0.07
0.07
1.05
0.11
0.95
1.33
1.34
1.34
0.57
0.36
1.2
1.24
0.42
0.42
0.5
1.18
1.16
0.87
0.2
0.2
3.22
7.4
4.18
1.82
-7.64
-7.64
-0.88
3.04
1.12
1.87
-0.42
-0.42
-0.97
-1.29
1.97
0.22
-0.44
-0.44
1.24
0.68
0.93
0.25
-0.24
0.78
0.91
0.81
1.39
3.96
6.16
6.16
15.64
3.91
4.67
-6.19
2.02
-0.6
-1.47
3.28
-4.59
-5.54
-5.54
-4.53
1.69
-6.57
-3.31
-4.84
-4.84
2.15
1.49
8.01
-1.88
-0.22
-0.22
0.72
0.59
0.17
1.14
0.22
0.22
-0.9
2.98
0.14
-0.53
1.19
0.96
0.88
1.69
0.21
1.31
1.31
-1.97
1.8
0.9
1.39
0.38
0.38
-0.98
1.42
0.39
1.02
0.35
0.35
1.93
-1.57
2.39
0.38
0.27
0.27
0.77
0.74
0.67
0.84
0.31
0.31
0.77
0.9
0.9
0.66
1.58
0.41
4.63
3.11
-2.66
-2.41
-2.41
2.89
0.93
-0.08
0.34
0.63
0.9
0.9
0.84
1.88
-0.27
0.67
0.54
0.54
0.94
0.85
0.67
2.53
1.1
1.1
1.47
3.06
10.74
2.54
-3.41
-3.41
4.83
5.53
0.05
-2.14
2.4
3
3
0.99
-1.7
3.07
-1.1
-9.86
-9.86
3.23
-5.56
-4.7
-0.54
-3.96
-3.96
-2.48
5.8
-3.91
2.85
-4.01
-4.01
1.67
0.7
7.72
1.04
-2.82
0.94
1.36
0.22
3.33
3.33
0.64
1.06
-0.76
1.52
2.34
-1.08
2.39
1.79
1.48
-0.33
-0.33
1.02
0.84
1.03
-0.51
0.99
0.99
0.58
1.42
0.51
0.48
0.67
0.67
0.89
0.15
0.39
0.68
1.31
0.73
0.73
1.4
1.1
6.06
6.06
0.4
-4.77
3.69
-0.99
0.69
0.69
0.24
1.13
1.02
0.84
0.84
0.22
0.4
0.58
0.73
0.72
0.72
0.92
0.62
1.91
1.78
3.26
3.26
8.9
3.13
4.36
4.39
1.03
1.03
0.79
-1.28
-0.94
0.92
-1.27
-1.27
-5.15
2.88
-4.23
-2.81
-1.81
-1.81
-4.57
-4.14
-13.11
5.01
2.94
0.84
0.84
3.81
-2.44
0.53
1.41
1.41
2.99
1.43
1.67
1.24
-0.05
1.26
1.26
0.2
-0.22
3.58
1.24
1.24
2.51
1.12
1.12
6.61
-2.4
1.84
1.84
-0.15
-2.45
2.8
-0.05
0.31
0.31
3.02
-1.24
0.43
0.71
0.71
0.27
1.11
0.66
1.02
1.02
0.31
1.23
0.54
0.55
1.02
0.74
0.74
1.24
0.31
0.18
0.75
1.17
1.17
0.68
0.78
1.19
-0.2
-0.2
0.86
0.65
1.1
0.86
1.1
0.68
0.68
0.67
0.81
0.6
0.45
1.29
1.29
0.75
2.48
1.86
4.67
5.35
5.35
10.91
-4.63
7.49
3.5
0.48
0.48
3.52
-6.37
-8.18
2.05
5.63
5.63
4.67
0.28
-2.03
-5.58
-2.68
-2.68
-7.53
-5.56
4.39
0.52
5.74
5.74
-9.45
7.34
2.89
-2.59
2.52
2.52
-0.33
0.9
0.07
1.72
1.61
1.61
0.09
0.33
0.8
6.67
-4.54
-4.54
0.59
0.21
3.95
3.95
0.18
1.21
1.74
-0.79
2.15
1.53
1.53
-2.68
2.12
0.74
1.06
0.45
0.45
0.75
0.5
0.78
0.86
0.86
0.79
0.87
0.11
1.4
0.39
0.39
0.85
0.45
-0.86
-3.65
2.32
2.32
1.28
0.27
1.23
-0.15
1.7
1.7
0.76
0.67
1.4
-0.78
-0.2
1.41
1.41
0.64
0.49
1.45
1.45
1.96
1.56
5.32
-9.97
8.14
8.14
4.19
5.47
5.14
-1.4
-1.95
-1.95
0.49
2.59
-2.69
1.7
1.06
-1.48
-1.25
0.54
-9.88
1.18
1.18
1.59
-1.06
4
0.4
4.59
4.59
-1.8
2.79
-0.24
5.21
-1.59
1.02
1.02
-0.61
1.47
1.47
0.13
0.85
-0.22
1.74
4.71
6.02
6.02
-2
2.49
2.03
2.84
-4.56
-4.56
5.01
0.05
1.74
3.54
-2.98
2.21
2.21
-0.63
1.25
0.91
0.22
1.46
0.04
0.87
0.58
0.69
1.03
1.03
0.25
1.02
1.07
0.51
0.77
0.77
0.26
0.85
0.54
-0.21
1.72
1.72
-0.18
1.19
0.88
1.09
1.01
1.01
-0.11
-0.09
1.58
0.02
1.14
1.14
-0.18
1.33
0.89
3.8
0.3
0.3
2.03
3.09
3.5
2.21
6.89
6.89
6.05
5.41
-5.53
-1.95
0.12
0.12
-2.21
2.14
-4.79
0.47
-3.49
-3.49
-2.36
-6.11
-8.18
-0.79
6.07
6.07
0.91
1.35
-2.36
1.54
1.23
1.9
-2.73
4.02
0.54
0.54
1.05
-0.67
0.87
0.06
-0.33
2.35
2.35
2.84
3.73
-1.3
2.13
-1.99
-1.99
1.42
-0.59
1.52
0.32
0.81
0.81
0.9
3.8
3.56
0.76
0.26
0.26
0.38
0.87
0.83
0.31
1.08
0.28
0.9
0.57
0.9
0.77
0.77
0.81
1.04
1.23
1.04
-1.69
-1.69
5.34
2.7
0.35
0.72
0.74
0.74
0.53
1.14
0.47
0.92
0.78
0.78
0.32
1.21
0.46
1.78
0.11
1.4
3.36
-0.86
4.2
2.45
0.62
4.18
4.18
5.26
-1.79
5.54
5.54
-6.31
1.05
-9.95
7
-2.07
-8.7
2.86
-4.05
-3.74
-4.4
-4.4
-5.17
-3.92
0.14
6.55
-4.6
-4.6
2.71
0.07
-0.48
2.04
0.03
0.03
-0.94
-0.98
0.72
0.56
0.74
0.74
1.35
-0.6
4.29
2.48
2.59
-2.71
1.8
-0.91
1.03
1.23
1.23
-0.73
0.56
0.32
1.73
1.16
1.16
0.6
1.66
-0.17
1.66
0.66
0.66
0.66
0.71
1.13
0.79
0.64
0.52
0.52
0.97
0.71
0.9
1.17
1.12
0.38
2.03
-2.76
-0.83
-2.62
-2.62
2.63
0.74
0.97
0.62
0.35
0.98
1.16
0.73
0.45
0.78
0.78
0.89
0.78
0.75
0.9
0.74
0.86
0.83
0.85
0.76
0.78
0.81
0.83
0.88
0.82
0.72
0.76
0.69
0.72
0.67
0.62
0.62
0.77
1.14
0.11
1.21
0.25
0.25
1.01
0.32
0.81
0.4
0.78
0.69
0.56
0.47
0.96
0.54
0.54
0.8
0.62
0.88
0.89
0.66
0.79
0.83
0.82
0.79
0.64
0.7
0.77
0.77
0.78
0.65
0.65
0.65
0.78
0.73
0.79
0.73
0.79
0.73
0.72
0.6
0.66
0.79
0.65
0.81
0.71
0.65
0.78
0.8
0.81
0.67
0.66
0.68
0.8
0.79
0.74
0.69
0.67
0.76
0.74
0.8
0.63
0.66
0.68
0.74
0.84
0.65
0.74
0.75
0.69
0.69
0.64
0.74
0.72
0.85
0.69
0.67
0.71
0.77
0.79
0.71
0.65
0.68
0.72
0.82
0.7
0.72
0.66
0.81
0.67
0.79
0.69
0.64
0.74
0.72
0.85
0.63
0.74
0.69
0.65
1.08
0.65
0.91
0.6
0.9
0.6
0.69
0.76
0.8
0.8
0.65
0.7
0.64
0.78
0.77
0.74
0.65
0.67
0.78
0.71
0.8
0.64
0.71
0.76
0.75
0.8
0.66
0.73
0.77
0.77
0.76
0.64
0.77
0.7
0.8
0.7
0.64
0.7
0.79
0.79
0.73
0.68
0.74
0.78
0.76
0.78
0.65
0.61
1.05
0.85
0.88
0.5
0.8
0.68
0.79
0.79
0.6
0.78
0.69
0.83
0.73
0.69
0.71
0.78
0.76
0.79
0.65
0.69
0.75
0.74
0.82
0.65
0.75
0.7
0.8
0.79
0.71
0.75
0.72
0.77
0.73
0.68
0.7
0.79
0.79
0.74
0.7
0.73
0.75
0.78
0.73
0.63
0.73
0.78
0.78
0.74
0.64
0.72
0.84
0.78
0.78
0.66
0.73
0.76
0.8
0.8
0.64
0.74
0.79
0.74
0.74
0.65
0.69
0.77
0.76
0.76
0.68
0.74
0.76
0.78
0.65
0.65
0.72
0.78
0.76
0.76
0.66
0.74
0.77
0.79
0.67
0.74
0.77
0.81
0.69
0.69
0.7
0.72
0.73
0.79
0.65
0.68
0.76
0.75
0.83
0.83
0.75
0.73
0.78
0.81
0.81
0.76
0.73
0.79
0.72
0.72
0.7
0.8
0.75
0.75
0.7
0.7
0.78
0.79
0.78
0.78
0.69
0.75
0.77
0.77
0.67
0.69
0.78
0.74
0.79
0.79
0.73
0.76
0.76
0.7
0.65
0.73
0.75
0.77
0.74
0.74
0.67
0.77
0.78
0.78
0.65
0.73
0.75
0.79
0.72
0.72
0.72
0.76
0.79
0.77
0.77
0.71
0.76
0.79
0.77
0.77
0.74
0.75
0.76
0.78
0.67
0.73
0.75
0.78
0.75
0.75
0.7
0.73
0.75
0.79
0.64
0.77
0.73
0.79
0.71
0.71
0.7
0.75
0.75
0.73
0.68
0.68
0.79
0.77
0.57
0.57
1.52
0.37
0.62
0.83
0.92
0.63
0.81
0.82
0.56
0.56
0.56
0.74
0.74
0.31
0.31
0.42
0.86
0.75
0.77
0.77
0.76
0.46
0.73
1
1
0.6
0.33
0.33
0.99
0.99
0.78
0.6
1.01
0.65
0.65
0.57
0.77
0.83
0.68
0.68
0.75
-0.41
2.04
1.43
1.43
0.73
0.5
0.73
0.78
0.78
1.32
1.52
-1.17
-1.68
-2.54
3.04
1.07
0.65
0.45
1.16
1.06
0.62
0.95
1.02
0.82
0.66
0.79
1.21
0.67
0.96
0.96
0.88
0.73
1.33
2.24
5.11
13.67
1.95
1.47
-0.66
2.01
-0.9
5.74
0.34
-2.04
-2.04
-0.67
4.34
-6.64
0.33
0.33
2.88
-7.44
4.3
1.45
-1.7
1.81
0.57
-0.61
1.56
0.29
0.29
1.31
0.52
0.78
0.65
-0.76
2.14
2.14
2.69
-3.51
2.29
-0.21
-0.04
-0.04
-0.29
0.65
1.92
-1.39
-2.17
3.82
0.92
2.43
-0.01
-0.01
1.44
0.54
0.76
1.04
0.52
0.76
0.76
1.07
0.6
1.05
0.54
0.88
0.88
0.6
0.79
1.2
1.2
0.42
-0.04
0.09
1.27
0.07
-0.56
1.54
1.13
1.47
0.9
0.9
0.34
0.8
-0.11
1.35
0.63
0.61
0.61
0.91
0.36
0.82
0.7
0.35
0.35
0.63
1.6
12.09
7.76
1.98
1.98
-0.08
6.04
-11.67
-0.72
2.08
2.08
-2.16
5.06
8.27
-8.14
0.45
-0.81
-8.8
-12.57
6.14
6.14
-15.81
3.97
6.15
-5.01
3.14
-1.86
-1.86
4.36
0.06
0.69
1.36
1.64
1.64
-2.14
2.47
0.05
0.62
0.74
0.74
-0.33
1.18
-0.16
-0.16
1.24
1.24
-0.88
-0.86
2.12
2.72
1.38
1.38
0.65
0.78
0.09
1.64
0.1
0.1
0.45
1.59
0.47
0.6
0.68
0.68
0.56
0.29
0.9
1.02
0.81
0.82
0.48
0.95
0.15
1.51
1.51
0.05
1.3
0.4
0.83
0.43
0.43
0.77
0.72
0.63
0.86
0.74
0.85
0.85
0.36
0.4
0.87
0.57
0.57
0.92
-0.62
3.87
1.84
2.18
2.18
9.81
10.37
9.23
-0.76
1.53
1.53
-2.37
-2.58
3.61
-0.23
5.41
5.41
-4.79
0
-4.43
-3.47
-5.4
-5.4
-5.11
1.71
-9.19
2.86
5.66
3.42
3.42
0.23
2.2
-5.32
0.37
0.37
1.86
0.79
-0.9
1.38
-0.32
0.05
0.45
1.89
0.8
0.22
0.22
0.59
-0.3
0.16
-0.14
0.74
-2.07
-2.07
-0.74
0.83
2.26
-0.11
1.7
1.7
0.53
0.94
0.7
0.35
-0.1
1.53
0.07
1.1
1.09
0.34
0.97
0.37
0.69
1.06
0.79
0.79
1.5
0.73
0.27
0.85
0.08
0.96
1.16
0.58
0.69
0.7
0.7
0.82
0.88
0.29
0.99
0.54
0.54
0.89
0.24
1.17
0.55
0.55
0.35
0.87
0.58
1.81
5.36
11.5
-7.04
-0.23
7.06
-3.01
-3.01
-2.93
1.01
4.06
-3.05
0.28
5.35
-6.95
-0.49
-1
-8.71
0.49
3.76
-4.9
-4.9
-2.51
8.67
0.69
3.33
-0.09
-2.69
-0.55
1.94
0.45
0.45
0.38
0.15
-0.66
0.35
2.48
0.74
-0.33
0.56
0.1
-0.29
0.54
-0.49
-0.49
-0.53
-0.57
1.56
0.14
1.7
1.16
0.47
0.35
0.74
0.7
0.79
0.82
0.46
0.99
0.63
0.95
0.75
0.56
0.35
0.9
0.77
0.31
0.41
0.29
1.41
0.3
1.38
0.83
-0.28
1.46
-0.18
1.2
0.65
1.04
0.57
0.47
0.46
0.79
0.81
0.95
0.47
0.69
0.67
0.97
2.11
13.12
4.1
1.85
5.8
-9.84
-0.57
0.35
6.5
-0.45
1.52
-1.81
-5.83
-2.17
-2.61
-2.54
-7.97
-4.05
0.13
8.43
4.14
1.66
1.48
-0.55
-2.32
1.69
1.58
0.46
0.75
-0.49
0.04
0.56
1.9
0.43
1.59
0.53
-0.67
0.61
0.55
-0.11
-1.14
-0.89
3.27
0.24
0.78
1.39
1.47
-0.19
1.66
0.1
1.3
0.74
0.24
0.86
1.26
0.68
0.38
0.73
0.43
1.07
0.78
1.2
1.03
-0.15
-0.17
0.97
0.22
0.44
0.32
0.23
1.5
0.22
0.93
0.3
0.88
0.69
0.29
0.89
1.06
0.61
-0.13
1.2
0.85
0.75
3.37
13.83
10.44
-4.39
0.77
3.03
-3.07
4.54
-0.03
2.26
3.88
0.15
-5.63
0.31
3.75
-9.2
0.53
-6.11
1.11
-7.8
9.49
0.54
3.18
-0.85
-1.64
1.92
2.11
-0.73
-0.11
1.43
-0.4
-0.31
0.69
1.42
-0.91
1.5
-1.21
-3.23
2.53
-0.75
-0.45
-1.45
2.44
1.5
2
1.41
0.68
0.49
0.76
0.87
0.11
1.07
0.91
0.29
0.82
0.59
0.76
0.09
1.38
0.24
1.54
0.24
0.6
-0.75
1.11
0.77
0.02
0.59
0.11
1.72
0.01
0.86
0.3
0.85
0.22
1.05
0.63
0.43
1.05
0.57
1.01
0.15
1.12
0.66
3.16
14.91
2.02
1.5
4.17
-6.35
-1.37
-1.14
-1.02
0
0
-5.79
6.7
-0.9
-2.74
-1.44
-2.41
-2.89
0.49
9.46
1.76
2.75
-1.42
3.28
0.08
0.73
1.84
0.83
1.17
-1.36
-0.4
0.38
1.1
0.88
1.19
0.91
0.11
0.88
-1.09
-2.09
0.21
-3.1
2.79
-0.87
3.22
1.56
1.22
0.73
0.73
0.08
1.5
0.02
0.53
0.62
1.07
0.91
0.57
1.04
0.88
0.41
0.87
0.73
0.83
0.78
0.56
1.01
-0.14
1.02
1.02
0.58
0.66
0.96
0.3
0.3
0.68
0.89
0.64
0.6
0.6
0.73
0.53
0.78
0.42
0.42
3.53
15.01
11.14
-2.11
2.42
1.26
1.26
-7.69
2.45
2.45
0.75
3.84
-8.39
-3.86
-3.86
-5.92
-2.76
-2.93
4.5
-9.82
-9.82
8.08
-0.08
0.86
-0.34
-0.34
-1.6
0.11
1.38
1.05
1.05
0.6
0.6
-0.82
0.69
0.69
0.65
0.46
-0.14
0.86
0.86
-1.88
-3.04
2.45
-0.16
-0.16
1.46
1.18
0.8
0.72
0.72
0.91
0.42
0.53
0.75
0.75
0.77
0.88
0.47
0.8
0.8
0.61
0.78
1.05
0.76
1.01
0.75
-0.06
0.86
-0.09
0.8
0.8
1
0.56
0.32
0.79
0.76
0.5
0.61
0.71
0.82
0.82
1.34
0.28
0.52
0.95
2.14
2.14
7.93
7.99
-6.34
5.28
3.84
0.5
-3.82
3.46
-4.13
-4.13
-3.37
-0.02
1.71
-2.67
4.15
-13.45
-13.45
-5.42
-0.89
3.03
-0.07
-0.07
2.39
0.78
1.54
0.08
1.72
0.37
0.37
0.88
0.14
-0.1
-0.89
0.37
1.04
1.11
0.22
1.52
1.52
0.92
0.08
0.06
0.42
-0.17
-0.17
-0.82
0.43
1.39
1.97
0.89
0.89
0.75
0.65
0.53
0.62
0.45
0.45
1
0.61
0.82
0.79
0.4
1.28
1.28
0.77
0.81
0.49
1.17
1.17
0.34
0.74
0.94
-0.02
0.73
0.73
-0.09
0.69
1.48
0.6
1
1
0.97
0.46
0.33
0.97
0.37
0.47
0.47
0.57
0.95
0.6
1.18
0.95
0.69
1.06
1.48
12.4
12.4
8.04
-10.02
6.59
1.05
1.87
-5.93
-5.93
-0.74
1.13
5.17
0.85
0.01
-0.37
-3.82
0.05
1.38
1.38
-6.87
2.47
-9.57
11.5
-3.32
-2.15
-2.15
3.76
-1.9
-2.55
2.8
0.48
0.48
-0.56
1.99
0.12
-1.15
2.24
2.24
-0.89
1.74
2.44
-0.8
0.65
-1
0.95
0.47
0.47
-1.97
3.47
0.09
0.77
2.05
0.8
1.28
1.28
0.29
0.62
0.92
0.16
0.51
0.51
0.85
0.54
1.14
0.66
0.43
1.11
0.75
0.33
0.33
0.79
0.79
1.37
0.34
1.08
-0.05
0.34
0.34
-0.01
1.23
0.55
0.58
0.77
0.77
0.25
1.39
0.18
0.33
0.78
0.22
1.35
1.87
-0.89
0.93
0.79
1.43
1.43
5.2
13.63
-7.71
4.1
5.75
-6.05
0.33
-2.03
6.98
6.62
-3.59
3.18
-3.32
-3.32
-6.43
-1.29
-0.35
-6.78
-2.94
4.12
4.12
-2.23
-2.5
1.64
1.3
0.9
-3.23
-3.23
2.13
-1.39
1
0.78
0.42
-0.49
0.04
1.42
1.9
1.9
1.14
0.22
0.11
0
-0.25
0.71
0
0.38
0.83
0.83
0.75
1.96
0.62
0.22
0.81
-0.15
0.96
1
0.24
0.69
0.66
0.66
1.1
0.76
0.8
0.59
1.22
0.44
0.73
1.24
0.32
1.02
0.69
0.23
0.45
0.83
0.77
0.47
0.42
0.61
0.82
0.67
0.67
0.82
0.66
0.7
0.6
0.55
0.88
0.13
0.97
0.79
0.53
3.01
9.74
3.01
-3.58
3.02
-2.18
-2.6
1.53
0.04
6.64
-0.14
-3.27
-3.85
0.94
-4.72
-4.93
-2.07
-1.48
-8.64
8.99
-2.65
1.36
2.23
-4.91
1.44
2.61
0.54
0.72
1.67
0.06
-0.92
1.43
1.3
0.77
-0.32
1.1
-0.51
-0.26
-0.32
-0.47
-1.25
0.18
-0.21
1.51
1.45
0.65
0.22
1.03
0.65
1.01
0.98
0.22
0.52
0.82
1.1
0.83
0.67
0.83
0.6
0.42
1.12
1.18
0.97
0.16
1.02
0.32
0.6
0.83
1.02
0.15
1.05
0.67
0.61
0.76
0.44
1.13
0.83
0.59
0.51
1.49
-0.36
0.9
0.6
0.81
5.87
13.34
12.71
4.84
2.71
-4.75
0.2
-0.12
2.68
2.04
5.54
-0.08
-7.85
-0.33
1.24
-6.8
-0.67
-4.01
8.25
-2.4
-1.67
5.78
2.84
-1.19
-1.47
1
-0.24
1.16
0.2
-0.2
0.37
0.43
0.3
1.41
-0.03
0.54
0.29
-1.13
1.32
-1.04
-0.42
-2.26
2.93
0.88
1.86
0.09
1.35
0.89
0.45
1.25
-0.25
1.33
0.67
0.38
0.54
0.91
0.61
0.8
0.5
1.12
0.08
1.7
0.27
-0.73
1.35
-0.02
0.65
0.54
0.91
0.29
1.26
0.17
0.85
0.7
0.4
0.92
0.22
0.98
0.97
0.19
1.39
0.27
1.07
1.12
1.64
15.25
1.85
-1.72
-1.07
0.64
-3.89
-0.66
3.72
7.78
-0.33
-2.23
-4.58
-8.57
-0.69
-6.64
-11.28
3.27
-5.1
6.04
-0.7
-0.7
2.08
4.78
-2.21
2.26
1.65
0.61
0.16
1.18
-0.61
-0.09
0.8
1.68
1.04
0.76
1.54
1.54
-2.81
1.1
-2.11
0.26
0.26
-0.59
-1.42
0.95
-0.45
2.1
1.75
1.69
0.69
0.52
0.89
0.51
0.51
0.49
0.77
0.5
0.66
0.97
0.64
0.84
0.72
0.49
0.75
0.75
1.4
0.95
-0.06
1.08
0.8
0.8
0.43
0.66
1.13
0.72
0.64
0.71
0.68
0.35
0.81
0.45
0.63
0.75
0.96
0.18
-0.75
-0.75
1.1
1
0.77
12.61
12.61
2.01
-3.16
-2.38
-2.17
-0.33
2.05
2.05
0.57
2.21
-3.04
-3.04
4.79
-10.33
1.35
-4.29
-3.15
-3.15
-3.16
4.18
0.67
4.82
-0.26
-0.26
0.6
0.41
1.26
1.18
0.48
0.48
0.39
0.63
0.69
0.64
0.86
0.86
0.72
0.78
0.46
0.64
0.06
0.06
-0.04
0.66
0.04
0.41
1.04
1.04
1.75
-0.04
0.23
0.44
0.28
0.28
1.27
0.8
-0.81
-0.81
2.3
1.13
0.51
0.35
0.45
0.45
0.73
0.75
0.78
0.33
0.38
0.38
1.65
0.81
0.36
0.87
0.87
0.77
0.65
0.66
0.87
0.87
0.59
0.82
0.52
0.81
0.81
0.87
0.46
0.69
0.62
0.62
0.52
0.93
0.71
0.62
0.69
0.71
0.73
0.79
0.48
0.48
0.66
0.72
0.61
0.59
0.54
0.81
0.64
0.55
0.53
0.53
0.61
0.67
0.5
0.63
0.63
0.68
0.68
0.57
0.58
0.58
0.54
0.75
0.65
0.74
0.74
0.66
0.6
0.5
0.59
0.59
0.79
0.76
0.56
0.56
0.56
0.65
0.73
0.6
0.6
0.6
0.71
0.7
0.62
0.64
0.64
0.78
0.54
0.64
0.65
0.65
0.79
0.62
0.6
0.58
0.58
0.71
0.65
0.65
0.64
0.64
0.67
0.67
0.58
0.61
0.61
0.72
0.66
0.6
0.67
0.67
0.71
0.7
0.63
0.67
0.64
0.67
0.62
0.58
0.66
0.66
0.73
0.66
0.63
0.63
0.63
0.68
0.67
0.59
0.66
0.66
0.67
0.69
0.56
0.66
0.66
0.68
0.73
0.6
0.73
0.73
0.72
0.71
0.61
0.67
0.67
0.72
0.6
0.66
0.64
0.64
0.69
0.64
0.63
0.61
0.61
0.73
0.68
0.6
0.62
0.62
0.69
0.68
0.57
0.59
0.59
0.68
0.7
0.63
0.67
0.67
0.66
0.72
0.51
0.67
0.67
0.7
0.63
0.58
0.66
0.66
0.66
0.64
0.57
0.69
0.69
0.66
0.69
0.57
0.7
0.7
0.65
0.67
0.6
0.59
0.64
0.62
0.73
0.62
0.65
0.64
0.64
0.71
0.67
0.61
0.64
0.64
0.66
0.72
0.63
0.63
0.68
0.58
0.32
0.93
0.74
0.54
0.54
0.72
0.42
0.67
0.47
0.47
0.66
0.67
0.79
0.52
0.62
0.55
1.35
0.18
0.07
0.64
0.64
0.76
0.88
1.47
0.48
0.32
0.71
0.41
0.45
0.36
0.06
0.06
0.61
0.93
1.04
0.8
1.04
0.48
0.48
0.57
0.69
0.53
0.69
0.42
0.42
0.45
1.02
0.24
1.48
-0.12
-0.12
0.01
0.77
1.41
1.15
0.22
0.22
2.2
0.65
0.98
-1.22
3.5
3.5
-4.35
1.68
0.91
0.56
0.83
0.83
0.57
1.75
-0.21
0.83
0.45
0.45
1.52
-0.05
0.22
0.63
0.6
0.6
1.76
0.59
0.59
0.77
1.95
1.95
8.64
2.75
-10.08
3.06
0.24
0.24
-0.46
0.66
-1.74
1.17
0.33
3.93
2.12
-1.58
-1.74
0.79
0.79
-2.44
-4.07
4.4
-6.07
4.05
-0.14
-0.14
-0.73
2.71
-4.29
-0.58
2.82
-0.47
1.17
-0.51
-0.51
1.42
0.03
3.26
-1.49
1.73
2.68
2.68
-1.2
0.86
-0.62
-1.65
-0.09
-0.09
5.59
-1.59
0.53
0.31
0.64
0.97
0.9
0.36
0.36
0.79
0.67
0.62
1.49
1.08
-1.16
1.08
1.08
0.77
0.43
-0.03
0.9
0.81
1.63
0.92
1.74
1.74
0.87
-1.62
-2.19
2.25
0.23
0.23
1.24
0.9
0.49
0.48
0.44
0.95
0.95
0.42
0.26
0.69
0.38
1.26
-0.2
-0.2
0.39
0.56
6.98
5.86
4.01
10.29
-0.18
2.08
2.08
-0.73
-0.9
4.21
0.77
1.64
-3.57
1.2
1.2
1.82
-6.68
0.42
-9.11
-2.95
0.84
4.61
4.61
-1.1
15.79
-11.68
-0.21
3
-2.04
-2.04
1.46
-4.18
1.49
1.84
2.14
-1.19
-1.19
0.58
0.97
1.81
0.21
1.85
1.85
-0.31
0.1
0.18
-2.58
4.3
-0.42
9.4
9.4
-1
0.42
0.63
0.11
1.66
1.39
-0.31
-0.31
1.15
0.83
0.86
0.75
1.78
1.78
2.41
0.61
-2.04
0.53
0.44
0.44
1.47
0.83
0.61
0.96
0.18
0.18
-0.01
1.19
1.31
2.36
-1.01
-1.01
0.44
1.55
0.6
0.07
0.07
0.56
0.92
0.62
0.63
0.71
0.72
0.72
1.17
1.06
1.31
5.43
7.19
7.19
5.18
-7.88
10.83
-3.81
2.27
2.27
-0.88
-2.6
5.35
6.55
6.55
-1.2
0.38
-2.16
-3.74
6.33
6.33
-4.74
-0.97
-7.83
-8.28
4.58
0.18
0.62
0.14
2.24
-1.18
-1.18
1.85
-5.53
9.26
1.34
-2.17
-2.17
4.71
-4.03
0.57
-0.36
2.42
2.42
1.77
1.28
0.01
2.11
-0.26
-0.26
0.43
-3.56
6.76
0.45
1.35
1.35
0.47
0.85
0.72
0.85
0.83
0.83
1.03
1.39
1.9
0.7
1.6
1.6
2.33
0.93
-0.32
1.74
1.07
1.07
0.53
0.9
1.06
1.32
-0.02
-0.02
0.54
0.43
1.01
0.93
0.42
0.42
0.65
0.47
0.22
0.47
1.24
1.24
-0.62
0.98
0.89
1.18
0.43
1.32
-0.53
1.26
1.83
4.93
4.93
6.41
-3.03
-5.98
4.13
-4.15
-4.15
-3.23
-0.49
1.76
0.57
2.8
2.8
-0.5
-1.1
4.51
-3.84
2.96
2.96
-3.84
-1.74
-2
1.09
6.48
-4.49
-1.66
1.14
-0.5
-1.15
-1.15
6.89
6.76
-2.27
4.52
0.71
0.71
-0.29
0.37
0.59
2.98
-0.17
-0.17
1.44
0.23
0.86
-0.82
0.32
0.32
-1.38
5.47
-0.08
2.05
0.11
0.11
0.04
0.76
1.22
0.83
0.64
0.64
0.71
1.05
-1.08
0.24
1.36
1.36
0.72
-0.38
0.35
0.54
0.87
0.97
0.97
0.23
1.14
0.23
0
1.23
1.23
-0.22
2.33
-0.89
1.91
-0.49
-0.49
0.05
0.73
1.56
0.2
0.62
0.62
0.83
0.73
0.83
1.34
-0.77
0.24
5.67
5.68
3.88
0.29
0.29
9.33
-1.64
-7.51
-7.82
3.86
-0.54
-0.27
3.89
-0.58
-3.46
-3.46
3.9
0.36
4.9
-1.86
-6.38
-6.38
-7.29
7.37
4.82
-9.83
8.23
8.23
-2.86
-2.86
-0.57
0.2
3.9
3.9
5.62
5.62
0.26
0.2
-0.05
1.31
1.31
0.99
1.02
1.59
1.59
1.15
1.15
0.1
-1.01
-0.46
1.72
0.79
0.79
-0.87
1.94
0.43
0.67
0.92
0.92
0.79
0.67
1.43
-2.47
0.63
0.63
1.07
1.35
0.99
-0.36
0.08
0.08
1.03
1.26
0.5
0.43
1.25
1.25
-0.67
-0.12
1.49
-0.08
2.36
2.36
1.84
0.45
0.14
1.22
0.56
0.56
1.3
0.46
0.29
0.67
0.88
0.88
1.22
1.23
0.82
0.9
2.91
2.91
4.23
4.26
-3.87
3.21
-6.31
-6.31
6.86
2.6
-5.6
4.27
-3.9
-3.9
6.59
-3.05
0.29
1.51
1.51
-5.23
-1.05
-5.63
-1.34
-0.79
-0.79
-2.56
3.61
-0.56
-7
3.68
3.68
0.75
11.79
-5.76
4.21
0.51
0.51
-0.16
0.12
-0.28
3.37
1.77
1.77
1.41
2.05
0.3
0.51
1.23
1.23
1.16
-1.21
1.71
0.2
3.11
3.11
1.02
0.94
0.18
1.24
0.94
0.94
1.08
1.97
2.24
-0.68
1.94
1.94
1.13
0.81
0.45
0.68
0.74
0.74
0.77
0.92
0.93
-0.51
0.64
0.64
0.31
1.24
0.86
1.44
-0.16
-0.16
0
-0.88
1.33
0.9
0.57
0.57
0.56
0.87
0.64
0.09
1.7
1.7
-0.41
1.15
1.58
1.8
4
4
4.72
-2.07
-4.84
-3.4
4.78
4.78
-1.76
2.04
-0.91
4.93
3.28
3.28
1.11
2.09
-2.81
3.5
-5.01
-5.01
-2.99
2.65
5.36
0.28
0.31
0.31
6.6
-2.66
1.27
2.04
-2.37
-2.37
7.07
-6.44
2.66
5.01
-3.27
-3.27
0.75
2.14
0.53
0.51
1.98
1.98
2.26
0.54
2.98
0.52
1.08
1.08
2.75
-0.74
0.68
-0.58
-2.11
-2.11
4.3
-0.65
2.04
0.07
1
1
3.48
-0.84
-1.65
0.52
0.45
0.45
0.62
1.01
0.56
1.03
0.22
0.22
2.87
-0.08
-5.31
1.42
1.76
1.76
1.08
1.91
0.92
-0.35
0.27
0.27
0.76
-0.7
2.41
1.34
1.47
1.47
0.61
0.24
0.03
1.4
1.62
1.62
0.32
1.53
2.38
2.41
1.33
1.33
3.28
9.62
-2.35
-3.27
0.54
0.54
-1.79
-2.95
1.69
4.95
4.18
4.18
0.18
3.66
3.14
0.56
1.24
1.24
3.27
-4.86
-7.3
1.56
0.4
0.4
-0.07
-0.85
2.14
0.87
-4.62
-4.62
-1.73
2.52
-2.64
2.93
1.87
1.87
0.39
0.72
0.59
0.68
0.36
0.36
0.71
-2.6
-1.34
-1.32
2.54
2.54
8.54
-2.04
-1.5
3
1.8
1.8
0.35
0.59
1.66
1.27
1.38
1.38
1.55
-0.56
-0.25
1.16
0.57
0.57
2.77
0.73
-7.03
2.69
2.47
2.47
1.31
0.07
1.69
-0.73
2.12
2.12
0.54
0.61
0.58
0.36
2.24
2.24
0.32
0.75
1.35
0.67
1.05
1.05
0.51
0.79
0.42
-0.48
0.83
0.83
1.56
1.59
2.23
6.96
4.58
4.58
0.84
-6.83
2.78
-1.6
-0.92
-0.92
0.23
4.99
3.69
-2.32
3.79
3.79
0.69
-3.64
-2.24
-7
9.14
9.14
-0.87
1.39
4.84
-6.54
-4.31
-4.31
1.95
0.41
1.18
6.29
-6.99
-6.99
5.28
3.41
0.45
1.78
0.15
0.15
1.14
-1.91
2.11
0.13
-1.83
-1.83
-4.05
-1.12
-1.94
10.08
8.43
8.43
-2.66
-2.62
2.57
1.52
-0.53
-0.53
0.77
0.52
0.34
0.86
0.72
0.72
1.37
0.32
0.42
2.09
3.13
3.13
-0.06
0.37
2.25
0.14
1.69
1.69
1.68
-0.11
-1.94
1.55
-0.03
1.22
1.22
-1.15
2.61
0.75
0.49
1.12
1.12
0.9
0.21
0.77
0.65
0.41
0.41
1.34
0.68
-0.23
-0.09
1.21
1.21
2.66
6.39
11.42
-1.5
-3.83
-3.83
4.87
-3.36
-3.02
-0.8
-2.18
-2.18
3.17
1.94
-1.2
3.24
-8.33
4.22
-0.04
2.94
-10.92
-3.04
-3.04
-2.05
1.65
0.18
0.72
1.32
1.32
1.55
-4.26
4.23
-1.57
-1.33
-1.33
2.98
-0.14
3.01
-2.86
1.88
-1.94
-3.49
-3.42
-2.98
-0.38
-0.38
1.25
3.88
14.12
-5.88
-1.57
-1.57
-0.2
0.44
0.68
0.73
0.9
0.52
0.52
0.5
2.09
0.48
0.99
0.99
1.4
-0.78
0.23
0.49
1.01
1.01
0.85
1.7
-0.25
-0.26
2.02
-0.53
-0.53
-1.04
0.58
0.44
0.54
0.54
-0.18
0.76
1.18
0.74
1.66
0.87
0.87
-0.33
0.09
1.22
0.51
0.66
0.85
0.2
0.81
0.7
0.85
0.85
0.46
0.56
0.23
0.68
0.74
0.74
0.4
0.5
0.62
0.69
0.25
0.25
0.72
0.57
0.49
1
2.81
2.81
0.49
-0.48
0.28
0.98
1.24
0.11
0.95
0.37
0.96
0.42
1
0.22
0.94
0.7
0.64
0.64
0.46
0.38
0.82
0.74
0.63
0.77
0.61
0.67
0.67
0.42
0.74
0.67
0.88
0.51
0.58
0.45
0.5
0.84
0.47
0.65
0.55
0.67
0.69
0.72
0.52
0.59
0.71
0.61
0.69
0.56
0.58
0.68
0.62
0.71
0.56
0.67
0.67
0.65
0.61
0.56
0.68
0.61
0.8
0.56
0.55
0.71
0.63
0.78
0.67
0.47
0.57
0.61
0.79
0.59
0.62
0.56
0.66
0.69
0.6
0.6
0.57
0.7
0.64
0.7
0.64
0.66
0.7
0.67
0.72
0.44
0.67
0.68
0.66
0.71
0.55
0.62
0.65
0.68
0.72
0.56
0.64
0.66
0.67
0.58
0.58
0.63
0.64
0.7
0.62
0.57
0.58
0.68
0.65
0.67
0.58
0.64
0.69
0.69
0.65
0.56
0.63
0.68
0.66
0.64
0.59
0.59
0.66
0.67
0.73
0.51
0.64
0.6
0.72
0.66
0.56
0.65
0.62
0.65
0.64
0.59
0.57
0.67
0.63
0.71
0.59
0.64
0.66
0.62
0.71
0.55
0.63
0.64
0.73
0.61
0.56
0.62
0.64
0.67
0.72
0.57
0.67
0.63
0.67
0.69
0.52
0.62
0.68
0.68
0.68
0.52
0.6
0.63
0.69
0.68
0.55
0.64
0.65
0.67
0.71
0.55
0.64
0.65
0.67
0.62
0.59
0.58
0.64
0.68
0.67
0.56
0.61
0.63
0.71
0.65
0.6
0.56
0.66
0.65
0.64
0.59
0.59
0.7
0.62
0.69
0.53
0.65
0.65
0.66
0.72
0.6
0.63
0.63
0.71
0.63
0.56
0.64
0.67
0.71
0.6
0.57
0.62
0.65
0.66
0.66
0.57
0.61
0.63
0.66
0.64
0.56
0.58
0.62
0.7
0.63
0.54
0.57
0.67
0.66
0.62
0.57
0.55
0.65
0.6
0.67
0.59
0.57
0.67
0.66
0.68
0.6
0.63
0.62
0.65
0.69
0.54
0.62
0.66
0.67
0.63
0.55
0.59
0.66
0.66
0.69
0.52
0.64
0.68
0.68
0.69
0.56
0.62
0.59
0.67
0.6
0.63
0.58
0.66
0.66
0.66
0.61
0.57
0.65
0.65
0.65
0.55
0.61
0.61
0.61
0.67
0.54
0.67
0.66
0.66
0.67
0.56
0.64
0.66
0.66
0.56
0.61
0.61
0.64
0.64
0.65
0.53
0.66
0.66
0.66
0.57
0.63
0.66
0.67
0.67
0.69
0.67
0.66
0.71
0.71
0.56
0.59
0.62
0.7
0.7
0.56
0.62
0.66
0.65
0.65
0.57
0.62
0.65
0.67
0.67
0.56
0.59
0.66
0.65
0.7
0.57
0.65
0.62
0.65
0.65
0.54
0.62
0.65
0.69
0.63
0.54
0.6
0.66
0.66
0.66
0.59
0.59
0.67
0.7
0.62
0.56
0.59
0.66
0.68
0.68
0.58
0.61
0.65
0.62
0.69
0.6
0.62
0.64
0.67
0.67
0.56
0.62
0.65
0.69
0.61
0.56
0.61
0.65
0.67
0.67
0.59
0.58
0.63
0.67
0.63
0.56
0.6
0.65
0.67
0.67
0.54
0.59
0.66
0.66
0.66
0.56
0.64
0.62
0.65
0.65
0.58
0.62
0.63
0.67
0.6
0.54
0.61
0.66
0.64
0.64
0.58
0.62
0.66
0.64
0.64
0.54
0.6
0.64
0.65
0.65
0.55
0.61
0.67
0.64
0.66
0.59
0.63
0.63
0.64
0.64
0.57
0.63
0.63
0.69
0.62
0.55
0.62
0.67
0.66
0.66
0.56
0.62
0.65
0.66
0.67
0.55
0.6
0.63
0.65
0.65
0.56
0.62
0.68
0.64
0.64
0.52
0.52
0.69
0.72
0.72
0.63
0.49
0.67
0.5
0.61
0.61
0.57
0.57
0.69
0.65
0.65
0.74
0.55
0.95
0.37
0.37
1.09
0.74
0.82
0.64
0.64
1.57
-0.71
0.51
1.74
1.74
3.47
0.87
0.45
0.65
1.89
1.89
8.88
-0.11
8.2
-2.7
2.79
2.79
-6.15
4.19
0.84
5.52
-4.42
-4.42
2.31
2.37
3.31
-6.29
-4.15
-4.15
-2.7
0.25
-3.64
2.6
1.43
1.43
-1.67
1.88
-0.84
2.07
1.25
1.25
-0.26
0.48
1
1.07
0.13
0.13
1.18
-0.07
1.66
0.03
0.93
0.93
-1.01
0.63
-0.6
1.05
0.79
0.88
1.52
1.46
0.74
0.22
0.22
1.58
0.38
1.59
-0.24
0.29
0.29
0.42
1.11
0.4
1.01
0.69
1.4
1.4
0.49
0.44
-1.6
-1.6
-6.87
-0.45
2.09
5.81
-1.97
-1.97
-4.37
-0.82
3.24
-1.66
3.46
3.46
0.64
-0.18
0.04
0.86
0.45
0.86
0.86
0.59
0.4
0.64
0.03
1.5
1.74
-0.71
1.82
1.82
-0.03
0.31
5.65
-2.27
-4.31
-2.56
-2.56
-0.61
2.47
0.87
3.56
-2
-2
-4.17
10.83
-9.37
3.29
-2.43
4.17
4.17
6.68
-0.47
-0.34
1.04
4.19
4.19
-1.19
-0.38
2.45
-0.79
1.13
1.13
1.89
0.39
4.24
-1.69
2.94
2.94
-0.14
0.55
-3.23
3.06
-3.07
-3.07
-3.23
2.7
-0.42
2.44
-2.73
-2.73
0
3.03
-2.07
1.82
0.96
0.96
0.56
0.71
0.34
0.89
1.13
1.13
0.72
0.81
0.82
0.93
1.47
1.47
0.18
4.56
4.25
-2.22
-3.72
-3.72
-3.04
-5.11
-0.21
-1.46
2.39
2.39
-1.55
-1.19
2.21
-0.17
0.98
0.98
0.55
0.9
0.48
0.42
0.47
0.47
0.37
0.48
0.3
-0.45
0.75
0.75
0.36
0.56
-0.22
0.1
3.12
3.12
-2.74
14.11
1.64
2.67
-4.08
-4.08
-0.21
2.65
-5.7
6.49
-5.58
-5.58
-0.27
-14.27
6.11
-8.03
-5.23
-5.23
-0.33
3
0.1
1.11
1.4
1.4
-0.11
1.37
1.17
-1.2
2.84
2.84
2.92
-0.16
0.17
0.4
0.93
0.93
-4.4
2.52
-0.48
-1.91
0.81
0.81
-2.56
2.66
0.5
6.16
-1.62
-1.62
1.83
1.09
5.21
1.85
0.66
0.66
0.53
0.86
0.54
0.47
1.05
1.05
0.31
1.26
0.79
3.59
11.92
11.92
-0.1
-1.21
-11.51
0.3
1.43
1.43
5.12
1.04
-3.45
-9.55
0.08
0.08
3.7
-1.5
3.55
-1.18
0.86
0.86
-0.16
1.14
2.23
0.88
0.72
0.72
0.41
-1.24
1.49
-0.68
-0.04
-0.04
1.75
0.36
1.52
-0.16
3.14
3.14
3.63
9.28
10.03
-1.03
-2.44
-2.44
1.98
-13.41
-1.89
-0.48
-4.58
-4.58
1.7
-2.51
-1.67
3.5
5.52
5.52
-4.14
4.23
4.87
-2.76
1.38
1.38
4.76
-0.6
2.5
1.81
0.62
0.62
0.45
-0.85
2.86
-0.27
-0.53
-0.53
-2.18
-3.51
-3.14
0.01
-0.08
-0.08
-0.65
3.09
7.8
-3.66
-3
-3
2.26
-1.35
0.79
2.17
4.42
4.42
1.09
0.86
0.45
0.72
-3.91
-1.95
-1.95
0.88
11.03
6.65
-7.56
-10.07
-10.07
0.52
4.71
1.51
6.1
0.91
0.91
0.99
1.26
-7.27
5.85
7.66
7.66
0.9
4.84
-0.79
0.04
0.88
0.88
3.41
1.49
-1.12
1.56
-0.38
-0.38
-2.07
-1.62
-0.63
0.68
5.07
5.07
-6.22
8.1
-8.17
16.56
3.07
3.07
-5.7
8.77
5.92
-11.73
-9.11
-9.11
-11.63
-3.22
-8.15
-0.04
-2.11
-2.11
-6.05
7.67
7.01
-0.54
1.63
1.63
0.79
3.57
0.81
0.79
2.32
2.32
-1.38
-1.45
0.82
-1.07
2.67
2.67
0.4
0.39
1.25
-0.11
3.01
3.01
-1.58
-0.6
-3.68
-0.09
3.21
3.21
-0.37
1.69
0.36
0.02
-2.43
-2.43
1.33
0.7
0.6
0.52
0.47
0.47
0.49
0.98
0.86
0.37
-2.44
-2.44
4.06
0.91
1.34
9.45
4.03
4.03
-1.48
-1.22
0.84
-0.77
-0.96
-0.96
-0.83
1.31
0.38
-9.17
11.79
11.79
-1.09
1.17
4.19
1.12
0.33
0.33
-1.94
0.51
0.76
-0.57
-1.71
-1.71
1.27
2.8
1.21
3.14
-0.96
-0.96
1.51
-0.53
1.07
1.64
0.13
0.13
0.57
0.51
0.46
0.81
0.26
0.26
0.53
0.3
1.51
0.01
0.5
0.5
0.16
0.58
0.5
0.37
0.39
0.39
0.6
0.47
0.84
0.83
0.58
0.58
0.29
1.63
-0.13
1.42
0.07
0.07
-0.09
0.77
0.59
0.65
2.1
2.1
-0.11
0.39
-0.09
0.42
-0.47
-0.47
0.04
-0.13
0.9
0.38
0.56
0.56
0.69
0.05
1
0.72
0.17
0.8
0.8
0.82
0.22
1.21
0.36
0.79
0.79
0.69
0.52
0.82
0.4
0.65
0.62
0.53
1
0.13
0.78
0.69
0.74
0.59
0.67
0.58
0.58
0.57
0.61
0.75
0.36
0.49
0.78
0.81
0.61
0.49
0.47
0.77
0.36
1.09
0.11
0.83
0.57
0.6
0.56
0.58
0.53
0.73
0.67
0.62
0.49
0.51
0.46
0.69
0.62
0.4
0.47
0.47
0.65
0.7
0.65
0.54
0.48
0.68
0.61
0.63
0.51
0.58
0.64
0.62
0.62
0.58
0.58
0.59
0.66
0.58
0.57
0.55
0.63
0.63
0.65
0.55
0.54
0.6
0.65
0.67
0.54
0.59
0.63
0.64
0.6
0.51
0.59
0.61
0.62
0.67
0.52
0.51
0.68
0.6
0.63
0.56
0.58
0.65
0.59
0.58
0.52
0.62
0.63
0.67
0.61
0.53
0.57
0.64
0.65
0.65
0.57
0.59
0.63
0.65
0.58
0.49
0.6
0.6
0.64
0.63
0.53
0.56
0.62
0.66
0.66
0.53
0.61
0.63
0.58
0.58
0.54
0.56
0.63
0.6
0.6
0.54
0.58
0.63
0.64
0.64
0.55
0.63
0.67
0.56
0.56
0.58
0.62
0.62
0.62
0.62
0.56
0.66
0.66
0.61
0.61
0.57
0.65
0.67
0.58
0.58
0.57
0.63
0.62
0.65
0.65
0.55
0.65
0.62
0.67
0.67
0.58
0.64
0.62
0.58
0.58
0.56
0.65
0.6
0.61
0.61
0.58
0.66
0.68
0.61
0.61
0.59
0.62
0.66
0.59
0.59
0.58
0.62
0.68
0.63
0.63
0.59
0.63
0.67
0.67
0.67
0.59
0.62
0.65
0.57
0.57
0.58
0.66
0.65
0.63
0.63
0.57
0.63
0.63
0.66
0.66
0.62
0.62
0.61
0.59
0.59
0.58
0.63
0.67
0.66
0.52
0.56
0.64
0.64
0.64
0.64
0.59
0.64
0.62
0.64
0.49
0.6
0.61
0.67
0.55
0.55
0.55
0.66
0.63
0.6
0.6
0.51
0.7
0.63
0.63
0.63
0.58
0.62
0.69
0.6
0.6
0.57
0.61
0.61
0.64
0.64
0.61
0.61
0.63
0.53
0.53
0.59
0.58
0.6
0.62
0.62
0.56
0.65
0.64
0.67
0.67
0.62
0.62
0.66
0.56
0.56
0.57
0.61
0.65
0.62
0.62
0.57
0.64
0.64
0.69
0.69
0.62
0.66
0.6
0.62
0.62
0.6
0.6
0.62
0.59
0.59
0.57
0.64
0.69
0.61
0.61
0.58
0.63
0.63
0.58
0.58
0.56
0.67
0.66
0.64
0.64
0.57
0.62
0.65
0.67
0.67
0.6
0.59
0.67
0.6
0.6
0.55
0.63
0.62
0.65
0.65
0.56
0.62
0.66
0.62
0.62
0.59
0.61
0.65
0.56
0.56
0.57
0.64
0.61
0.61
0.61
0.56
0.61
0.63
0.62
0.62
0.55
0.64
0.65
0.57
0.57
0.59
0.61
0.66
0.62
0.62
0.55
0.63
0.67
0.62
0.62
0.57
0.63
0.62
0.59
0.59
0.51
0.6
0.65
0.6
0.6
0.55
0.65
0.65
0.64
0.64
0.53
0.61
0.64
0.6
0.6
0.54
0.58
0.65
0.63
0.63
0.51
0.58
0.64
0.67
0.67
0.55
0.59
0.61
0.66
0.56
0.56
0.56
0.61
0.61
0.63
0.53
0.57
0.6
0.66
0.66
0.66
0.53
0.59
0.6
0.64
0.58
0.51
0.58
0.62
0.68
0.61
0.52
0.56
0.59
0.67
0.65
0.65
0.56
0.57
0.62
0.65
0.58
0.49
0.61
0.58
0.64
0.62
0.52
0.55
0.59
0.59
0.67
0.67
0.58
0.6
0.61
0.65
0.6
0.55
0.56
0.6
0.63
0.6
0.6
0.55
0.53
0.62
0.62
0.66
0.51
0.59
0.65
0.62
0.6
0.6
0.53
0.56
0.61
0.61
0.66
0.55
0.56
0.62
0.63
0.62
0.55
0.55
0.61
0.58
0.64
0.56
0.5
0.57
0.62
0.66
0.6
0.56
0.56
0.59
0.66
0.62
0.65
0.55
0.61
0.63
0.62
0.55
0.54
0.54
0.59
0.6
0.61
0.62
0.54
0.56
0.63
0.61
0.67
0.53
0.53
0.59
0.65
0.62
0.58
0.54
0.56
0.61
0.63
0.63
0.52
0.58
0.58
0.6
0.66
0.64
0.54
0.6
0.61
0.64
0.56
0.53
0.56
0.61
0.63
0.64
0.48
0.48
0.59
0.61
0.65
0.59
0.56
0.57
0.63
0.65
0.6
0.52
0.56
0.62
0.63
0.64
0.53
0.53
0.58
0.58
0.68
0.63
0.56
0.59
0.61
0.65
0.58
0.55
0.58
0.6
0.65
0.62
0.53
0.56
0.63
0.64
0.65
0.56
0.6
0.62
0.65
0.59
0.53
0.55
0.6
0.64
0.65
0.52
0.57
0.61
0.65
0.65
0.55
0.59
0.61
0.6
0.57
0.55
0.56
0.61
0.65
0.61
0.54
0.58
0.62
0.67
0.6
0.54
0.56
0.66
0.62
0.59
0.5
0.58
0.61
0.63
0.64
0.53
0.54
0.58
0.63
0.65
0.54
0.62
0.64
0.63
0.58
0.54
0.56
0.62
0.62
0.6
0.55
0.57
0.63
0.67
0.61
0.55
0.61
0.61
0.61
0.56
0.53
0.58
0.61
0.64
0.62
0.54
0.56
