-0.0021817
-0.0021817
-0.0021817
-0.0021817
0
0.0010908
0.0010908
0.0010908
0.0054541
-0.0010908
0.0021817
0.0021817
0.0010908
-0.0021817
0
0
0
-0.0010908
0.0054541
0
-0.0010908
-0.0010908
0
-0.0021817
-0.0010908
-0.0010908
-0.0010908
0
0.0021817
-0.0043633
0
0
0.0021817
0.0010908
0.0021817
0
0
-0.0021817
0.0010908
0
0
0
0.0010908
-0.0032725
-0.0010908
0.0021817
0.0021817
0.0021817
-0.0010908
-0.0032725
0.0021817
0.0021817
-0.0010908
-0.0021817
-0.0043633
-0.0021817
-0.0021817
0.0032725
0.0054541
0.0021817
-0.0010908
-0.0010908
0
-0.0054541
0.0043633
0.0043633
0.0043633
-0.0010908
-0.0032725
0.0021817
0.0021817
-0.006545
-0.0054541
0
0.0032725
0.0043633
0.0043633
-0.0021817
-0.0021817
-0.0021817
-0.0043633
0.0021817
-0.0032725
0
0.0021817
-0.0010908
-0.0010908
-0.0043633
-0.0054541
-0.0010908
0.0021817
-0.0021817
-0.0032725
-0.0032725
0.0010908
0.0010908
-0.0010908
-0.0021817
0
-0.0010908
0.0043633
0
-0.0021817
0.0010908
0
0
-0.0010908
0
0.0010908
0.0021817
-0.0010908
0.0054541
0.0010908
0
-0.0032725
0.0043633
0
0.0010908
-0.0010908
0.0021817
0.0021817
-0.0032725
0.0010908
0
0.0043633
0.0021817
0.0010908
-0.0010908
0
0.0010908
0.0032725
0.006545
0.0054541
0.0010908
0
0.0032725
0.0021817
0
0.0010908
0.0021817
0.0032725
0
0
-0.0010908
0.0010908
0.0043633
0.0010908
0
-0.0010908
0.0021817
-0.0054541
-0.0043633
-0.0032725
-0.006545
-0.0010908
0.0021817
-0.0010908
-0.006545
-0.0010908
-0.0010908
-0.0021817
-0.0010908
0
0.0010908
-0.0010908
0
-0.0032725
0
0
-0.0021817
-0.0021817
0.0021817
-0.0032725
0.0032725
-0.0010908
0.0021817
0
-0.0043633
-0.0032725
0.0032725
0.0043633
0
-0.0010908
0.0010908
0
-0.0032725
-0.0010908
-0.0054541
-0.0032725
0.0010908
0
0.0010908
-0.0021817
-0.0032725
0.0021817
-0.0043633
0.0010908
0.0032725
0.0032725
-0.0010908
0.0010908
-0.0010908
0
0
0.0010908
-0.0021817
0.0043633
0.0010908
0.0021817
-0.0010908
0.0021817
0.0010908
-0.0043633
-0.0032725
0.0010908
-0.0043633
0
0
0
0
-0.0010908
0.0010908
0
0.0010908
0.0021817
-0.0021817
-0.0010908
-0.0010908
0
-0.0032725
0
0
0
0
-0.0010908
-0.0021817
-0.0054541
0
0.0010908
-0.0010908
0
-0.0010908
-0.0043633
-0.0054541
0.0043633
0.0032725
0
-0.0010908
-0.0043633
0.0010908
0.0021817
0.0010908
0.0021817
-0.0010908
-0.0010908
-0.0010908
-0.0021817
0.0021817
0
-0.0010908
0.0021817
0.0010908
-0.0010908
0.0010908
0.0021817
0
0
0.0054541
0.0043633
0.0043633
0.0010908
0.0010908
0.0032725
0.0021817
0.0021817
0.0021817
0.0021817
-0.0010908
-0.0043633
0.0010908
0.0021817
0.0010908
-0.0010908
-0.0010908
-0.0010908
0.0010908
0
-0.0010908
0
0.0032725
0
0.0032725
-0.0010908
-0.0010908
0.0010908
0
0
-0.0010908
0.0010908
0
0.0032725
0
-0.0021817
0
0.0032725
0.0021817
0.0032725
-0.0021817
0.0010908
0.0043633
0.0032725
0.0043633
0.0032725
0
0.0043633
0.0021817
0
0.0032725
0.0010908
-0.0010908
-0.0010908
-0.0021817
0
-0.0010908
0.0043633
0.0054541
-0.0010908
-0.0010908
-0.006545
0
0.0032725
0
0
0.0032725
0.0021817
0.0032725
0
0.0010908
-0.0010908
0.0043633
0.0032725
0.0032725
0.0021817
0.0021817
0.0010908
0.0010908
0.0032725
0.0054541
-0.0010908
0.0021817
0.0021817
-0.0032725
-0.0010908
-0.0010908
-0.0032725
0
-0.0021817
0.0010908
0.0021817
-0.0054541
0
-0.0021817
-0.0032725
-0.0021817
0.0010908
0
0
0.0010908
0.0010908
0.0032725
0
-0.0032725
0.0021817
-0.0032725
0.0021817
0.0032725
-0.0032725
-0.0021817
-0.0010908
0.0010908
0
-0.0021817
0.0043633
-0.0010908
-0.0021817
0.0021817
0.0032725
-0.0021817
-0.0010908
-0.0021817
0.0021817
0.0010908
0.0010908
0.0010908
-0.0010908
0.0032725
-0.0010908
0.0010908
-0.0010908
0.0010908
0.0010908
0
0.0010908
-0.0043633
-0.0032725
-0.0010908
0.0021817
0.0021817
0.0032725
0
0
-0.0010908
0.0032725
0
-0.0010908
-0.0032725
-0.0021817
-0.0010908
0
-0.0021817
0.0043633
-0.0021817
0.0021817
0.0021817
0.0010908
0.0021817
0
0.0021817
-0.0021817
-0.0054541
-0.0010908
0
0
0.0010908
0
-0.0010908
0
0
0.0032725
0.0032725
-0.0021817
-0.0043633
-0.0021817
-0.0021817
0
-0.0032725
-0.0021817
-0.0010908
-0.0043633
0.0010908
0.0010908
0
0.0032725
0.0010908
-0.0021817
0.0021817
-0.0010908
0
0.0054541
0.0010908
0.0010908
-0.0010908
0.0021817
0.0021817
0.0021817
0.0021817
0.0010908
-0.0032725
0.016362
-0.006545
-0.0043633
-0.0010908
-0.0021817
0.0076358
-0.0021817
0.0043633
0.0010908
0.0010908
0.0032725
-0.0021817
-0.0032725
0
0.0021817
-0.0010908
0
-0.0010908
-0.0021817
-0.010908
-0.010908
-0.061086
0.0076358
0.0021817
-0.073085
0.067631
0.067631
-0.32179
-0.17235
-0.20726
0.47015
0.20944
0.20944
0.5945
0.14181
-0.31852
0.18326
0.064359
0.064359
0.17999
0.32507
-0.037088
0.54978
0.095993
0.095993
-0.38288
0.56723
0.46687
-0.10908
-0.07854
-0.07854
-0.018544
-0.02618
0.01309
-0.0021817
-0.0021817
-0.0021817
-0.01309
-0.022907
-0.019635
-0.015272
-0.014181
-0.014181
-0.016362
-0.029452
-0.038179
0.12981
0.17235
0.17235
0.038179
-0.073085
-0.10581
-0.061086
-0.097084
-0.097084
-0.13635
0.063268
0.035997
0.029452
0.025089
0.025089
0.01309
-0.0032725
0
0.0032725
-0.0021817
-0.0021817
-0.015272
-0.025089
-0.014181
-0.011999
-0.011999
-0.011999
-0.033816
-0.030543
-0.062177
-0.047996
-0.073085
-0.073085
-0.062177
0.091629
-0.45269
-0.87157
-0.41233
-0.41233
-0.099265
0.16908
-0.046906
-0.0043633
0.014181
0.014181
0.021817
0.0076358
0.019635
0.015272
0.019635
0.019635
0.016362
0.015272
0.018544
0.01309
0.0032725
0.006545
0.006545
0
0
-0.0098174
-0.033816
-0.38943
-1.0668
-0.25525
-0.25525
0.12545
-0.21162
0.31852
1.3984
1.0199
0.35452
-0.16035
-0.16035
-0.38288
-0.10254
-0.085084
0.22798
-0.032725
0.55087
0.59886
0.058905
-0.093811
-0.14835
-0.14835
-0.34688
-0.53669
-0.42324
-0.068722
-0.019635
-0.019635
-0.063268
-0.032725
-0.081812
-0.19089
-0.17562
0.023998
0.068722
0.046906
0.13199
0.21162
0.21162
0.19744
0.28143
0.16144
0.18544
0.45815
0.15708
0.15708
0.06654
0.016362
-0.049087
0.038179
0.016362
0.0043633
0.0098174
0.027271
0.027271
0.074176
0.06654
0.014181
-0.0010908
0.0010908
-0.0043633
-0.0043633
-0.0054541
-0.011999
-0.011999
-0.0021817
-0.011999
0.058905
0.058905
0.095993
0.11563
-0.10908
-0.26507
0.081812
-0.031634
-0.010908
0.014181
0.014181
0.034906
0.02618
0.023998
0.01309
0.0043633
-0.0010908
-0.0010908
-0.006545
-0.006545
-0.0054541
-0.0043633
-0.0087266
-0.011999
-0.037088
0.006545
0.067631
0.067631
-1.1475
-0.021817
-0.021817
-0.11345
0.40033
1.3559
1.3559
0.6665
0.8803
0.76685
-0.058905
-0.54432
0.7134
0.9043
-0.069813
-0.069813
0.059995
-0.14399
0.21053
0.30325
-0.30107
-0.037088
-0.041451
-0.12545
-0.12545
-0.0032725
0.0054541
0.019635
-0.014181
-0.18544
-0.33052
-0.42651
-0.39706
-0.25962
-0.25962
-0.31961
-0.0054541
0.3207
0.22035
0.26834
0.26834
0.16035
0.069813
0.15708
-0.01309
-0.19744
-0.19744
0.19635
0.030543
0.015272
0.01309
-0.010908
-0.010908
0.0043633
0.0087266
0.0098174
0.0021817
0.0021817
0.0087266
0.011999
0.0032725
-0.0010908
-0.0098174
-0.0098174
-0.0087266
-0.0098174
-0.0098174
-0.033816
-0.020726
-0.020726
-0.015272
-0.03927
-0.0010908
0
0.0087266
0.0087266
0.0076358
0.0032725
0.016362
0.015272
0.020726
0.011999
0.0076358
0.01309
0.010908
0.0010908
0.0010908
0.0032725
0.0054541
-0.0076358
-0.010908
-0.025089
-0.023998
-0.28471
-1.6984
-1.9613
0.20726
0.20726
0.92938
-0.49851
0.88466
1.7181
1.5501
1.5501
0.77994
0.39815
-0.073085
-0.33597
0.054541
0.054541
0.077449
0.4636
0.46142
0.16035
0.26943
0.26943
-0.10581
-0.42324
0.0010908
-0.31743
-0.31743
-0.31198
0.029452
-0.047996
-0.014181
0.020726
0.020726
-0.17453
-0.44942
-0.50833
0.32288
0.32288
0.24653
0.20835
0.34797
0.24762
0.14181
0.14181
0.050178
0.069813
0.06545
0.029452
-0.06654
-0.06654
0.17344
0.02618
0.020726
0.01309
0.006545
0.006545
0.010908
0.027271
0.0076358
-0.0043633
-0.0010908
-0.0010908
0
-0.0076358
-0.0021817
-0.0032725
-0.0032725
-0.0043633
-0.0098174
-0.017453
-0.010908
-0.010908
-0.033816
-0.02618
-0.0087266
-0.0043633
-0.0098174
-0.0098174
0.010908
0.0076358
0.016362
0.016362
0.016362
0.027271
0.010908
0.0098174
0.011999
0.0043633
0.0043633
0.0021817
-0.0032725
-0.0043633
-0.015272
-0.015272
0.049087
-0.63268
-1.8413
-0.77667
0.71558
0.71558
-0.33597
-0.23235
1.2992
0.72649
0.44397
0.44397
0.61304
0.39379
-0.24216
-0.20835
0.19417
0.19417
0.58577
-0.14072
0.050178
0.2738
-0.10145
-0.10145
-0.21162
-0.045815
-0.14508
-0.45597
-0.42651
-0.42651
-0.080721
0.069813
0.02618
-0.006545
-0.07963
-0.07963
-0.19853
-0.41451
-0.27271
-0.055632
0.07854
0.07854
0.22907
0.34252
0.3567
0.30761
0.34034
0.34034
0.30543
0.06545
0.14617
-0.027271
0.019635
0.019635
0.011999
0.0054541
0.0076358
0.0098174
0.0087266
0.0087266
0.020726
0.023998
0.0032725
0.0010908
0.0032725
0.0032725
-0.0076358
-0.011999
-0.01309
-0.017453
-0.019635
-0.019635
-0.015272
0.0010908
-0.010908
-0.01309
-0.018544
-0.018544
-0.019635
-0.014181
0
-0.014181
0.0087266
0.0087266
0.021817
0.021817
0.015272
0.0098174
0.0098174
0.0098174
0.03927
-0.006545
-0.0021817
0.010908
0.0021817
0.0021817
-0.0043633
-0.0032725
-0.0032725
-0.016362
-0.06654
-0.06654
-0.58905
-0.059995
-0.44942
0.19417
0.19417
0.35125
0.27816
0.6305
0.54978
0.54978
0.022907
-0.34034
-0.045815
-0.10363
-0.082903
-0.082903
0.13744
0.18762
-0.019635
-0.10036
-0.10036
-0.10254
-0.077449
-0.10908
-0.20071
0.058905
0.058905
-0.045815
-0.038179
0.018544
-0.010908
-0.087266
-0.087266
-0.32179
-0.063268
0.14617
0.22471
0.22471
0.20071
0.41451
0.29125
0.28252
0.21707
0.21707
0.1549
0.18326
-0.021817
0.027271
-0.021817
-0.021817
0.0098174
0.0021817
-0.0076358
0
0.0010908
0.0010908
0.006545
0
0.0010908
-0.0043633
-0.0054541
-0.0054541
-0.0087266
-0.019635
-0.016362
-0.0054541
-0.006545
-0.006545
-0.0021817
-0.046906
-0.033816
-0.018544
-0.015272
-0.015272
-0.0087266
-0.0076358
0.017453
0.029452
0.029452
0.0087266
0
0.017453
0.014181
0.014181
0.015272
0.0076358
0.0054541
0.0054541
-0.0032725
-0.0032725
-0.0043633
-0.015272
-0.020726
0.11563
-1.0232
-1.0232
-2.0202
0.47015
0.59777
-1.297
0.5465
0.80394
0.80394
-0.12654
0.57705
0.40579
-0.3567
-0.3567
0.42106
0.46251
-0.32943
-0.32943
0.32943
-0.2258
-0.26398
-0.045815
-0.045815
-0.13308
-0.24216
-0.28361
-0.11563
0.053451
0.015272
0.015272
0.022907
-0.071995
-0.20071
-0.20071
-0.32179
0.16581
0.46033
0.29452
0.29452
0.17453
0.12217
0.10472
0.14399
0.1429
0.1429
0.06654
-0.032725
0.01309
0.01309
0.010908
0.010908
0.0054541
0.0010908
-0.0076358
0.0087266
0.0076358
0.0076358
-0.0010908
-0.0010908
0.0043633
-0.006545
-0.015272
-0.015272
-0.017453
-0.022907
-0.0043633
0
0
0
-0.0032725
0.0043633
-0.031634
-0.029452
-0.0010908
-0.0010908
0.022907
-0.0098174
0
0.0054541
0.0021817
0.0021817
0.0010908
0.010908
0.011999
0.023998
0.0032725
0.0032725
0.0098174
0.0043633
0.0010908
0
-0.010908
-0.010908
-0.017453
-0.017453
0.054541
-0.81048
-1.8566
-1.8566
-1.0199
0.9272
-0.22798
-0.28798
0.6774
0.6774
1.1868
0.53778
0.54323
0.24871
-0.19199
-0.19199
-0.085084
0.14399
0.39379
0.16035
-0.25634
0.050178
-0.080721
-0.16144
-0.22471
-0.016362
-0.016362
-0.071995
-0.083994
0.0010908
-0.0043633
-0.028361
-0.028361
0.0032725
-0.0098174
-0.020726
-0.12981
-0.58468
-0.58468
-0.3447
-0.15272
0.30325
0.1789
0.1898
0.1898
0.23562
0.17453
0.16253
0.31961
0.21053
0.21053
-0.06545
-0.0098174
-0.0021817
0.016362
0.0087266
0.0087266
0.0076358
0.0043633
0.031634
0.0087266
-0.0021817
-0.0021817
0.0054541
0.0021817
-0.0032725
-0.0098174
-0.0076358
-0.01309
-0.01309
-0.014181
-0.0076358
-0.006545
-0.006545
-0.019635
-0.020726
-0.025089
-0.014181
-0.0032725
0
0
0
0.0076358
0.01309
0.010908
0.010908
0.010908
0.006545
0.0032725
0.0087266
0.0087266
0.0010908
-0.0032725
-0.01309
-0.01309
-0.021817
-0.021817
-1.6035
-1.2937
0.98502
-0.31634
-0.28252
0.62941
1.0559
0.49742
0.49742
0.67958
0.38724
-0.16253
-0.3567
0.044724
0.044724
0.39161
0.38943
-0.0076358
-0.18326
-0.043633
-0.043633
-0.089448
-0.13417
0.006545
-0.34906
-0.17235
-0.17235
-0.0054541
-0.015272
-0.0021817
0.01309
0.019635
-0.13963
-0.13963
-0.39706
-0.37415
-0.030543
-0.030543
0.47342
0.41997
0.37415
0.27162
0.20398
0.20398
0.11017
0.0054541
0.057814
0.0021817
0.018544
0.018544
0.01309
0.0054541
0.0098174
0.0076358
-0.0043633
-0.0043633
-0.0054541
0.0087266
0.0054541
0.0076358
0.015272
0.015272
0.0032725
0
-0.0087266
-0.011999
-0.0076358
-0.0076358
0
-0.0021817
0.0021817
-0.0043633
-0.0076358
-0.0076358
-0.031634
-0.020726
0.0021817
0.029452
0.0032725
0.0032725
0.0010908
0.0032725
0.0032725
0.0043633
0.010908
0.010908
0.011999
0.011999
0.01309
0.0043633
-0.0021817
0.0021817
0.0021817
-0.0010908
-0.0076358
-0.023998
-0.023998
0.045815
-0.64686
-1.5381
-0.48324
-0.090539
-0.090539
-0.54869
0.24653
0.7374
0.75376
0.65122
0.65122
0.47887
0.54869
-0.24871
-0.65559
0.43524
0.43524
0.23562
0.26943
-0.12872
0.4516
0.12435
0.12435
-0.15708
-0.2618
-0.1898
-0.14072
-0.074176
-0.074176
-0.019635
0.034906
0.028361
-0.015272
-0.023998
-0.17671
-0.17671
-0.39706
-0.38833
-0.3087
-0.20726
-0.20726
0.50833
0.34034
0.20835
0.20398
0.10908
0.10908
0.15926
0.12872
0.011999
0.0021817
-0.0043633
0.0010908
0.0010908
0.0032725
0.0032725
-0.0043633
0.0054541
0.0054541
0
0
-0.0054541
0.0032725
0.0021817
0.0043633
-0.0087266
-0.0087266
-0.0098174
-0.015272
-0.0087266
0.016362
0.0032725
0.0032725
-0.0021817
-0.017453
-0.01309
-0.0076358
-0.022907
0.0087266
0.020726
-0.022907
0.017453
0.017453
-0.01309
0.019635
0.0087266
0.014181
0.0010908
0.010908
0.0076358
0.0076358
0.0098174
0.0043633
0.0032725
0.0021817
-0.0076358
-0.0076358
-0.01309
-0.03927
-0.72104
-2.0551
-1.1203
-1.1203
0.82794
-0.28252
-0.47124
0.95338
0.98393
0.51596
0.76031
0.78103
0.78103
-0.27162
-0.63377
0.17235
0.53014
0.47233
0.47233
-0.24653
0.27925
-0.12654
-0.28252
-0.32725
-0.32725
-0.082903
-0.12763
-0.095993
-0.071995
0.022907
0.022907
-0.028361
0.075267
0.045815
-0.034906
-0.12872
-0.46142
-0.74722
-0.02618
0.72322
0.35561
0.21489
0.36652
0.36652
0.20508
0.1898
-0.11017
-0.11563
-0.11563
0.016362
-0.0032725
0.02618
0.019635
0.018544
0
0
-0.010908
0
0.018544
0.020726
0.020726
0.010908
0.014181
-0.0021817
-0.0087266
-0.0098174
-0.0054541
-0.0054541
-0.020726
-0.016362
-0.015272
-0.0010908
-0.022907
-0.014181
-0.022907
-0.022907
-0.017453
0.025089
0.0032725
0.0032725
-0.0087266
0.01309
0.018544
0.018544
0.0076358
0.011999
0.01309
0.01309
0.017453
0.017453
-0.0010908
0.0054541
0
-0.0098174
-0.014181
-0.035997
-0.035997
-0.15817
-1.5806
-1.4781
0.92502
-0.38179
-0.38179
-0.80067
0.4636
1.297
0.77885
0.85194
0.85194
0.52142
0.029452
-0.49633
-0.067631
0.056723
0.80612
0.1778
-0.22253
-0.2138
-0.21162
-0.17562
-0.24762
-0.057814
-0.057814
-0.15599
-0.17453
0.0054541
0.021817
-0.029452
0.038179
-0.01309
-0.23126
-0.28143
-0.4276
-0.63595
-0.63595
0.054541
0.34906
0.39052
0.30434
0.39706
0.28471
0.061086
0.082903
-0.0021817
-0.062177
-0.062177
0.030543
0.018544
0.021817
0.0043633
-0.0010908
-0.0010908
-0.0010908
0.011999
0
-0.0021817
0.01309
0.006545
0.006545
-0.011999
-0.016362
-0.011999
-0.017453
0.0043633
0.011999
-0.0043633
-0.011999
-0.0054541
-0.0076358
-0.0076358
-0.016362
-0.0087266
0.0076358
-0.0010908
-0.0010908
-0.0010908
-0.0021817
-0.0032725
0.0010908
0.01309
0.01309
0.01309
0.011999
0.0021817
-0.006545
0.0098174
0.0076358
0.01309
-0.025089
-0.075267
-0.021817
0.086175
0.086175
-0.58686
-1.5653
-0.094902
-0.10472
-0.41888
0.49087
1.0156
0.73849
0.50505
0.7494
0.7494
0.80612
0.48105
-0.27707
-0.023998
0.27052
0.11672
0.11672
0.076358
-0.26943
0.33925
0.0087266
-0.097084
-0.13308
-0.10254
-0.067631
0.006545
0.023998
0.023998
0.0021817
0.037088
0.016362
-0.0021817
-0.075267
-0.21053
-0.11017
0.1069
0.32834
0.23016
0.056723
-0.085084
-0.074176
-0.12326
-0.010908
-0.10363
-0.15053
0.1309
0.0043633
0.006545
0.0043633
0.0043633
0.0010908
-0.010908
0.0032725
0.0043633
0.0010908
0.0010908
0
0
-0.0087266
-0.0087266
0.0032725
0.0032725
0.0043633
-0.0076358
0.0098174
-0.0076358
-0.016362
-0.016362
0.15381
-1.009
-1.802
-1.2501
0.21926
0.21926
0.046906
0.15162
-0.55414
-0.66977
-0.075267
-0.075267
0.24107
0.0098174
-0.006545
0.0021817
0.0076358
0.0076358
0.0087266
0.0054541
0.0076358
0.0098174
0.0098174
0.018544
0.13963
0.26398
0.27162
0.59341
0.59341
1.6155
2.3998
1.5566
1.9646
1.9646
2.0584
2.0529
1.9406
2.6583
2.5504
2.5504
1.9591
1.3919
1.2784
1.6057
0.7374
0.7374
0.63377
0.41124
-0.11345
0.06654
0.0087266
0.0087266
0.46906
1.0734
0.33379
0.3087
0.43742
0.43742
0.51051
-0.068722
0.14072
-0.035997
-0.27925
-0.27925
-0.010908
0.52687
-0.06545
-0.17999
-0.051269
-0.051269
-0.10581
-0.29125
-0.5236
-0.91193
-0.11345
-0.11345
0.18871
-0.080721
0.02618
0.014181
-0.016362
-0.016362
-0.0032725
-0.061086
-0.0043633
-0.011999
-0.018544
-0.018544
-0.016362
-0.01309
-0.006545
-0.0054541
0.0021817
0.0021817
0.011999
0.0032725
-0.0021817
-0.13308
-1.2043
-1.2043
-1.946
-2.2602
-0.91084
0.05236
0.19089
0.19089
-0.099265
-0.39379
-0.57596
-0.55959
0.34906
0.34906
-0.12763
-0.12763
0.054541
0.016362
0.019635
0.006545
0.006545
0.006545
-0.0043633
0.01309
0.01309
0.088357
0.13963
0.72431
1.777
1.525
1.525
1.5882
1.8359
2.126
2.2035
2.2035
1.3941
2.0758
2.5329
1.9679
1.5315
1.5315
1.3308
1.4279
1.2817
0.29998
1.1705
1.1705
1.2479
-0.10145
-0.064359
-0.047996
-0.059995
-0.059995
0.0021817
0.06545
0.50178
0.78321
0.33488
0.33488
-0.21926
-0.029452
-0.26616
-0.29998
-0.29998
-0.2858
-0.063268
0.020726
0.3087
0.14399
0.14399
-0.10581
-0.13635
-0.10036
0.025089
-0.0010908
-0.0010908
0.035997
0.0087266
0.027271
-0.083994
-0.40142
-0.40142
0.32179
-0.059995
0.027271
-0.014181
-0.019635
-0.019635
-0.028361
-0.035997
-0.020726
-0.0076358
-0.006545
0
0.0054541
0.0054541
-0.23453
-0.68831
-0.68831
-1.8642
-2.0464
-1.0079
0.2498
0.090539
0.090539
-0.17671
0.06545
0.028361
-0.016362
0.023998
0.023998
0.030543
0.0010908
0.0043633
0.0076358
0.0076358
0.0076358
0.0032725
-0.011999
-0.023998
0.023998
0.022907
0.30979
0.30979
0.8563
1.4399
1.1236
1.2981
2.006
2.006
1.754
1.4693
1.6646
1.7508
1.7508
2.2842
2.1009
2.1926
1.4715
1.3875
1.3003
1.3003
0.56287
1.4072
0.99047
0.4516
0.4516
0.44288
0.19962
-0.006545
-0.028361
0.080721
0.080721
0.81703
1.321
-0.4636
0.030543
0.030543
0.49196
-0.66213
-0.47233
0.030543
0.030543
-0.36652
-0.19526
0.046906
-0.051269
-0.051269
0.014181
-0.062177
-0.006545
0.063268
0.011999
0.01309
0.01309
0.030543
0.040361
-0.19744
0.061086
0.045815
0.045815
-0.030543
-0.0098174
-0.017453
-0.021817
-0.035997
-0.035997
-0.03927
-0.025089
-0.0076358
-0.0054541
-0.0087266
-0.0076358
-0.0076358
-0.13308
-0.20726
-1.7115
-1.7115
-2.0868
0.027271
0.34143
0.029452
0.042542
0.042542
0.0076358
0.01309
0.006545
-0.0021817
-0.0021817
0
0.0021817
0.0054541
0.0021817
0.0021817
0.0021817
0.0021817
0.040361
0.11563
0.1898
0.70904
0.70904
1.4999
1.2599
1.3079
1.1519
2.0846
2.0846
2.1347
2.0006
1.7355
1.5741
2.3224
2.3224
1.9111
1.7213
1.6973
1.5828
0.90102
0.90102
0.32398
1.1345
0.021817
0.3807
0.32616
0.32616
0.37961
0.37088
0.44615
0.62286
0.71667
0.71667
0.97302
0.66977
-0.17344
-0.43306
-0.038179
-0.038179
0.0054541
-0.37088
-0.059995
0.1898
-0.45815
-0.45815
-0.67086
-0.12981
-0.30543
-0.25089
-0.31198
-0.31198
-0.13308
-0.19962
0.12654
0.058905
0.006545
0.085084
0.085084
0.016362
0.076358
-0.006545
-0.006545
-0.01309
-0.011999
-0.025089
-0.088357
-0.090539
-0.090539
-0.034906
-0.0076358
0.0010908
-0.0021817
-0.0032725
-0.0032725
0.0021817
-0.0043633
-0.016362
-0.027271
-0.02618
-0.02618
-0.053451
0
0.02618
0.0021817
0.0054541
0.0054541
0.0054541
0.0054541
0.0076358
0.0043633
0
0
0
0.0021817
0.0021817
-0.0087266
-0.0098174
-0.0098174
0.057814
0.063268
0.68613
0.9043
0.9992
0.9992
1.3101
1.4781
1.7213
1.6068
1.6951
1.6951
1.7595
1.5653
1.5282
2.0562
2.3682
2.3682
1.9002
1.237
0.86175
0.73522
1.093
1.093
-0.051269
0.57377
0.39052
0.58905
0.71558
0.71558
0.35561
1.0014
1.0036
1.1421
0.89993
0.89993
-0.18435
-0.045815
-0.06545
-0.27271
-0.22907
-0.22907
0.25744
0.22144
-0.094902
-0.29016
-0.44724
-0.44724
-0.44724
-0.64032
-0.66213
-0.66213
-0.51596
0.19635
0.098174
-0.011999
0.02618
-0.13744
-0.13744
-0.50287
0.23562
0.0076358
-0.010908
-0.019635
-0.019635
-0.019635
-0.020726
-0.028361
-0.0076358
-0.0076358
-0.0032725
0.0032725
0.006545
0.0076358
0.0076358
0.0076358
-0.0032725
-0.021817
-0.12981
-0.65777
0.1549
0.1549
0.23453
-0.12981
0.0054541
0.010908
0.014181
0.014181
0.017453
0.0098174
-0.038179
0.0076358
0.0043633
0.006545
0.0021817
0.0054541
-0.0098174
0.049087
0.049087
0.080721
0.14944
0.62286
1.0974
1.1126
1.1126
1.5272
1.9166
1.4835
1.1966
1.8762
1.9569
1.9569
1.6319
1.4246
2.0518
1.9024
1.6591
0.97411
0.76031
1.1159
0.59995
0.59995
-0.38397
0.6774
0.3447
0.7614
0.61304
0.61304
0.73304
0.61523
0.95993
1.0712
-0.043633
-0.11454
-0.0010908
-0.090539
0.10254
0.50505
0.50505
0.16144
-0.16362
-0.31525
-0.73849
-0.28471
-0.28471
0.14399
-0.52251
-0.60759
-0.1069
0.15053
0.01309
0.01309
0.017453
0.017453
0.085084
-0.50942
0.10254
0.17126
-0.046906
0.015272
-0.0076358
-0.0076358
-0.032725
-0.038179
-0.02618
-0.023998
-0.0098174
0.0010908
0.0076358
0.0087266
0.0087266
0.0054541
0.0032725
-0.0032725
-0.010908
-0.016362
-0.03927
-0.03927
-0.023998
-0.0076358
0.010908
0.0010908
0.0054541
0.0054541
0
0
0.0010908
0.006545
-0.0054541
-0.0054541
0.0043633
0.0021817
-0.0098174
0.0098174
0.0098174
0.034906
0.087266
0.15162
0.81812
0.99374
0.99374
0.90975
1.4344
1.8064
1.4083
1.417
1.417
1.7333
1.6395
1.4443
1.3286
1.8064
1.8064
1.717
1.6482
1.5272
1.465
1.465
0.7614
1.1301
0.020726
1.0952
0.45051
-0.027271
-0.027271
-0.11454
0.59995
0.59341
0.6545
0.96647
0.92284
0.021817
0.021817
-0.062177
-0.07854
-0.038179
-0.30107
-0.24216
0.60868
0.14508
0.14508
-0.2138
-0.067631
-0.18326
-0.18762
-0.094902
-0.094902
0.034906
0.018544
0.035997
0.016362
-0.0076358
-0.0076358
-0.041451
-0.6665
0.24871
-0.0043633
-0.011999
-0.011999
-0.01309
-0.006545
-0.0098174
-0.014181
-0.0087266
-0.006545
0.0021817
0.011999
0.014181
0.01309
0.01309
0.0087266
0.0076358
-0.0087266
-0.11017
-0.42979
-0.42979
-1.6602
-0.30979
0.028361
-0.054541
0.055632
0.055632
0.0054541
0.010908
0.0098174
0.0021817
-0.0021817
-0.0021817
0.0043633
0.0021817
0.0098174
0.0098174
0.0010908
0.057814
0.064359
0.52032
0.52032
0.9992
1.1388
1.2523
1.2523
1.7181
1.6941
1.6799
1.9515
1.9515
1.5435
1.3515
1.6733
1.9253
2.21
1.7966
1.0996
0.71449
1.5577
1.5577
0.087266
0.90211
0.22471
-0.39597
0.01309
0.01309
0.30761
0.51487
0.59559
1.0505
1.2163
1.2163
0.37306
-0.006545
-0.14944
-0.29998
-0.2618
-0.2618
-0.11017
-0.57814
0.18217
0.28907
-0.16253
-0.030543
-0.032725
-0.018544
-0.044724
0.076358
0.03927
0.03927
0.031634
-0.006545
0.0021817
-0.006545
0.029452
0.029452
-0.25853
0.080721
0.06654
-0.0076358
-0.0087266
-0.0087266
-0.031634
-0.064359
-0.077449
-0.0076358
-0.0043633
-0.0043633
0
0.0021817
-0.0098174
-0.031634
-0.037088
-0.054541
-1.5119
-1.6679
-1.4192
0.18217
0.18217
-0.0098174
-0.017453
0.0032725
0.019635
0.02618
0.014181
-0.0043633
0.0021817
0.006545
0.0043633
0.0043633
0.0087266
0.0076358
0.0010908
0.0054541
0
0
-0.0021817
0
-0.0032725
-0.0032725
-0.006545
-0.0076358
-0.0087266
-0.0098174
-0.0076358
-0.010908
-0.01309
-0.0021817
0.0010908
-0.0021817
-0.0032725
-0.0032725
-0.014181
-0.0043633
0.0032725
0
0.0043633
0.0043633
0
0.0021817
0.0076358
0.0098174
0.0076358
0.0032725
0.0010908
0.0076358
0.0043633
0
0
0.0010908
0.0043633
0
0
0.0021817
0.0032725
-0.0032725
0
-0.0010908
-0.0010908
0.0021817
0.0010908
0
0
-0.0010908
-0.0010908
0
0
0.0021817
-0.0010908
-0.0010908
0.0043633
-0.0021817
0
0.0021817
0.0021817
-0.0021817
0
0
0
0
0.0021817
-0.0043633
0.0043633
-0.0021817
-0.0021817
0.0032725
-0.0043633
-0.0021817
0
0
0
-0.0010908
0.0043633
-0.0010908
-0.0010908
0
0
0.0021817
0
0
0.0021817
0.0010908
-0.0010908
0.0010908
0.0010908
-0.0043633
-0.0021817
0.0032725
0.0054541
0.0054541
-0.0010908
-0.0010908
0.0032725
-0.0010908
-0.0010908
-0.0010908
-0.0021817
-0.0032725
-0.0032725
-0.0032725
0.0010908
-0.0010908
0
0.0021817
0.0021817
-0.0010908
0.0021817
0.0032725
0.0021817
0.0021817
0.0021817
0.006545
0.0054541
0
0
0.0010908
0.0043633
0.0054541
-0.0010908
0.0010908
0
0.0021817
0.0032725
0
0.0021817
0.0043633
0.0032725
0.0021817
0.0032725
-0.0032725
0.0010908
0
0.0043633
0
0.0032725
-0.0021817
0
0.0010908
0.0032725
0.0021817
-0.0032725
0.0021817
0.0021817
0.0021817
0.0010908
-0.0021817
0.0010908
-0.0021817
0
0.0021817
-0.0032725
0
0.0010908
0.0032725
0.0010908
-0.0010908
0
0.0010908
0.0010908
-0.0010908
0.0021817
-0.0021817
-0.0032725
-0.0021817
0
0
0.0021817
0.0021817
0.0032725
-0.0043633
-0.0043633
-0.0043633
0
0
0.0021817
0.006545
0
0.0032725
-0.0010908
0.0021817
0.0010908
0.0010908
0.0043633
0
0.0043633
0.0021817
0.0043633
0.0010908
0.0043633
0.0010908
-0.0010908
-0.0032725
-0.0010908
0.0010908
-0.0010908
0.0010908
0.0010908
0.0054541
0.0010908
-0.0010908
0.0043633
0
0.0010908
-0.0032725
-0.0021817
0.0010908
0.0010908
0
-0.0010908
0.0010908
-0.0032725
0.0010908
0
0
0.0032725
0.0010908
0.0043633
-0.0010908
0.0032725
0.0010908
0.0010908
0.0032725
0
0.0032725
0.0010908
0
0.0010908
0.0032725
0.0032725
0.0032725
0
-0.0010908
0.0021817
0
0.0032725
-0.0021817
-0.0021817
0.0010908
-0.0010908
0
0
0.0021817
0
-0.0021817
0
-0.0054541
-0.0043633
0
0.0010908
-0.0032725
0.0021817
-0.0021817
0
0
-0.0021817
0
-0.0032725
0
0
-0.0032725
0
-0.0043633
-0.0010908
-0.0010908
-0.0021817
0.0054541
0.0043633
0.0032725
0.0043633
0.0010908
0.0010908
0
-0.0032725
-0.0032725
0.0021817
-0.0043633
0.0010908
0.0010908
-0.0021817
0.0010908
0
0.0043633
0.0021817
-0.0032725
-0.0054541
-0.0032725
-0.0010908
0
-0.0010908
-0.0054541
0
-0.0032725
0.0010908
0.0010908
0.0032725
0.0043633
-0.0021817
0
0.0043633
-0.0010908
-0.0021817
0.0021817
0.0010908
-0.0032725
0.0010908
0.0021817
-0.0010908
-0.0010908
-0.0054541
-0.0054541
-0.0010908
0.0010908
-0.0010908
-0.0021817
-0.0032725
0.0032725
-0.0032725
-0.0021817
0.0021817
0.0043633
-0.0010908
0
0.0010908
0.0010908
-0.0010908
0.0010908
0.0032725
0.0032725
-0.0021817
0.0010908
-0.0021817
0.0021817
0.0043633
0.0021817
0.0021817
0.0021817
0.0054541
0.0021817
0
0
0.0021817
0.0010908
0.0032725
0
0
-0.0076358
-0.017453
-0.017453
-0.018544
-0.0087266
-0.035997
-0.037088
-0.015272
-0.025089
-0.023998
-0.0043633
0.0054541
0.0010908
-0.0076358
-0.081812
-0.17453
-0.10036
-0.0054541
-0.0043633
0
0.0043633
0
0.0054541
0.014181
-0.0010908
0.0032725
0.0021817
0.0032725
0.0010908
0.0032725
-0.0021817
0
0
0.0098174
0.006545
0.019635
0.021817
0.021817
-0.0010908
-0.0054541
-0.0010908
0
0
-0.0087266
0.028361
-0.01309
-0.011999
-0.011999
-0.022907
-0.020726
-0.010908
-0.0098174
-0.0098174
-0.018544
-0.1069
-1.4595
-1.4595
-0.79412
-0.06654
-0.10581
0.041451
0.041451
0.011999
0.0076358
0.0076358
0.0054541
0.0087266
0.0043633
0.0043633
0.0043633
0.010908
0.021817
0.020726
0.020726
-0.0032725
-0.068722
-0.068722
-0.068722
-0.39488
-1.057
-0.47124
-0.47124
-0.47124
0.80067
0.3567
0.21707
-0.29125
-0.46796
0.10908
0.26616
0.89993
-0.20508
0.36325
0.36325
-0.18653
-0.18653
-0.032725
-0.087266
-0.061086
-0.15381
-0.18326
0.037088
-0.033816
0.015272
0.015272
-0.03927
-0.16035
-0.32834
-0.058905
0.17453
0.082903
0.082903
0.29452
0.29234
-0.12435
0.050178
0.098174
-0.07854
-0.07854
0.023998
0.17235
-0.0021817
0.16144
0.014181
0.027271
0.018544
0.010908
0.010908
0.0032725
0.0043633
0.017453
0.010908
-0.0021817
0.0087266
0.0010908
0.0010908
-0.0054541
-0.0054541
-0.0043633
-0.006545
-0.0087266
-0.0054541
-0.0021817
-0.057814
-0.054541
-0.020726
-0.020726
0.016362
0.022907
0.038179
0.0076358
0.02618
0.027271
0.016362
0.022907
0.022907
0.019635
0.019635
0.01309
0.029452
-0.015272
-0.021817
-0.0032725
-0.0032725
-0.010908
-0.018544
-0.0098174
-0.019635
-0.017453
-0.017453
0.054541
-1.1683
-0.9392
-0.030543
-0.59341
-0.59341
-0.0032725
0.59777
0.75158
0.54323
0.8683
0.8683
0.57487
-0.29234
-0.61086
-0.07854
0.16471
0.13199
0.028361
0.4396
0.4396
0.7254
-0.95229
-0.47887
-0.13635
-0.65341
-0.59886
0.19635
0.19635
-0.071995
-0.090539
-0.0032725
-0.01309
0.15162
0.15162
-0.18326
-0.16144
0.22362
0.0054541
0.0054541
0.05236
-0.16253
-0.25634
-0.11672
-0.20071
0.17126
0.17126
0.41124
0.073085
-0.067631
0.016362
0.0076358
0.0076358
0.023998
0.010908
0.0043633
0.0098174
0.0021817
0.0021817
-0.0021817
-0.016362
-0.0010908
0.006545
0.0054541
0.0054541
-0.0054541
-0.022907
-0.022907
-0.016362
-0.011999
-0.014181
-0.0054541
-0.017453
-0.015272
-0.015272
-0.021817
-0.0087266
-0.01309
-0.010908
0.011999
0.011999
0.011999
0.0098174
0.0043633
0.0054541
-0.0010908
0.0087266
0.0087266
0.0076358
0.0021817
-0.0010908
0
0.0054541
0.0054541
0.025089
-0.24871
-0.89775
-0.68831
-0.68831
-1.1072
-1.4072
-0.38724
0.96429
-0.2138
0.093811
0.093811
1.0439
0.80067
0.80285
0.47887
0.18762
0.18762
-0.1778
-0.21817
0.10036
0.091629
0.36652
0.36652
-0.24871
0.1549
0.057814
-0.12763
-0.22471
-0.22471
-0.54541
-1.0766
-0.60541
0.11017
-0.006545
-0.006545
-0.02618
-0.019635
-0.030543
-0.19526
-0.34361
-0.3087
-0.13853
0.089448
0.29016
0.29016
0.38397
0.38179
0.30652
0.3207
0.29343
0.28798
0.28798
0.19635
0.36106
0.086175
-0.12872
-0.0032725
-0.0032725
-0.0076358
0.022907
0.021817
0.022907
0.037088
-0.0010908
-0.0010908
0
0.0054541
-0.0010908
-0.0043633
-0.016362
-0.016362
-0.010908
-0.011999
-0.011999
-0.0054541
-0.010908
-0.03927
-0.0087266
-0.011999
0.0021817
0.006545
0.0021817
0.015272
0.0087266
0.0087266
0.014181
0
0.006545
0.020726
0.014181
0.014181
0.006545
0.0054541
0.0043633
0.0054541
-0.016362
-0.016362
-0.010908
-0.011999
-0.011999
0.034906
-1.3035
-2.1227
0.83012
0.33597
-0.59014
-0.59014
-0.12326
0.30325
0.30325
0.29998
0.46469
0.46469
-0.5585
-0.20508
0.69595
0.025089
-0.31307
0.53996
0.53996
-0.34906
-0.42979
-0.13417
-0.5236
-0.73849
0.06545
0.021817
-0.02618
-0.011999
-0.022907
-0.022907
-0.15708
-0.27707
-0.2618
-0.18108
0.20289
0.45487
0.38506
0.29452
0.21489
0.1549
0.25198
0.034906
0.037088
0.037088
0.070904
-0.022907
-0.006545
0.03927
0.014181
-0.0010908
0.0021817
0.01309
0.0087266
0.006545
-0.0032725
-0.0032725
0.0010908
-0.0054541
-0.0054541
-0.0076358
-0.011999
-0.031634
-0.019635
-0.01309
-0.0098174
-0.016362
-0.019635
-0.027271
-0.0043633
-0.0087266
0.0032725
0.023998
0.0043633
0.006545
0.016362
0.0021817
0.006545
0.028361
0.010908
0.0087266
0.0032725
0
0.0032725
-0.0087266
-0.01309
-0.016362
-0.38833
-0.38833
-2.102
-0.78976
0.89121
0.017453
-0.43306
0.52142
0.31198
0.48978
0.62068
0.43197
-0.1898
-0.56614
0.018544
0.10145
0.53341
-0.42869
0.022907
0.11563
-0.25525
-0.31089
-0.07963
-0.74285
-0.55414
0.27052
0.032725
-0.081812
-0.10036
-0.06545
-0.21489
-0.20944
0.089448
0.089448
0.26725
0.40033
0.19962
0.18762
0.18762
0.18653
0.13853
0.044724
0.15381
0.10036
-0.033816
0.020726
0.030543
-0.011999
0.006545
-0.015272
0.0076358
0.0010908
0.0032725
0.0032725
0
-0.0021817
-0.0032725
-0.0054541
-0.0054541
-0.010908
-0.014181
-0.011999
-0.015272
-0.017453
-0.030543
-0.030543
-0.021817
0.0021817
0.010908
-0.01309
0.030543
0.021817
0.0087266
0.0098174
0.018544
0.016362
0.016362
0.0032725
0.0054541
0.006545
-0.011999
-0.011999
0
-0.0032725
-0.017453
0.018544
-1.2806
-1.9362
0.62504
0.50723
-0.7494
0.62832
0.39815
0.39815
0.43088
0.51705
-0.72213
-0.2018
-0.2018
0.20835
-0.1309
0.02618
0.41233
0.41233
-0.36215
-0.26834
-0.26834
-0.81267
-0.50614
0.22798
-0.069813
-0.0087266
-0.091629
-0.091629
-0.12545
-0.17999
-0.17999
-0.06654
0.30761
0.4156
0.22471
0.22471
0.11563
0.24544
-0.07854
0.22253
0.22253
0.13526
-0.029452
0.0043633
0
0
0.0054541
0.0054541
0.015272
0.014181
0.014181
-0.0032725
-0.0021817
-0.0032725
-0.0054541
-0.0054541
-0.0076358
-0.0098174
-0.011999
-0.006545
-0.006545
-0.01309
-0.020726
-0.018544
-0.021817
-0.021817
-0.0098174
0.0054541
0.0054541
0.022907
0.022907
0.0087266
0.0010908
0.006545
0.010908
0.010908
0.0032725
0.0054541
0.0032725
-0.0076358
-0.0076358
-0.011999
-0.021817
0.06654
-2.3027
0.5705
0.98611
0.98611
-0.70031
0.59123
0.61523
0.36434
0.36434
0.83339
-0.099265
-0.099265
-0.19417
0.26398
0.48869
-0.42979
-0.061086
-0.014181
-0.014181
-0.15599
-0.35888
-0.35888
-0.17671
0
-0.006545
-0.3087
-0.3087
-0.3447
-0.41342
-0.51487
-0.12545
-0.12545
0.020726
0.36325
0.4396
0.44178
0.44178
0.32725
0.29889
0.16799
-0.093811
0.020726
0.020726
0
0.0043633
0.0087266
0.0098174
0.0098174
0.041451
0.019635
-0.0010908
-0.0021817
-0.0021817
-0.0043633
-0.0043633
-0.011999
-0.011999
-0.006545
-0.010908
-0.0076358
-0.016362
-0.016362
-0.017453
-0.018544
-0.025089
0.0054541
0.0010908
0.0010908
0.0087266
0.010908
0.0098174
0.011999
0.011999
0.01309
0.015272
0.006545
0.0032725
0.0032725
-0.0087266
-0.017453
-0.022907
0.011999
0.011999
-0.16471
-1.8195
1.1814
-0.10363
-0.99047
0.22689
0.98393
0.83994
0.86612
0.86612
1.1465
-0.46687
-0.34688
0.28798
0.28798
0.36106
-0.43306
0.52469
-0.087266
-0.23562
-0.23562
-0.21817
-0.22689
-0.3567
-0.15053
-0.15053
0.022907
-0.19417
-0.20835
-0.43633
-0.48215
-0.35452
-0.30979
-0.0021817
0.24435
0.24435
0.38833
0.27816
0.36325
0.28798
0.28798
0.1898
0.23126
-0.080721
0.034906
0.034906
0.0043633
0.0043633
0.014181
0.053451
0.053451
0.011999
0.0021817
0
0.0021817
0.0021817
-0.0054541
-0.006545
-0.0010908
-0.0021817
-0.0021817
-0.0043633
-0.0087266
-0.022907
-0.014181
-0.0076358
-0.0010908
-0.0010908
0.0032725
0.006545
0.006545
0.006545
0.006545
0.0010908
0.0032725
0.0076358
0.0087266
0.014181
0.0032725
-0.0010908
0.0010908
0.0010908
-0.0054541
-0.0087266
-0.0087266
-0.02618
-0.11672
-0.11672
-0.44178
-1.9068
0.32834
0.32834
-0.30543
0.34797
0.63486
0.2858
0.66104
0.66104
0.7734
0.031634
-0.47451
-0.38397
0.94575
0.24544
0.24544
-0.48105
0.24762
-0.006545
-0.14726
-0.14726
-0.14944
-0.15599
-0.31307
-0.29343
0.0021817
-0.023998
-0.023998
-0.045815
-0.07854
-0.26725
-0.56396
-0.53232
-0.27925
0.037088
0.22253
0.3207
0.3207
0.35016
0.22035
0.18108
0.23562
0.20944
0.20944
0.11672
-0.021817
0.023998
0.05236
0.02618
-0.010908
-0.010908
0.0032725
-0.0032725
0.0043633
0.023998
0.0043633
0.0043633
0.0021817
0.0010908
0
-0.0032725
-0.0054541
-0.0054541
-0.011999
-0.015272
-0.021817
-0.010908
-0.010908
-0.006545
-0.014181
-0.029452
-0.014181
-0.014181
-0.006545
-0.006545
0.0010908
0.011999
0.0098174
0.0032725
0.0076358
0.0076358
0.0032725
0.011999
0.006545
0.015272
0.011999
0.011999
0.0087266
0
0.0010908
-0.0054541
-0.0054541
-0.0054541
-0.019635
0.069813
-0.57814
-0.57814
-2.1304
0.01309
0.50723
-0.78103
-0.61414
0.33925
0.33925
0.60105
0.44397
0.7843
1.2839
0.25962
-0.82466
0.035997
0.36652
0.74831
0.74831
-0.9632
0.25744
0.12217
-0.23016
-0.1429
-0.074176
-0.074176
-0.45706
-0.55523
-0.24762
0.047996
-0.010908
-0.010908
-0.037088
0.047996
-0.19853
-0.25416
-0.28252
-0.28252
0.064359
0.064359
0.15599
0.31525
0.074176
0.24871
0.25853
0.17017
0.25853
0.25853
-0.073085
-0.0087266
0.042542
0.011999
-0.011999
0.0032725
0.0032725
0.0021817
0.01309
0.0043633
0.006545
0.006545
0.006545
0
-0.0032725
-0.0021817
-0.0043633
-0.0076358
-0.0087266
-0.011999
-0.01309
-0.014181
-0.017453
-0.017453
-0.023998
-0.03927
-0.055632
-0.0021817
0.020726
0.020726
0.0043633
0.021817
0.031634
0.0054541
0
0
0.006545
0.019635
0.018544
0.019635
0.0087266
0.0010908
0.0021817
0
-0.010908
-0.022907
-0.022907
0.07854
-0.87921
-0.87921
-1.861
0.13853
0.17017
-0.61304
0.37961
0.69049
0.62504
0.38833
0.31089
0.77558
-0.26289
-0.60541
-0.60541
-0.074176
0.7734
-0.29343
0.025089
0.089448
0.089448
0.16253
-0.24216
-0.022907
-0.33707
-0.73304
-0.23998
-0.23998
0.12326
-0.081812
-0.068722
0.01309
-0.034906
-0.21707
-0.39488
-0.44288
-0.095993
-0.095993
0.3207
0.57487
0.44069
0.19308
0.063268
0.083994
0.11345
0.057814
-0.018544
0.023998
0.023998
0.064359
0.006545
0.0021817
0.0054541
-0.0032725
-0.0076358
0
0.010908
0.0087266
0.010908
0.0021817
0.0021817
0.0076358
0.0010908
-0.015272
-0.016362
-0.016362
-0.0087266
-0.006545
-0.021817
-0.025089
-0.0098174
-0.018544
-0.010908
0.0032725
-0.0010908
0.023998
0.010908
0.011999
0.010908
0.0054541
0.0054541
0
0.014181
0.017453
0.015272
-0.0087266
0.0010908
0
-0.015272
-0.010908
-0.025089
0.0098174
-0.076358
-1.585
-0.92066
0.72104
-0.31743
-0.31961
0.94466
0.94357
0.51923
0.47887
0.6185
-0.18326
-0.52796
-0.19089
0.63813
0.37524
-0.44615
0.21162
0.074176
0.0043633
-0.19744
-0.31743
-0.64686
-0.4167
0.35561
-0.095993
-0.23016
0.11454
-0.059995
-0.32288
-0.3807
-0.30107
-0.20398
0.26943
0.47778
0.44724
0.11017
0.15599
0.1309
0.030543
-0.01309
0.13308
-0.0087266
0.0076358
0.046906
0.0032725
0.0076358
-0.0010908
0.014181
0.0043633
0.006545
0.0098174
0.0010908
-0.0032725
-0.0032725
-0.006545
-0.0043633
-0.0043633
-0.0054541
-0.0087266
-0.016362
-0.017453
-0.035997
-0.016362
-0.019635
-0.02618
-0.0054541
0.0087266
-0.006545
0.018544
0.029452
0.0054541
0.011999
0.0054541
0.0054541
0.025089
0.010908
0.0043633
0.0098174
0
-0.01309
-0.011999
-0.0087266
-0.0076358
-0.049087
-1.1126
-1.8839
0.38615
0.38615
-0.82685
0.53451
0.97084
0.97084
0.94684
0.72322
-0.06654
-0.14508
-0.14508
0.11454
0.54869
0.1549
0.33379
-0.21162
-0.21162
-0.1429
-0.2258
-0.60868
-0.60868
0.062177
0.010908
-0.058905
-0.06654
-0.06654
-0.11672
-0.29016
-0.37961
0.055632
0.055632
0.34579
0.3687
0.3687
0.14399
0.14399
0.089448
0.20289
0.090539
0.032725
0.032725
0.015272
0
-0.0010908
0.016362
0.016362
0.03927
0.016362
0.0087266
0.0010908
0.0010908
-0.0032725
-0.0021817
-0.0076358
-0.011999
-0.011999
-0.014181
-0.0098174
-0.020726
-0.021817
-0.021817
-0.022907
0.0043633
0.0054541
0.011999
0.011999
0.01309
0.029452
0.014181
0.01309
0.01309
0.0032725
0.022907
-0.0010908
0
0
-0.0010908
-0.006545
-0.0043633
-0.075267
-0.075267
-0.40142
-2.0791
-0.32943
-0.52905
-0.52905
-0.045815
0.77121
0.62504
0.74067
0.74067
0.11781
-0.83775
-0.5236
0.24544
0.24544
0.46578
0.19635
-0.12981
-0.076358
-0.1669
-0.17017
-0.17017
-0.68504
-0.73631
0.07963
0.07963
0.0076358
-0.033816
-0.01309
-0.10908
-0.30216
-0.29561
-0.18108
0.13199
0.48542
0.61195
0.35997
0.35997
0.28252
0.035997
-0.069813
-0.057814
0.076358
0.076358
0.059995
-0.03927
0.068722
0.068722
0.016362
0.0010908
-0.006545
-0.0054541
0.011999
0.0032725
0.0032725
0.0010908
0.0010908
-0.0010908
-0.0043633
-0.0043633
-0.006545
-0.01309
-0.014181
-0.010908
-0.020726
-0.020726
-0.021817
-0.017453
-0.029452
-0.0010908
-0.0076358
-0.0076358
-0.0054541
-0.0054541
0.0054541
0.0054541
0.0076358
0.0076358
0
0.006545
0.0076358
0.0076358
0.01309
0.0021817
0.0032725
-0.0010908
-0.018544
-0.018544
-0.019635
0.020726
0.1429
-1.3603
-1.3603
-0.8803
0.48105
-0.12654
-0.51705
0.021817
0.021817
0.51269
0.47342
0.2858
0.68722
0.68722
-0.050178
-0.59559
0.051269
0.47124
-0.39597
-0.39597
-0.14399
0.1069
0.041451
-0.48433
0.11563
0.11563
-0.044724
-0.077449
-0.023998
0.0054541
0.0032725
0.0032725
0.0087266
0.0021817
0.0054541
-0.0010908
-0.0032725
-0.0032725
-0.006545
-0.01309
-0.021817
-0.023998
-0.13853
-0.13853
-0.18435
-0.19853
-0.18108
-0.21162
-0.10799
0.093811
0.093811
-0.023998
-0.051269
0.0087266
-0.014181
-0.01309
-0.029452
-0.21489
-0.16908
-0.16908
0.082903
-0.042542
0.0010908
0.0098174
0.0098174
0.0098174
0.0087266
0.01309
0.0054541
0.006545
0.006545
0.0021817
0.0043633
-0.0010908
-0.0076358
-0.0032725
-0.0032725
-0.006545
-0.0054541
0
-0.0032725
-0.0043633
0.0010908
-0.0021817
0.0021817
0
0.0010908
0.0021817
0.0032725
0.0032725
0.0010908
0.0021817
0.0032725
0.0054541
0.0021817
0.006545
0
0.0021817
0
0.0010908
0.0021817
-0.0032725
-0.0043633
-0.0010908
0.0010908
0.0021817
0
-0.0010908
-0.0032725
-0.0010908
-0.0021817
-0.0032725
0.0021817
0.0021817
0.0010908
0.0032725
0.0021817
0
0.0021817
-0.0010908
-0.0043633
-0.0010908
0
-0.0010908
0.0054541
0.0043633
0.0032725
0.0010908
0.0043633
0.0032725
-0.0010908
-0.0021817
-0.0010908
-0.0010908
-0.0010908
0.0032725
0.0043633
0.0010908
-0.0021817
-0.0010908
0.0021817
0
-0.0021817
-0.0010908
-0.0010908
0
0
0.0021817
0.0043633
-0.0010908
0.0043633
0.0032725
0.0021817
0.0032725
-0.0032725
-0.0021817
0
-0.0010908
0
0
0.0021817
-0.0010908
0.0021817
-0.0010908
-0.0021817
0
0
-0.0021817
0.0010908
0.0010908
-0.0010908
0.0021817
0.0010908
-0.0010908
-0.0010908
-0.0010908
0.0021817
0.0043633
0
0.0010908
0.0043633
0.0032725
-0.0010908
0.0032725
-0.0021817
-0.0010908
0.0021817
0.0032725
0
0
0
-0.0021817
-0.0010908
0.0010908
-0.0010908
-0.0010908
-0.0010908
0.0032725
-0.0010908
0.0032725
-0.0010908
0.0043633
0.0010908
-0.0087266
-0.0032725
0.0021817
0.0021817
-0.0021817
0
0.0032725
-0.0010908
0.0010908
-0.0010908
0
0.0021817
0.0010908
-0.0021817
0.0021817
0
0.0010908
-0.0010908
-0.0021817
-0.0021817
-0.0021817
0.0010908
0
0
0
0.0010908
-0.0021817
-0.0032725
0
-0.0032725
0.0021817
0.0010908
0.0021817
0
0.0010908
-0.0010908
0
0.0010908
0
-0.0010908
-0.0010908
0.0010908
0
0.0010908
0.0032725
0.0010908
0.0043633
-0.0021817
-0.0021817
0
-0.0010908
0.0032725
-0.0010908
-0.0021817
-0.0043633
0
0.0021817
-0.0032725
-0.0021817
0.0032725
0
0
-0.0021817
-0.0021817
-0.0021817
0
0.0010908
-0.0010908
-0.0010908
0.0021817
0.0021817
-0.0043633
0
-0.0021817
0.0010908
0.0032725
0
0.0010908
0
0.0010908
0.0010908
0.0010908
0.0032725
-0.0021817
0.006545
0.0010908
0.0032725
0.0032725
-0.0043633
-0.0032725
0.0043633
0.0043633
0.0043633
0.0032725
0.0043633
0.0032725
0.0076358
0.0032725
0.0054541
0.010908
0.0098174
0.0054541
0.0054541
0
0.0010908
0.0087266
0.034906
0.02618
0.02618
0.016362
-0.0010908
0.0032725
0.0032725
0
0
-0.0010908
0.006545
0.014181
0.014181
0.0054541
0.0054541
0.0098174
-0.0054541
-0.020726
-0.033816
-0.057814
-0.057814
-0.058905
-0.030543
-0.0043633
-0.014181
0.13308
0.13308
-1.1148
-0.29998
0.26289
0
-0.36979
-0.36979
-0.28143
0.14181
0.0043633
0.0043633
0.010908
0.010908
0.0076358
0.016362
0.015272
0.0087266
0.02618
0.02618
0.028361
0.0087266
-0.0043633
-0.018544
-0.067631
-0.067631
-0.13963
-1.3559
-2.4325
-2.0169
-1.7824
-1.7868
-1.7868
-0.15817
-0.41015
-0.97847
-0.53232
-0.15708
-0.55414
-1.0079
-1.561
-0.35234
-0.35234
-0.60541
-0.88575
-1.5555
0.05236
-0.45378
0.40361
0.40361
-0.12763
-0.032725
-0.47233
-1.0025
0.39815
-0.15162
-0.045815
-0.063268
-0.19089
-0.19089
-0.97411
-0.54105
-0.49633
-0.33052
-0.73522
-0.73522
-1.5773
-1.5141
-0.95665
-0.65668
-0.16035
0.27598
0.27598
1.057
-0.022907
-0.25744
-0.061086
0.10363
0.10363
0.090539
-0.0054541
0.022907
0.022907
-0.01309
-0.19417
-0.33379
-0.29234
-0.040361
-0.085084
-0.085084
-0.2258
-0.12545
0.0087266
0.011999
0.019635
0.019635
-0.028361
-0.26289
-0.26289
-0.61632
-0.33488
0.53778
0.051269
-0.0087266
-0.0087266
0.0076358
0.0043633
0.0054541
0.006545
0.0054541
0.0054541
0.0054541
0.006545
0.010908
0.0043633
-0.0021817
-0.006545
-0.01309
-0.01309
-0.023998
-0.16144
-1.0886
-1.862
-2.0246
-1.4093
-0.29234
-0.86066
-0.86066
-0.49305
0.22362
0.46687
-0.40906
-1.0854
-1.4803
-1.4803
-0.51051
-0.46906
-0.021817
-0.27162
-0.47451
-1.1356
-0.92502
-1.1857
-1.1857
-1.0243
-1.5141
-0.20071
-0.39161
-0.83557
-0.78103
-0.78103
-1.3603
-0.88684
-0.30216
0.92284
0.34906
0.32507
0.32507
-0.59995
-0.28689
-0.14508
0.38397
-0.30543
-0.30543
-0.53341
-0.34906
0.30216
0.97847
1.1017
1.0286
1.0286
-0.20508
-0.20071
0.05236
0.14835
0.067631
0.032725
0.040361
0.010908
0.010908
-0.0010908
-0.054541
-0.14399
-0.24653
-0.26943
-0.26943
-0.49196
-0.6305
-0.14726
-0.0054541
-0.0087266
0
0
0
0.0054541
0.020726
0.0032725
0.0043633
0.0043633
0.0043633
0.018544
0.020726
0.014181
0.021817
0.021817
0.0021817
0.006545
-0.0021817
-0.0010908
0.0087266
0.0087266
0.0021817
-0.0076358
-0.0021817
-0.0043633
-0.011999
-0.011999
-0.015272
-0.13963
-1.0319
-2.1751
-2.4205
-2.4205
-1.3286
-0.88575
-1.7202
-0.55087
0.58141
0.58141
0.1069
-0.36325
-1.1061
-1.1694
-1.2545
-1.2545
-0.43197
-0.43524
-0.1429
-0.15381
-0.97956
-0.97956
-0.97302
-0.79521
-0.55523
-0.71231
-0.71231
-0.15926
-0.27489
-0.72104
-1.045
-1.3504
-1.3504
-0.33379
0.44833
0.094902
0.080721
-0.31743
-0.31743
-0.24544
-0.24107
-0.26943
-0.35125
-0.15053
-0.15053
-0.17235
-0.061086
0.2967
0.50942
1.2457
1.2457
-0.0010908
-0.11672
0.068722
0.018544
0.064359
0.064359
0.027271
0.0032725
0.02618
-0.0032725
-0.051269
-0.051269
-0.2738
-0.30325
-0.15162
-0.43306
-0.64032
-0.64032
-0.40142
-0.034906
-0.0054541
0.0010908
0.0054541
0.0054541
0.0054541
0.030543
0.029452
0.015272
0.0054541
0.0054541
0.03927
0.034906
0.014181
0.046906
0.040361
0.040361
0.011999
0.0043633
0.0032725
0
0.0010908
0.0010908
-0.0021817
-0.0021817
-0.033816
-0.10799
-0.10799
-0.016362
-0.38615
-1.3952
-1.9537
-2.3115
-2.3115
-1.129
-1.3614
-1.3897
-0.24216
-0.044724
-0.044724
-0.042542
-0.71013
-0.95229
-1.1683
-0.89775
-0.89775
-0.58032
-0.46906
-0.19635
-0.83557
-1.1126
-1.1126
-0.66431
-0.38506
-1.1006
0.054541
0.054541
-0.51705
-0.84212
-0.67413
-1.3046
-0.65777
-0.65777
-0.24107
0.26943
-0.10145
-0.016362
-0.34143
-0.34143
-0.53669
-0.56068
-0.15708
-0.1069
-0.1309
-0.1309
-0.28689
0.13744
0.54759
0.62068
1.1399
1.1399
-0.098174
-0.07963
-0.0087266
0.045815
0.015272
0.015272
0.044724
0.040361
0.023998
-0.054541
-0.14072
-0.14072
-0.36434
-0.1549
-0.05236
-0.15708
-0.28689
-0.28689
-0.0021817
-0.0021817
0.0032725
0.0076358
0.017453
0.017453
0.027271
0.01309
0.0098174
0.054541
0.043633
0.043633
0.044724
0.033816
0.049087
0.019635
0.0098174
0.0098174
0.0021817
0.0032725
0.006545
-0.0021817
-0.0010908
-0.0010908
-0.0032725
-0.077449
-0.021817
-0.14944
-0.14944
-1.1017
-1.8762
-2.4249
-1.6591
-1.1246
-1.1246
-1.4093
-0.1789
-0.031634
-0.085084
-0.085084
-0.79521
-1.5675
-1.1541
-0.76358
-0.31198
-0.31198
-0.095993
-0.55196
-0.86066
-0.77449
-0.30543
-0.30543
-0.8203
-1.2741
-0.15053
-0.35779
-1.0243
-1.0243
-0.79521
-1.0625
-0.84866
-0.45815
0.14726
0.14726
0.13744
-0.36106
-0.4396
-0.67849
-0.67849
-0.51814
-0.54323
-0.20398
-0.20508
-0.023998
-0.023998
0.27816
0.50505
0.87921
0.90102
-0.01309
-0.01309
-0.20071
0.11672
0.03927
0.031634
0.040361
0.040361
0.022907
0.028361
-0.13853
-0.4276
-0.051269
-0.051269
0.0021817
-0.097084
-0.29561
-0.28798
-0.041451
-0.041451
0.006545
-0.0054541
-0.0021817
0.010908
0.025089
0.025089
0.0010908
-0.0032725
0.027271
0.068722
0.035997
0.035997
0.043633
0.049087
0.044724
0.015272
0.0098174
0.0098174
0.006545
0.0076358
0.0087266
0.0010908
-0.0054541
-0.0054541
-0.0087266
-0.010908
-0.031634
-0.07854
-0.16035
-0.16035
-0.94793
-2.1326
-2.5951
-1.573
-0.99702
-0.99702
-1.0526
-0.54323
0.040361
0.0054541
-0.19308
-0.98283
-1.3886
-1.105
-0.8923
-0.36106
-0.36106
-0.24762
-0.21489
-1.4137
-0.40906
-0.5585
-0.5585
-1.0232
-0.65995
-0.37088
-0.72758
-0.80176
-0.80176
-0.46142
-1.3319
-0.6065
-0.31416
0.38724
0.38724
0.087266
-0.067631
-0.26616
-0.49305
-0.7494
-0.7494
-0.7374
-0.67522
-0.17999
-0.038179
0.29343
0.29343
0.49633
0.85739
0.93266
0.91411
-0.038179
-0.038179
-0.23235
0.068722
0.11999
0.061086
0.006545
0.006545
0.0021817
0.071995
-0.14181
-0.83339
0.19417
0.19417
0.0021817
-0.11672
-0.088357
-0.054541
-0.023998
-0.023998
-0.018544
-0.016362
-0.006545
0.0032725
0.006545
0.006545
0.05236
-0.0076358
0.056723
0.095993
0.07854
0.07854
0.075267
0.19308
-0.011999
0.029452
-0.0054541
-0.0054541
-0.0021817
0.0087266
0.015272
0.0087266
-0.006545
-0.006545
0.0032725
-0.0043633
-0.043633
-0.12872
-0.23671
-0.23671
-0.77121
-1.5762
-2.2482
-1.5152
-0.86503
-0.86503
-1.1475
-0.16799
0.1898
0.06545
-0.59014
-0.59014
-0.71776
-0.95556
-0.87921
-0.87702
-0.042542
-0.042542
-0.24653
-1.2315
-0.8443
-0.58141
-0.75812
-0.75812
0.027271
0.086175
-0.41124
0.057814
-0.51923
-0.51923
-0.89339
-0.78758
-0.25744
-0.18653
-0.089448
-0.089448
-0.43306
-0.47233
-0.89775
-0.6665
-0.74176
-0.74176
-0.67631
-0.66431
-0.53451
-0.010908
0.42215
0.42215
0.55523
0.73522
0.55305
0.65559
0.68177
0.68177
0.80612
-0.13635
-0.14072
0.049087
0.088357
0.088357
0.074176
0.15162
-0.56068
-0.62395
0.36434
0.36434
-0.16471
-0.16471
-0.033816
-0.023998
-0.023998
-0.023998
-0.15272
-0.81921
-1.0025
0.43197
-0.058905
-0.058905
-0.049087
0.12326
-0.097084
0.0054541
0.10908
0.10908
0.10145
0.10145
0.025089
0.029452
0.022907
0.022907
0.010908
0.020726
0.0054541
0.0010908
0.0054541
0.0054541
-0.0087266
-0.017453
-0.10254
-0.50287
-0.90975
-0.90975
-1.2086
-1.9864
-2.2024
-1.3472
-1.0777
-1.0777
0.14072
0.31525
-0.12654
-0.66977
-1.0756
-1.0756
-1.4115
-1.4497
-0.35452
0.020726
-1.2741
-1.2741
-1.0363
-0.52905
0.52578
0.62504
-0.64032
-0.64032
-0.29889
-0.28034
-0.17999
-0.16035
-0.32834
-0.32834
-0.20289
-0.55196
-0.58141
-0.59123
-0.56068
-0.56068
-0.57705
-0.78867
-1.0308
-1.0417
-0.98502
-0.98502
-0.72758
-0.42979
-0.054541
0.18762
0.1789
0.1789
0.10036
0.31198
0.61195
0.021817
-0.043633
-0.043633
0.027271
0.040361
0.032725
0.049087
0.062177
0.062177
-0.044724
-0.34579
-0.2498
-0.059995
-0.10581
-0.10581
-0.26616
-0.83121
-1.3821
0.48651
0.10036
0.10036
-0.40033
-0.044724
-0.59232
-0.2967
0.82466
0.82466
0.15381
-0.14508
0.047996
-0.0076358
0.047996
0.047996
0.051269
0.042542
0.023998
0.022907
0.01309
0.01309
0.014181
0.011999
0.0054541
0.0054541
0
0
0.006545
-0.061086
-0.38288
-0.39924
-1.4977
-1.4977
-2.1467
-1.85
-0.44724
-1.6362
-0.73522
-0.73522
0.57159
0.50396
-0.6425
-1.0745
-0.96647
-0.96647
-0.47233
-0.14072
-0.35561
-1.2283
-1.0766
-1.0766
-0.48542
-0.088357
0.13308
-0.11781
0.17562
0.17562
-0.44615
0.37743
-0.1549
-0.057814
-0.16908
-0.16908
-0.14072
-0.45269
-0.26725
-0.61523
-0.68613
-0.42106
-0.42106
-0.32507
-0.64795
-0.8923
-0.92502
-0.94357
-0.94357
-0.14944
0.010908
-0.26398
-0.064359
0.32616
0.32616
0.028361
-0.075267
0.071995
-0.053451
-0.053451
0.057814
0.049087
0.089448
0.076358
0.0043633
-0.20726
-0.20726
-0.29452
-0.26507
-0.11345
-0.085084
-0.53014
-0.53014
-1.033
0.090539
0.15926
-0.21926
-0.15599
-0.15599
-0.23235
-0.62723
0.37415
0.090539
-0.10145
-0.10145
0.0010908
-0.01309
0.091629
0.080721
0.042542
0.042542
0.030543
0.0043633
0.006545
0.0054541
0.0054541
0.006545
0.006545
0.0076358
0.006545
-0.0043633
-0.035997
-0.035997
-0.077449
-0.23016
-1.3559
-2.2144
-1.8697
-1.1236
-1.1236
-1.4028
-1.0821
0.21162
0.44288
0.38397
0.38397
-0.073085
-0.92611
-1.0439
-0.59341
-0.14072
-0.70795
-0.66322
-0.43306
-0.40033
-0.40033
0.34143
0.034906
-0.12326
-0.10799
0.041451
0.041451
0.068722
-0.36434
-0.64359
-0.31961
-0.2498
-0.07854
-0.07854
-0.30761
-0.52905
-0.14399
-0.59559
-1.0177
-1.4355
-1.1923
-0.87921
-0.20944
-0.20944
0.23016
-0.094902
-0.11454
0.63922
-0.1429
-0.3447
-0.3447
-0.019635
0.015272
0.028361
0.045815
0.17017
0.1069
0.1069
0.086175
-0.071995
-0.2498
-0.14072
-0.19199
-0.19199
-0.19853
-0.059995
-0.093811
-0.093811
-0.093811
-0.0087266
-0.077449
0.019635
0.20726
0.54541
0.52687
0.52687
0.12435
0.01309
-0.010908
-0.0054541
0.038179
0.038179
0.040361
0.0010908
0.037088
0.0043633
0.0098174
0.0098174
0.020726
0.017453
0.0098174
0.0054541
0.0076358
0.0054541
0.0010908
-0.0054541
-0.0098174
-0.011999
-0.011999
-0.0098174
-0.006545
-0.015272
-0.0098174
-0.015272
-0.015272
-0.022907
-0.030543
-0.031634
-0.02618
-0.019635
-0.019635
-0.011999
-0.010908
-0.0054541
-0.094902
-0.4167
-0.4167
-0.47015
-0.1429
0.21926
-0.0098174
-0.057814
0.047996
0.0032725
0.0043633
0.01309
0.006545
0.0043633
0.0087266
0.006545
-0.0010908
0.0021817
0.006545
0.0043633
0.0032725
0
-0.0021817
-0.0043633
-0.0043633
-0.0032725
-0.0021817
-0.0032725
0.0021817
0.006545
0.0021817
0.0043633
0.0054541
-0.0032725
-0.0021817
-0.0043633
-0.0021817
0.0021817
-0.0021817
0
0.0010908
0
0.0010908
0
0.0032725
0.0010908
0.0010908
0
0.0010908
0
0.0043633
-0.0021817
-0.0032725
-0.0021817
0
0.0021817
-0.0010908
0
0.0043633
0.0021817
0.0021817
0
-0.0021817
0
-0.0021817
-0.0010908
0.0054541
0.0010908
0.0021817
0.0021817
-0.0043633
-0.0032725
0.0021817
0
0
-0.0054541
0
0.0010908
0
0
-0.0021817
0.0021817
0.0043633
0.0032725
0.0032725
0
-0.0043633
-0.0010908
0.0032725
0.0032725
0.0021817
0.0021817
0.0032725
0
0
0
0.0021817
0.0032725
0
0
0.0010908
-0.0032725
-0.0032725
-0.0010908
-0.0010908
0.0032725
0
0
-0.0021817
-0.0021817
0.0010908
-0.0032725
-0.0010908
0.0021817
0.0021817
0.0021817
-0.0043633
-0.0010908
0.0010908
0.0010908
-0.0010908
-0.0032725
-0.0010908
-0.0032725
-0.0032725
0.0054541
0.0032725
-0.0010908
0.0043633
0.0043633
0.0021817
0.0021817
0.0010908
0
0.0021817
-0.0010908
-0.0021817
0
0.0021817
0.0021817
0
0.0032725
0.0010908
0.0043633
0.0043633
0.0021817
0.0010908
0.006545
0.0032725
0.0032725
0
-0.0010908
0.0021817
0.0010908
0.0032725
0.0054541
0.0032725
-0.0010908
0.0021817
0.0021817
-0.0043633
0
-0.0021817
0.0010908
0.0032725
0.0043633
-0.0021817
0.0032725
0.0010908
0.0010908
-0.0021817
0.0010908
-0.0021817
-0.0021817
0.0010908
0.0010908
0.0021817
-0.0010908
0.0032725
0.0010908
-0.0021817
-0.0021817
0.0010908
-0.0021817
0
-0.0043633
-0.0010908
0.0043633
0.0010908
0
0.0010908
-0.0021817
0.0021817
0.0021817
0.0021817
0.0021817
0.0010908
0.0010908
0
0
0.0010908
0.0010908
-0.0021817
-0.0010908
-0.0010908
0.0054541
-0.0010908
-0.0010908
0
0.0032725
0.0010908
0.0010908
0.0010908
0
-0.0021817
-0.0010908
0.0010908
-0.0010908
-0.0010908
-0.0010908
-0.0021817
0
-0.0010908
-0.0010908
-0.0021817
0
0
-0.0032725
0
0.0032725
0.0032725
0
-0.0010908
-0.0021817
-0.0021817
-0.0010908
-0.0021817
-0.0021817
-0.0010908
-0.0010908
-0.0021817
0.0010908
0
-0.0010908
-0.0021817
-0.0043633
0.0010908
0.006545
0.0032725
-0.0021817
-0.0032725
0.0021817
0.0032725
-0.0010908
-0.0021817
-0.0010908
-0.0021817
0.0021817
0.0010908
-0.0010908
-0.0021817
-0.0043633
-0.0021817
-0.0010908
-0.0032725
0.0010908
0.0043633
0.0010908
0
-0.0010908
0.0032725
-0.0010908
-0.0032725
-0.0010908
0
0.0032725
0.0010908
0.0043633
0
0
-0.0032725
0.0010908
0.0032725
-0.0021817
0.0032725
0.0010908
-0.0032725
-0.0010908
-0.0010908
-0.0032725
-0.0010908
0
0.0010908
0.0010908
-0.0021817
0
0
0
0.0010908
0.0010908
0.0010908
0.0032725
0
0
0.0021817
0.0021817
-0.0010908
0.0021817
0.0032725
0.0021817
-0.0021817
-0.0010908
0.0032725
0.0021817
-0.0021817
0
-0.0010908
0.0032725
0
0.0021817
-0.0010908
-0.0010908
-0.0021817
0.0010908
0.0010908
-0.0010908
0
0
-0.0043633
-0.0032725
-0.0076358
-0.0021817
0.0010908
0.0010908
-0.0010908
-0.0032725
0
-0.0043633
-0.0010908
-0.0032725
-0.0043633
-0.0010908
0
-0.0043633
-0.0032725
-0.0043633
0
0
0
-0.0010908
0.0010908
-0.0076358
-0.0043633
-0.0021817
-0.0043633
0
0.0010908
0.0010908
-0.0043633
-0.0010908
-0.0043633
-0.0054541
-0.0010908
-0.0010908
-0.0010908
0
0.0021817
0.0032725
0.0032725
0.0032725
0.0043633
0.0010908
0.0054541
0.0032725
0
0.0032725
0.0010908
0.0021817
0.0010908
-0.0010908
0.0021817
0.0021817
0.0021817
-0.0010908
-0.0010908
-0.0021817
0.0010908
-0.0043633
-0.0021817
-0.0021817
-0.0032725
-0.0021817
-0.0043633
0
0.0010908
-0.0054541
0
-0.0021817
-0.0021817
0.0021817
0.0032725
0.0043633
0
0.0021817
0.0010908
0
-0.0010908
0.0010908
0.0010908
0.0010908
0.0010908
-0.0010908
0.0043633
0.0043633
0.0010908
0
0.0010908
0
-0.0021817
0
0.0010908
0.0032725
0.0043633
0.0021817
-0.0010908
0.0010908
-0.0021817
-0.0021817
0
0
0.0032725
0.0010908
0.0043633
0.0021817
0
0.0032725
0.0021817
0.0010908
0.0021817
0.0010908
0.0010908
0.0010908
0.0021817
0.0010908
-0.0021817
-0.0032725
0.0021817
0.0054541
0.0021817
-0.0021817
0.0043633
0.0043633
0.0010908
0.0043633
0.0032725
0.0010908
0.0043633
-0.0021817
-0.0010908
0.0043633
0.0043633
0.0043633
0
0.0076358
-0.0021817
-0.0043633
0.006545
0.0054541
0
0.0054541
0.0054541
0.0054541
0.0054541
0.0032725
0.0054541
0.0076358
0.0054541
0.0054541
0.0043633
0.0043633
0.0010908
0.0010908
-0.0043633
-0.0021817
-0.0021817
-0.03927
-0.03927
-0.38397
-0.75376
-0.80176
-0.41233
-0.25198
-0.25198
-0.1898
-0.34906
-0.035997
0.78867
0.56396
0.56396
0.064359
0.73413
0.66977
0.73522
0.87812
0.87812
0.75594
0.93375
0.85848
0.38288
0.13744
0.13744
0.11017
0.2138
0.0021817
-0.042542
0.0054541
0.0054541
-0.0043633
0.23562
0.020726
-0.019635
-0.0098174
-0.0098174
-0.018544
-0.016362
-0.035997
-0.0021817
0.0098174
0.0098174
-0.029452
-0.049087
0.017453
-0.080721
-0.006545
-0.006545
-0.042542
-0.043633
-0.24653
-0.24653
-0.35125
-0.29889
0.01309
0.032725
0.019635
0.062177
0.062177
-0.0043633
0.006545
-0.006545
-0.020726
-0.006545
-0.006545
0.017453
0.017453
0.017453
-0.0043633
-0.0043633
-0.018544
-0.031634
0.23671
-0.65668
-1.3068
-1.3068
-1.4661
-0.56396
-0.30761
-0.52469
-1.6308
-1.6308
-1.6461
-1.6984
-1.453
-0.82248
0.49851
-0.044724
-0.044724
-0.080721
0.021817
0.020726
0.0054541
0.018544
0.015272
0.016362
0.019635
0.019635
-0.0043633
0.017453
0.043633
0.09272
0.20835
0.016362
0.016362
0.1898
0.20617
1.4617
3.2179
2.6551
2.6551
0.57923
0.99374
1.9493
0.83994
0.53887
1.0701
1.5457
0.86721
0.49305
0.49305
0.59559
0.7134
0.53996
0.006545
0.84212
0.84212
0.80721
0.63922
0.17999
0.038179
0.23671
0.23671
0.089448
-0.091629
-0.011999
-0.076358
-0.046906
-0.046906
0.077449
0.23998
0.21271
0.13526
0.018544
0.018544
-0.21053
-0.14617
0.20508
0.93266
0.93266
0.6654
-0.034906
-0.46906
-0.8803
0.20508
-0.5705
-0.5705
-0.19417
0.031634
0.0054541
0.0054541
-0.010908
0.034906
0.17126
0.18762
-0.0087266
0.018544
0.018544
0.0076358
-0.0043633
0.017453
-0.0076358
0.043633
0.043633
-0.22144
-1.6341
-1.2861
-1.1105
-1.9057
-1.9057
-1.3232
-0.7494
-0.56614
-0.98283
-0.98283
-0.75049
0.17999
0.12217
-0.034906
0.022907
0.042542
0.042542
0.021817
0.010908
0.0087266
0.014181
0.014181
0.015272
0.017453
-0.0098174
0.011999
0.0087266
0.0087266
-0.02618
0.0032725
-0.010908
-0.023998
0.9512
0.9512
2.21
2.5416
1.2566
0.80503
1.9428
1.9428
1.8435
1.0756
1.6493
2.0355
1.3024
1.3024
0.58686
0.67631
1.1192
0.1789
0.11454
0.11454
1.3614
1.7606
0.9043
0.34688
0.10472
0.10472
0.20071
0.082903
-0.0043633
-0.029452
-0.0076358
-0.0076358
0.011999
0.14399
0.12872
0.12545
0.069813
0.069813
-0.1669
-0.0010908
0.33161
0.6774
0.17999
0.17999
0.086175
-0.22035
-0.24107
-0.43633
-0.52469
-0.52469
-0.7014
-0.94466
-0.78212
-0.16362
-0.046906
-0.046906
0.0054541
0.0032725
0.067631
0.067631
0.19089
0.19089
-0.0076358
-0.010908
-0.022907
-1.4137
-2.2166
-2.2166
-2.1402
-1.766
-1.3363
-1.0036
-0.84212
-0.84212
-1.7988
-2.0377
-2.5591
-1.2839
-0.13853
-0.13853
0.1069
0.040361
-0.021817
0.016362
0.076358
0.076358
0.080721
-0.29889
-0.24435
0.06545
0.023998
0.023998
0.047996
0.01309
0.011999
-0.041451
-0.019635
-0.019635
0.0010908
0.0098174
0.029452
0.091629
0.86612
0.86612
2.2635
1.237
0.7854
1.5086
1.9908
1.9908
2.3475
0.47887
0.22362
0.19962
0.69486
0.69486
0.72649
1.1879
1.3232
0.5356
0.80939
0.80939
1.6286
1.2152
0.68068
0.35779
0.018544
0.018544
-0.021817
-0.082903
-0.056723
0.03927
-0.10908
-0.10908
-0.22253
0.34143
0.29016
-0.15599
-0.46578
-0.50505
-0.50505
0.50287
0.80939
0.67413
0.018544
-0.099265
-0.099265
0.028361
-0.86393
-0.63377
-0.56396
-0.67195
-0.67195
-0.71885
-0.72104
-0.23998
-0.0087266
-0.0054541
-0.0054541
0.014181
0.021817
-0.042542
-0.7134
-1.8315
-1.8315
-1.8239
-2.7031
-4.1953
-3.2376
-2.006
-2.006
-1.297
-0.71231
-1.0548
-1.4726
-0.77231
-0.77231
-0.49633
-0.77667
-1.0047
-0.97302
-1.0156
-1.0156
0.027271
0.069813
-0.091629
0.07854
0.28471
0.28471
0.23344
-0.055632
0.0076358
0.0076358
-0.010908
-0.010908
0.0098174
0.6774
1.0406
1.0341
0.41779
0.41779
1.2315
-0.063268
0.80394
0.50614
0.12435
0.12435
0.38833
1.1072
1.8937
2.2918
0.98393
0.98393
1.1541
-0.094902
0.58359
0.5585
1.7311
1.7311
2.5689
1.609
0.1669
-0.047996
0.37634
1.6886
1.6886
1.4803
0.70467
0.018544
-0.082903
-0.022907
-0.022907
0.044724
0.056723
0.074176
0.11999
-0.017453
-0.017453
-0.054541
-0.091629
-0.19635
-0.31525
0.037088
0.037088
0.91084
0.70795
0.58468
0.09272
-0.2618
-0.2618
0.16362
0.095993
-0.20071
-0.13744
-0.16035
-0.16035
-0.15708
-0.025089
0.0043633
-0.0087266
-0.0076358
-0.0076358
0.10799
0.085084
-0.0032725
0
-0.19744
-0.19744
-0.64795
-0.86612
-0.57596
-0.24871
-0.82685
-0.82685
-0.56287
-0.3447
0.1429
0.83885
0.73522
0.73522
0.6065
0.014181
-0.36106
0.22907
-0.32616
-0.32616
0.21707
0.23453
0.70795
0.77121
0.41233
0.41233
0.16035
0.29452
0.097084
0.78867
1.0799
1.0799
0.76249
0.33161
-0.21817
-0.22035
0.14835
0.14835
0.022907
-0.020726
-0.018544
0.010908
0
0
0
-0.0098174
0.0010908
0.011999
0.021817
0.021817
0.029452
0.05236
0.054541
0.02618
0.021817
0.021817
0.022907
0.028361
0.016362
0.0076358
-0.014181
-0.014181
-0.025089
-0.027271
-0.022907
-0.049087
-0.042542
-0.042542
0.0032725
-0.045815
-0.071995
-0.083994
0.0032725
0.0032725
-0.17235
-0.47124
-0.18544
0.028361
-0.0076358
-0.0076358
0.14835
0.16471
0.13199
0.0076358
0.006545
0.006545
0.067631
0.067631
0.0021817
0.045815
0.0087266
0.0087266
0.030543
0.0054541
-0.0087266
0.034906
0.028361
0.028361
0.027271
0.0032725
0.015272
0.017453
0.014181
0.011999
0.0021817
0.0021817
-0.0010908
-0.0054541
-0.0010908
-0.0021817
-0.0021817
-0.0032725
-0.006545
-0.006545
-0.0043633
-0.01309
-0.019635
-0.0076358
-0.0087266
-0.0021817
0
-0.0087266
-0.006545
0.0032725
0.0032725
0.0076358
0.0032725
0.011999
0.006545
0.006545
0.020726
0.0087266
0.0076358
0.0021817
-0.0032725
0.0032725
0.0054541
-0.0010908
0.0010908
-0.0021817
-0.0021817
-0.0032725
0.0010908
0
0
0.0010908
-0.0032725
-0.0043633
0.0032725
0.0021817
0.0021817
0.0032725
0
0.0010908
0.0054541
0.0054541
0.006545
0.006545
0.0021817
0.0032725
0.0010908
0.0021817
-0.0043633
0.0010908
0.0032725
0.0054541
0.0032725
0
0.006545
0.0032725
0.0021817
-0.0010908
0.0010908
0
0
0
0
0.0043633
0
0.0032725
0.0010908
0.0021817
0.0010908
0.0010908
0.0032725
0.0010908
-0.0010908
0
-0.0010908
-0.0021817
0.0032725
0.0032725
0.0010908
0.0021817
0
0
0.0043633
-0.006545
0.0021817
0.0032725
0
0
0.0021817
0.0021817
0.0021817
0.0010908
-0.0032725
-0.0010908
0.0021817
0
0.0021817
0.0010908
0.0021817
0.0043633
0.0087266
0.0043633
0.0032725
-0.0010908
0.0032725
0
0.0032725
0.0021817
0.006545
0.0021817
0
0.0010908
-0.0010908
-0.0021817
0.0010908
0
0
0.0021817
0.0043633
0.0032725
0.0054541
0.0043633
-0.0021817
-0.0010908
0
0.0021817
-0.0010908
0.0010908
-0.0010908
0
0.0032725
0.0054541
-0.0010908
0.0032725
0.0032725
0.0010908
0.0043633
0.0021817
0.0010908
0
0.0010908
-0.0021817
0.0010908
0.0010908
0
-0.0010908
-0.0010908
-0.0010908
-0.0010908
0.0010908
0
-0.0010908
0
0.0021817
0.0021817
-0.0010908
0.0021817
0.0010908
0.0010908
-0.0032725
0
0.0032725
0.0032725
0.0021817
0
0.0010908
0
0.0021817
-0.0010908
0.0021817
-0.0010908
0
0
0.0043633
0
-0.0021817
-0.0021817
0.0021817
0.0010908
0
-0.0021817
0.0043633
-0.0010908
-0.0043633
0.0010908
-0.0021817
0.0010908
0.0021817
0
-0.0021817
0.0010908
-0.0010908
-0.0021817
-0.0021817
-0.0021817
-0.0021817
0.0032725
0
0.0010908
0.0010908
-0.0021817
0
0.0021817
0.0032725
0.006545
0.0010908
0.0010908
-0.0021817
-0.0054541
-0.0010908
0.0021817
0
-0.0021817
0.0010908
0
0.0076358
0.0021817
0.0010908
0.0032725
0.0054541
0.0021817
0.0021817
0.0021817
0.0010908
-0.0010908
-0.0010908
0.0054541
0
0
0.0010908
-0.0010908
-0.0021817
-0.0021817
0
0.0043633
0.0032725
0.0032725
0.0021817
-0.0010908
-0.0032725
-0.0010908
0
0.0010908
-0.0021817
-0.0032725
-0.0010908
0.0032725
0.0021817
-0.0032725
0
0.0010908
-0.0043633
-0.0032725
0.0010908
0
0.0010908
-0.0021817
0.0021817
-0.0010908
-0.0021817
0
0
-0.0010908
-0.0010908
-0.0043633
0.0021817
0
-0.0021817
-0.0032725
0.0032725
-0.0010908
0.0021817
-0.0032725
-0.0054541
-0.0032725
-0.0010908
-0.0032725
-0.0021817
-0.0021817
0.0021817
0.0021817
0.0010908
-0.0010908
0.0021817
0.0032725
0
-0.0021817
-0.0032725
0.0021817
0.0021817
0
0.0010908
0.0010908
-0.0032725
-0.0021817
0.0010908
-0.0054541
-0.0032725
0
-0.0010908
0.0010908
0.0043633
0
-0.0010908
-0.0021817
0.0021817
0
0
0.0010908
-0.0043633
-0.0043633
0.0021817
-0.0021817
-0.0032725
-0.0032725
0.0010908
-0.0032725
-0.0032725
-0.0010908
0.0043633
0
0
0
0.0054541
0.0032725
0.0010908
0.0010908
-0.0021817
-0.0054541
0
0.0010908
0
0.0010908
-0.0032725
-0.0021817
0
-0.0010908
0.0054541
0.0043633
0.0010908
-0.0021817
0
0.0021817
0
-0.0043633
-0.0032725
0
-0.0010908
0
-0.0021817
-0.0010908
0.0021817
-0.0021817
-0.0043633
0.0043633
-0.0010908
-0.0021817
-0.0010908
-0.0010908
0.0010908
-0.0043633
-0.0010908
-0.0010908
0
-0.0010908
-0.0032725
0.0010908
0.0021817
-0.0010908
0
-0.0032725
0.0021817
0
0.0043633
0.0021817
-0.0010908
0
0.0010908
0.0010908
0.0021817
0
0
0.0043633
-0.0010908
0.0021817
0.0021817
0.0021817
0.0010908
-0.0054541
0.0010908
0.0010908
-0.0032725
-0.0021817
0.0032725
-0.0010908
-0.0043633
-0.0021817
0
0.0010908
-0.0010908
-0.0010908
-0.0021817
-0.0021817
-0.0010908
-0.0010908
0.0021817
0.0032725
0.0032725
0
0.0021817
0.0010908
-0.0021817
-0.0021817
-0.0021817
-0.0010908
0
-0.0043633
0.0010908
-0.0043633
0
-0.0043633
0.0010908
0.0021817
0.0010908
-0.0021817
0.0010908
0.0010908
-0.0043633
-0.0032725
-0.0032725
-0.0043633
-0.0010908
0.0021817
-0.0010908
-0.0043633
-0.0021817
-0.0021817
-0.0021817
0.0032725
0.0032725
0.0010908
0.0010908
0.0010908
0.0021817
-0.0010908
-0.0021817
0.0010908
-0.0010908
0.0021817
0.0010908
0.0021817
0.0021817
0
0.0021817
0
0.0021817
-0.0010908
-0.0032725
-0.0032725
0.0032725
0.0054541
0
0
0
0.0032725
0.0010908
0.0010908
-0.0010908
0
0
0
0.0021817
0.0021817
0.0021817
-0.0043633
-0.0010908
-0.0010908
-0.0010908
0.0032725
0.0021817
0
0
0.0032725
0.0010908
0.0010908
0
0.0010908
0
0.0043633
0.0021817
0.0021817
0.0021817
0.0043633
0
0
-0.0010908
-0.0010908
0
-0.0021817
-0.0032725
0.0021817
-0.0021817
0.0043633
0.0010908
-0.0032725
-0.0032725
-0.0032725
-0.0043633
-0.0021817
0.0021817
-0.0010908
-0.0032725
0.0010908
-0.0021817
0
-0.0021817
-0.0021817
0
0
0
0.0010908
0.0010908
-0.0021817
0.0010908
0
0.0010908
0.0021817
-0.0032725
-0.0032725
0
0.0054541
0.0010908
-0.0021817
0.0010908
0.0010908
0.0010908
0.0021817
0.0021817
0.0021817
0.0010908
-0.0010908
-0.0021817
-0.0043633
-0.0010908
0.0010908
-0.0043633
0
-0.0043633
-0.0043633
-0.0021817
0.0032725
0.0021817
-0.0021817
0.0043633
-0.0010908
0
-0.0010908
-0.0021817
0.0021817
0.0021817
0.0010908
-0.0021817
0.0010908
-0.0021817
-0.0032725
0
-0.0021817
-0.0010908
0
-0.0010908
0
0.0010908
0
0
0.0021817
0
0
0.0010908
0.0021817
0.0010908
0
-0.0032725
-0.0032725
-0.0021817
0
0.0010908
0.0043633
-0.0010908
-0.0010908
-0.0010908
-0.0010908
-0.0010908
0.0021817
-0.0043633
-0.0021817
-0.0010908
-0.0010908
0.0043633
-0.0043633
-0.0010908
0
0.0010908
0.0032725
0.0032725
0.0010908
-0.0021817
0.0021817
-0.0021817
-0.0043633
0.0010908
0.0021817
-0.0010908
-0.0010908
0.0010908
-0.0043633
-0.0043633
0.0010908
0.0010908
0
0.0032725
0.0010908
0.0032725
-0.0010908
-0.0010908
0
-0.0010908
0.0010908
0.0010908
