0.0021817
0.0021817
0.0010908
0
0
0.0010908
0.0010908
0.0010908
0.0010908
-0.0010908
0
0
0
0
0
-0.0010908
-0.0010908
0
0
0
0
0
0
0.0010908
-0.0021817
-0.0010908
-0.0010908
0
-0.0032725
0
0
0
0
0
0.0010908
0.0010908
0.0010908
0
0.0010908
0
0
0
-0.0021817
-0.0010908
0.0010908
0
0
0
0.0010908
0
-0.0010908
-0.0010908
0.0021817
0.0010908
0
0
0
0.0010908
0
0
-0.0010908
-0.0010908
0
-0.0010908
0
0
0
0.0021817
-0.0021817
-0.0010908
0
-0.0010908
0.0021817
0
0.0021817
-0.0021817
-0.0021817
0
0.0010908
0
0.0010908
0
0
-0.0010908
0
-0.0021817
-0.0021817
0
0
0.0010908
0
-0.0021817
0.0010908
0.0010908
0
-0.0010908
-0.0010908
0
0.0032725
0.0010908
-0.0010908
0
0.0010908
0
-0.0010908
-0.0021817
-0.0010908
0
0
0
0
-0.0010908
0
-0.0010908
0
0
0.0010908
-0.0010908
-0.0021817
0
0.0021817
0.0021817
0
0.0010908
0
0
0.0010908
-0.0021817
0.0010908
0
-0.0010908
0
-0.0010908
0.0010908
0.0010908
0
-0.0010908
0.0010908
-0.0010908
0
0.0021817
0
0
-0.0010908
0
-0.0010908
-0.0010908
0.0010908
0
0
-0.0010908
0.0010908
-0.0010908
-0.0010908
0
0
0.0010908
-0.0010908
0
0
0.0010908
0.0010908
-0.0021817
0
0.0010908
0.0021817
0
-0.0010908
-0.0010908
0
-0.0010908
0
0.0010908
0
0.0010908
0.0010908
0
0.0010908
-0.0021817
0.0010908
0.0010908
-0.0010908
0.0010908
-0.0010908
0
0
0
-0.0010908
0.0010908
0.0010908
0.0021817
0
-0.0010908
-0.0010908
0.0010908
0
0
-0.0010908
0.0010908
-0.0010908
0
0.0021817
0
0
0.0010908
-0.0010908
0
0
0
0.0021817
-0.0010908
-0.0010908
0
0
0
0
0
-0.0010908
0.0021817
-0.0010908
0.0010908
0
0
0
0.0021817
0.0010908
-0.0010908
0.0010908
-0.0010908
0
0.0010908
0
-0.0021817
-0.0010908
0.0010908
-0.0010908
0
-0.0010908
0.0010908
0
0
-0.0010908
0.0010908
-0.0010908
0.0010908
-0.0010908
0
0
-0.0010908
0.0021817
0
0.0010908
0
-0.0010908
0
-0.0010908
0
-0.0021817
0.0010908
0.0010908
0
-0.0010908
-0.0010908
0
0
-0.0010908
0
-0.0010908
0
0.0010908
0.0010908
0
-0.0010908
0.0010908
0.0010908
-0.0010908
0.0010908
0.0010908
0.0010908
0
0
0
-0.0010908
0
0.0010908
0.0010908
-0.0032725
0
-0.0010908
0
0
0.0010908
0
0.0010908
-0.0021817
-0.0021817
-0.0010908
-0.0010908
-0.0021817
0.0010908
0.0010908
0
-0.0010908
-0.0021817
0
0
-0.0010908
0
-0.0010908
0
0
-0.0021817
-0.0010908
-0.0010908
-0.0021817
0
-0.0010908
-0.0021817
-0.0032725
0
0.0010908
0.0010908
0.0010908
-0.0010908
-0.0010908
0.0010908
0.0010908
0.0010908
-0.0010908
0
0.0010908
-0.0032725
-0.0021817
0.0010908
0.0010908
0
-0.0010908
-0.0010908
0
0.0010908
-0.0010908
-0.0010908
0
0.0010908
0
0.0010908
0
0
-0.0010908
-0.0010908
0
0
0
0
-0.0010908
0.0010908
0.0021817
0
0
0
-0.0010908
-0.0010908
-0.0010908
0
0
-0.0010908
0
0
0.0010908
-0.0010908
0.0021817
0
-0.0032725
0
0.0010908
0.0010908
0.0010908
-0.0010908
0
0
0
0.0010908
-0.0010908
-0.0010908
0.0010908
-0.0010908
-0.0010908
0
-0.0010908
-0.0010908
-0.0021817
0
0.0032725
0.0021817
-0.0010908
0.0010908
0.0010908
-0.0010908
0.0010908
0
0
0
-0.0010908
0.0010908
0
-0.0010908
0
0
0.0010908
-0.0010908
0
-0.0021817
-0.0021817
-0.0010908
0
-0.0021817
0
0
0
0
-0.0010908
0.0010908
-0.0010908
-0.0010908
0
-0.0010908
0
-0.0010908
0
0.0010908
0
0.0010908
0
0.0010908
-0.0010908
0
-0.0010908
-0.0021817
0
0
0.0010908
0.0010908
-0.0010908
0.0010908
0
0.0010908
-0.0010908
-0.0010908
0
0.0010908
0.0010908
0
0
0.0043633
0.0021817
0.0010908
0.0054541
0.0054541
0.010908
0.021817
0.021817
0.022907
-0.011999
0.0032725
0.0021817
0.0021817
0.0010908
-0.0021817
0.011999
-0.0032725
-0.0021817
-0.01309
0.0010908
0.0021817
-0.0043633
0.0043633
-0.0032725
-0.0032725
0.0043633
-0.0098174
0.0054541
-0.0010908
-0.0043633
0.0032725
-0.0054541
0.011999
-0.0087266
-0.022907
-0.022907
-0.07854
-0.29343
-0.50069
-0.87484
-1.1486
-1.1486
0.59341
1.0254
1.189
0.66104
0.72104
0.72104
-0.9272
-3.5866
-1.6057
-0.62286
0.030543
0.030543
-0.0054541
0.32179
1.369
3.435
1.5195
1.5195
0.56614
-1.9024
-0.070904
-0.010908
0.031634
0.031634
-0.0043633
0.0054541
0.006545
0.0032725
-0.0021817
-0.0021817
0.0076358
0.063268
0.071995
0.030543
-0.02618
-0.02618
-0.0098174
-0.029452
-0.24871
-0.2978
-0.50505
-0.50505
-0.29234
-0.25416
0.028361
0.26071
0.94357
0.94357
0.50614
-0.025089
0.006545
0.018544
0.015272
0.015272
-0.01309
-0.023998
-0.019635
-0.046906
-0.016362
-0.016362
-0.025089
0.0076358
0.006545
0.028361
0.034906
0.034906
0.035997
-0.011999
-0.023998
-0.055632
-0.058905
-0.058905
-0.058905
0.029452
-0.47015
-0.43306
0.15708
0.15708
0.69267
0.062177
0.017453
-0.010908
-0.022907
-0.022907
-0.041451
0.011999
-0.050178
-0.030543
-0.037088
-0.037088
-0.0087266
0.091629
0.031634
-0.037088
0.10581
-0.064359
-0.064359
-0.044724
0.018544
0.015272
-0.010908
0.061086
0.21271
1.5599
1.5599
1.561
1.6068
0.84648
0.12654
-0.9272
-1.2654
-1.3003
-1.3003
-0.78103
0.31634
-0.017453
-0.44724
-0.46906
-0.81485
-0.07963
-0.045815
-0.023998
-0.025089
-0.025089
-0.0032725
-0.028361
0.014181
0.032725
0.095993
0.095993
0.12435
0.082903
-0.18871
-0.64468
-0.59668
-0.56178
-0.55414
-0.49087
-0.71558
-0.61523
-0.61523
-0.21707
-0.40142
0.36652
1.081
0.82794
1.5522
1.5522
1.1072
-0.02618
-0.017453
-0.10145
0.0054541
-0.074176
-0.059995
-0.025089
-0.025089
-0.038179
-0.0032725
0.033816
0.05236
0.019635
-0.017453
-0.017453
-0.015272
0.016362
0.006545
0.029452
0.033816
-0.064359
-0.064359
-0.071995
-0.046906
-0.05236
0.021817
0.09272
0.030543
0.014181
0.006545
0.006545
-0.01309
-0.0054541
-0.019635
-0.056723
-0.021817
0.006545
0.006545
0.020726
0.019635
-0.032725
-0.011999
-0.0021817
0.11345
0.24762
0.22907
-0.053451
-0.053451
-0.41124
0.19526
0.19526
1.4268
1.1617
0.43851
0.43851
-0.47887
-0.71449
-0.80721
-0.5705
0.1549
0.64577
-0.39488
-0.54759
-0.54759
-0.35997
-0.71558
0.10036
0.07963
-0.034906
0.032725
0.027271
-0.010908
-0.010908
0.025089
0
0.014181
0.0021817
0.043633
0.0076358
-0.25307
-0.37415
-0.13963
-0.13963
-0.29889
-0.46469
-0.11236
-0.20726
0.080721
0.080721
0.45815
1.0079
0.30543
-0.042542
0.044724
0.044724
0.0032725
0.006545
-0.032725
-0.015272
-0.042542
-0.042542
-0.046906
-0.050178
-0.027271
0.011999
0.011999
-0.018544
-0.0021817
0.0076358
0.011999
0.0032725
0.034906
0.03927
0.0087266
0.010908
-0.049087
-0.043633
-0.043633
0.0032725
-0.0010908
0.0076358
0.027271
-0.0076358
-0.0076358
-0.018544
0.0087266
-0.037088
-0.006545
-0.0054541
-0.027271
-0.014181
-0.014181
-0.0043633
0.011999
0.011999
0.0021817
-0.018544
0.067631
0.13199
0.083994
-0.24653
0.087266
0.11345
0.59232
1.0832
1.0832
0.46796
0.57705
0.88357
0.5236
-0.66213
-0.66213
-1.0003
-1.0254
-0.97084
-0.2498
0.87048
0.87048
-0.13963
-0.17453
-0.11017
-0.34252
-0.18762
-0.18762
-0.097084
0.017453
-0.0054541
-0.028361
-0.028361
0.045815
-0.022907
0.089448
0.094902
0.01309
0.01309
-0.0043633
0.0021817
-0.046906
-0.62832
-0.62832
-0.50396
-0.52032
-0.33597
-0.049087
0.19526
0.19526
0.82903
0.72649
0.72104
0.071995
0.050178
0.050178
-0.01309
0.01309
-0.06654
-0.059995
0.0043633
0.0043633
-0.0076358
-0.022907
-0.022907
-0.0087266
0.015272
0.015272
0.0043633
0.0087266
0.0076358
0.021817
0.021817
0.014181
0.0087266
-0.034906
-0.034906
-0.034906
0.014181
0.0032725
0.040361
0.0021817
0.019635
0.019635
-0.015272
-0.0010908
-0.0043633
-0.018544
-0.018544
-0.03927
-0.0076358
-0.01309
-0.019635
0.0054541
0.0054541
0.0010908
-0.0010908
0
0.0010908
0.0010908
0.01309
0.018544
0.14399
0.097084
0.93048
0.93048
0.89557
0.87375
0.5465
-0.73631
-1.3341
-1.3341
-0.92829
-0.53451
-0.30761
0.48105
0.54869
0.54869
-0.39924
-0.24871
-0.014181
0.14181
-0.0043633
-0.0043633
-0.10036
0.021817
-0.010908
-0.031634
-0.0076358
-0.0076358
0.029452
0.043633
0.080721
0.055632
0.030543
0.030543
0.014181
-0.010908
-0.21926
-0.35452
-0.41779
-0.41779
-0.26616
-0.35125
-0.1789
0.20617
0.47015
0.47015
0.77994
0.32288
0.031634
-0.018544
0.015272
0.015272
0.0010908
-0.019635
-0.064359
-0.028361
-0.034906
-0.034906
-0.042542
-0.061086
0.0098174
0.023998
0.017453
0.017453
0.063268
0.034906
-0.011999
-0.010908
0.01309
0.01309
0.022907
0.018544
-0.02618
-0.07963
-0.041451
-0.041451
-0.0098174
0.015272
0.049087
0.0043633
0.010908
0.010908
0.0010908
0.0054541
-0.011999
-0.0098174
-0.006545
-0.006545
-0.037088
0.037088
-0.02618
-0.017453
0.0054541
0.0054541
-0.034906
-0.018544
0.0010908
0.0076358
0.006545
0.006545
-0.09272
0.7614
0.81376
0.72322
0.72322
0.42324
-1.1083
-0.88902
-0.69595
-0.69595
-0.33816
-0.033816
0.61959
-0.046906
0.0032725
0.0032725
-0.028361
0.14508
-0.021817
0.0010908
0.0010908
-0.043633
-0.037088
0.0043633
0.015272
0.082903
0.082903
0.12872
0.10908
0.055632
0.0076358
-0.059995
-0.059995
-0.14508
-0.3087
-0.4276
-0.27052
-0.27052
-0.29343
-0.031634
0.18435
0.61086
0.76467
0.76467
0.055632
-0.037088
-0.0098174
0.0076358
-0.034906
-0.034906
-0.058905
-0.035997
-0.0010908
-0.029452
-0.029452
-0.029452
-0.0054541
0.010908
0.0076358
0.028361
0.031634
0.031634
0.0076358
-0.0076358
0.006545
0.042542
0.019635
0.019635
-0.006545
-0.018544
-0.02618
-0.033816
0.0054541
0.0054541
0.042542
0.0054541
-0.0054541
-0.017453
-0.017453
-0.0021817
0.0076358
-0.028361
-0.015272
-0.015272
-0.031634
-0.017453
-0.0043633
-0.014181
-0.015272
-0.015272
0.006545
0.014181
-0.0010908
-0.0010908
0.10363
0.10363
-0.085084
0.81812
0.59232
0.53451
0.32725
-0.1189
-0.1189
-1.0865
-0.61959
-0.27489
-0.15708
-0.15708
0.2978
-0.15053
-0.18762
-0.18762
0.23126
-0.12981
-0.0032725
-0.0054541
-0.0054541
-0.010908
0.0076358
-0.02618
0.020726
0.061086
0.074176
0.074176
0.053451
0.020726
0.0032725
0.0032725
-0.09272
-0.29452
-0.37415
-0.17126
-0.17126
-0.011999
0.0032725
0.47233
0.59341
-0.017453
-0.017453
-0.021817
0.0010908
0.038179
-0.028361
-0.033816
-0.033816
-0.063268
-0.006545
-0.0054541
-0.03927
-0.020726
-0.020726
-0.01309
0.028361
-0.0021817
0.046906
0.018544
0.018544
-0.0032725
0
0.027271
0.019635
-0.0010908
-0.0010908
-0.049087
-0.02618
0.0010908
-0.017453
0.010908
0.010908
0.03927
0.0076358
0.0043633
-0.015272
0.015272
0.015272
-0.025089
-0.0010908
-0.0032725
-0.030543
0.0032725
0.0032725
-0.033816
-0.011999
-0.0021817
-0.023998
0
0
0.01309
0.0032725
-0.029452
0.010908
0.10799
0.10799
0.25089
0.9512
0.92829
0.01309
0.72322
0.72322
-0.45597
-1.1999
-0.85957
-0.57705
-0.38943
-0.38943
0.082903
0.61959
-0.13963
-0.045815
-0.11563
0.30107
-0.0043633
-0.010908
-0.027271
-0.0087266
-0.0087266
-0.027271
0.0054541
-0.0021817
0.028361
0.1069
0.1069
0.071995
0.067631
-0.01309
0.016362
-0.11126
-0.11126
-0.23016
-0.41779
-0.44506
-0.16799
-0.15926
-0.15926
-0.091629
0.33925
0.98502
0.26507
-0.019635
-0.019635
-0.016362
0.031634
-0.006545
-0.019635
-0.059995
-0.059995
-0.02618
-0.019635
-0.043633
-0.054541
-0.0087266
-0.0087266
0.011999
0.021817
0.043633
0.014181
0.020726
0.014181
0.014181
0.017453
0.019635
-0.038179
-0.038179
-0.049087
-0.056723
-0.0032725
0.01309
0.045815
0.0054541
0.0054541
0.023998
-0.01309
-0.014181
-0.006545
-0.006545
-0.011999
-0.018544
0.0010908
-0.014181
-0.014181
-0.033816
-0.016362
0.0021817
0.0021817
-0.0087266
-0.0087266
-0.010908
0.5116
0.57814
0.77231
0.87921
0.74613
-0.62723
-1.3744
-1.3744
-1.1356
-0.65995
-0.40361
-0.2018
0.69377
0.69377
0.30216
0.12872
-0.020726
0.23998
-0.21707
-0.21707
-0.0021817
-0.12872
0.10908
-0.038179
0.0032725
0.0032725
0.0087266
-0.0098174
0.010908
0.090539
0.081812
0.0043633
0.0043633
-0.01309
-0.0087266
-0.30979
-0.30979
-0.33052
-0.47233
-0.31634
-0.034906
0.2738
0.2738
0.75812
0.56396
0.047996
-0.0010908
0.019635
0.019635
0.018544
-0.027271
-0.043633
-0.047996
-0.006545
-0.006545
-0.056723
-0.020726
0
0.027271
-0.0076358
-0.0076358
0.018544
0.038179
0.0098174
0.027271
0.023998
0.023998
0.017453
-0.020726
-0.017453
-0.047996
-0.051269
-0.051269
-0.0010908
0.01309
0.032725
0.034906
0.0098174
0.0098174
-0.0076358
-0.0043633
-0.006545
-0.037088
-0.0043633
-0.0043633
-0.019635
-0.0043633
-0.030543
-0.0087266
0.014181
-0.0021817
-0.0021817
-0.044724
-0.0010908
0.015272
0.015272
-0.011999
0.016362
0.043633
0.6545
0.77121
0.77121
0.69813
0.071995
-0.75703
-1.1574
-1.0636
-1.0636
-0.85084
-0.43197
-0.091629
0.28143
0.70467
0.70467
0.65668
0.057814
-0.074176
0.38943
0.34906
0.34906
-0.14399
0.020726
-0.045815
0.0087266
0.0054541
0.0054541
0.0010908
0.02618
0.088357
0.062177
0.043633
-0.02618
-0.02618
-0.021817
-0.035997
-0.094902
-0.25744
-0.25744
-0.20508
-0.19635
-0.046906
0.14399
0.43524
0.43524
0.25198
-0.025089
-0.023998
0.043633
-0.0043633
-0.043633
-0.043633
-0.030543
-0.03927
-0.011999
-0.044724
-0.044724
-0.038179
-0.028361
0.018544
0.006545
0.043633
0.0087266
0.025089
0.025089
0.01309
0.027271
0.031634
0.031634
-0.01309
-0.01309
-0.046906
-0.051269
-0.030543
0.0010908
0.0087266
0.03927
-0.010908
0.01309
-0.014181
-0.014181
0.019635
-0.037088
0.016362
-0.018544
-0.0054541
-0.027271
-0.0032725
-0.0032725
-0.006545
-0.01309
-0.027271
-0.0076358
0.0010908
0.0010908
0
0.0010908
0.016362
0.13744
0.67958
0.67958
0.76685
0.71995
0.31852
-0.069813
-1.0428
-1.3668
-0.96865
-0.65777
-0.65777
-0.33925
0.23998
0.92066
0.53123
0.22253
0.22253
0.033816
0.0098174
0.067631
-0.077449
-0.083994
-0.083994
0.011999
-0.018544
0.010908
0.0010908
-0.03927
-0.03927
0.044724
0.073085
0.043633
0.01309
-0.014181
-0.049087
-0.21926
-0.49742
-0.44506
-0.24107
-0.10799
0.21162
0.21162
0.45378
0.52142
0.36434
0.038179
0.038179
-0.017453
0.043633
-0.018544
-0.006545
-0.070904
0.0087266
0.0087266
-0.047996
-0.03927
-0.033816
0.0021817
0.0021817
0.0032725
0.0032725
0.047996
0.010908
0.0032725
0.037088
0.037088
0.038179
0.0087266
-0.006545
-0.03927
-0.056723
-0.032725
0.015272
0.015272
0.0032725
0.032725
0.0021817
0.0021817
-0.0087266
0.0098174
-0.011999
-0.011999
-0.0021817
0.0032725
-0.020726
-0.020726
-0.018544
-0.018544
0
0
-0.054541
0.014181
0.0043633
-0.0021817
-0.0021817
-0.022907
0.089448
0.6774
0.43524
1.1377
1.1377
0.35888
0.031634
-1.0417
-1.3155
-1.1574
-1.1574
-0.74503
-0.42869
-0.073085
0.60759
0.52142
0.60541
-0.19962
0.37961
0.27271
-0.21162
-0.090539
0.12326
-0.021817
-0.021817
-0.031634
0.016362
0.0043633
0.042542
0.091629
0.057814
0.017453
-0.0032725
-0.017453
-0.086175
-0.33161
-0.33161
-0.2498
-0.27707
-0.10036
0.080721
0.17671
0.50287
0.19089
-0.010908
0.025089
0.089448
0.089448
0.0087266
-0.020726
-0.068722
-0.076358
0.0010908
-0.049087
-0.049087
-0.038179
0.006545
0.037088
-0.02618
0.051269
0.051269
0.018544
0.02618
0.019635
0.038179
-0.0021817
-0.018544
-0.0032725
-0.040361
-0.069813
-0.035997
-0.035997
-0.028361
0.018544
0.029452
0.018544
0.011999
0.011999
0.021817
0.0087266
-0.011999
0.017453
-0.0054541
-0.0054541
-0.006545
0.0021817
0.0021817
-0.027271
-0.0054541
-0.055632
-0.0054541
-0.0054541
0.0054541
-0.028361
-0.028361
-0.0043633
-0.049087
0.4156
1.201
0.64468
0.14944
-0.53341
-1.0308
-1.0712
-0.99047
-0.99047
-0.48869
-0.21926
-0.37634
0.022907
0.75158
0.67195
0.67195
0.5945
0.34361
0.36652
-0.028361
-0.051269
0.037088
0.0021817
0.0043633
0.010908
0.006545
0.006545
0.030543
0.028361
0.044724
-0.016362
-0.020726
-0.023998
-0.10036
-0.23126
-0.2978
-0.093811
0.18762
0.25634
0.23344
0.073085
-0.0087266
-0.023998
0.034906
-0.0054541
-0.035997
-0.016362
-0.033816
-0.033816
-0.0032725
-0.055632
-0.031634
0.0021817
0.011999
0.011999
0.031634
0.018544
0.040361
0.010908
0.022907
0.022907
0.0032725
-0.0032725
0.0087266
-0.027271
-0.041451
-0.041451
-0.062177
-0.054541
-0.058905
-0.015272
0.0043633
0.0043633
0.01309
-0.03927
0.014181
-0.014181
-0.015272
-0.015272
-0.010908
-0.0054541
-0.023998
-0.016362
0
0
0.0032725
0.0076358
-0.01309
-0.0043633
-0.0043633
-0.0054541
0.09272
0.031634
0.034906
-0.48651
-0.48651
-0.43742
1.1345
0.5585
0.22362
0.22362
-0.26507
-0.62613
-0.41997
0.037088
0.43851
0.43851
0.49414
0.99702
1.0908
0.78649
-0.051269
-0.051269
-1.7617
-0.064359
0.043633
0.027271
-0.025089
-0.025089
0.058905
0.019635
0.030543
0.031634
-0.046906
-0.046906
-0.062177
-0.21271
-0.24435
-0.40906
-0.40252
-0.40252
-0.53996
-0.19089
-0.16362
-0.15708
-0.0010908
-0.0010908
0.28143
0.31852
0.49414
0.75049
0.34688
0.34688
0.073085
0.03927
0
-0.014181
-0.025089
-0.025089
-0.01309
-0.023998
0.027271
0
-0.006545
-0.006545
0.0021817
0.0054541
0.020726
-0.0021817
0.0032725
0.0032725
0.0054541
-0.018544
-0.044724
-0.18653
-0.12435
-0.12435
-0.16253
-0.18871
0.017453
0.15599
0.11345
0.11345
-0.01309
-0.0010908
0.0032725
-0.0098174
0.018544
0.018544
-0.014181
-0.014181
-0.027271
-0.016362
-0.0021817
-0.0043633
-0.0043633
-0.035997
-0.0054541
0.03927
0.03927
0.062177
0.01309
-0.51814
-1.0286
0.59995
0.59995
0.55523
0.63922
-0.4276
-0.69158
-0.69158
-0.98829
-0.23344
0.1669
0.39924
0.46033
0.46033
0.78649
1.6526
0.46906
-0.25853
-0.42215
-0.42215
-0.21707
0.045815
0.023998
0.018544
-0.006545
-0.006545
-0.12326
-0.13526
-0.18326
-0.2498
-0.41342
-0.41342
-0.11345
-0.18871
-0.086175
-0.21926
-0.21926
0.094902
-0.10799
0.019635
0.30325
0.33161
0.33161
0.39597
0.35888
0.44942
0.09272
-0.006545
-0.006545
-0.016362
-0.0021817
-0.025089
-0.032725
-0.035997
-0.035997
-0.010908
-0.0076358
0.0021817
0.0054541
0.0087266
0.0087266
0.022907
0.021817
0.035997
0.035997
0.028361
0.014181
-0.025089
-0.025089
-0.087266
-0.09272
-0.09272
-0.19089
-0.16362
0.12217
0.085084
-0.021817
-0.021817
-0.018544
-0.025089
0.046906
0.0021817
-0.014181
-0.014181
-0.05236
-0.089448
0.0032725
-0.015272
-0.011999
-0.011999
-0.020726
-0.027271
0.016362
0.085084
0.14944
-0.006545
-0.006545
-1.1901
-1.4519
0.10581
-0.087266
-0.043633
-0.043633
-0.12326
-0.37306
-0.72322
-0.73958
-0.73958
-0.062177
0.14835
0.26398
0.13526
0.57814
0.94357
0.94357
1.8969
1.9362
-0.61414
-0.01309
-0.01309
0.083994
0.071995
0.17126
-0.11345
-0.045815
-0.045815
0.1429
-0.021817
-0.16799
-0.18762
-0.18762
-0.080721
-0.19417
0.16799
-0.11781
-0.11781
-0.027271
0.10799
0.2618
0.12654
0.12654
0.20289
0.29125
-0.13853
-0.027271
-0.023998
-0.0076358
-0.0076358
-0.014181
-0.054541
-0.038179
-0.0010908
0.033816
0.033816
0.023998
-0.041451
0.010908
0.011999
0.019635
0.019635
0.034906
0.050178
0.047996
0.031634
-0.0010908
-0.023998
-0.023998
-0.083994
-0.081812
-0.046906
-0.046906
-0.046906
0.010908
-0.028361
0.037088
0.020726
0.020726
0.021817
0
-0.020726
-0.03927
-0.03927
-0.0087266
-0.05236
0.014181
-0.029452
-0.022907
-0.022907
0.0076358
0.05236
0.10799
0.021817
-0.84648
-0.84648
-1.6897
-0.11126
0.53341
-0.3087
-0.11126
-0.11126
-0.26398
-0.59668
-0.70031
-0.2018
0.22907
0.22907
0.41015
0.37961
0.46578
0.86612
1.1977
1.1977
2.0508
0.32725
-0.16471
0.25416
-0.10145
-0.10145
-0.19526
0.07963
0.06654
0.087266
0.01309
0.01309
0.087266
-0.30761
-0.12654
-0.25962
-0.19089
-0.19089
-0.18871
-0.26071
0.0098174
-0.24871
0.31198
0.31198
0.062177
0.28907
0.2378
0.53996
0.24544
0.24544
0.31852
-0.51814
-0.27598
-0.054541
-0.0098174
-0.034906
-0.034906
-0.028361
-0.011999
-0.0032725
-0.0032725
-0.006545
-0.025089
0.031634
0.016362
0.017453
0.017453
0.020726
0.028361
0.025089
0.022907
0.032725
0.032725
-0.0054541
-0.058905
-0.080721
-0.0021817
0.0021817
0.0021817
0.037088
-0.010908
0.014181
0.016362
0.041451
0.041451
0.041451
0.020726
0.0098174
-0.031634
0.018544
0.018544
0.018544
0.0032725
-0.011999
-0.033816
0.006545
0.006545
0.081812
-0.020726
-0.86284
-1.7235
-0.077449
-0.077449
-0.09272
-0.49414
-0.22798
-0.9152
-1.0876
-1.0876
-0.86939
-0.65559
-0.11017
0.19635
0.07854
0.07854
0.14617
0.7014
1.1966
2.3355
1.2239
1.2239
0.93375
0.5825
-0.37088
0.48215
0.40797
0.40797
0.16908
0.085084
0.14726
0.25198
0.049087
0.049087
-0.067631
-0.16799
-0.068722
-0.21926
-0.19744
-0.19744
0.080721
-0.025089
-0.0032725
-0.24107
0.42433
0.42433
0.086175
0.47124
0.32398
0.32398
0.32288
-0.095993
-0.35234
0.046906
-0.06545
-0.02618
-0.02618
-0.027271
-0.0021817
0.011999
-0.022907
-0.010908
0.0043633
0.0043633
0.016362
0.038179
0.032725
0.032725
0.016362
0.010908
0.0087266
0.0021817
-0.057814
-0.057814
-0.091629
-0.0098174
-0.017453
0.031634
0.028361
0.028361
-0.033816
0.062177
0.017453
0.025089
0.030543
0.030543
0.006545
-0.049087
-0.0043633
-0.055632
-0.014181
0.022907
-0.019635
-0.030543
-0.0043633
0.016362
0.016362
0.075267
-0.011999
-0.63595
-1.8064
-0.43742
-0.43742
0.63486
-0.37415
-0.47451
-0.73413
-0.84212
-0.80503
-0.80503
-0.42215
-0.0054541
0.25853
0.056723
0.53996
0.84321
1.501
2.2406
-0.068722
-0.068722
0.43524
0.12872
-0.015272
0.46578
0.14944
0.14944
0.15817
-0.13308
0.12326
-0.023998
-0.10254
-0.19744
0.034906
0.0098174
-0.41997
0.070904
0.070904
0.042542
-0.054541
0.27489
-0.20617
0.57596
0.57596
0.29998
0.31525
0.35234
0.23016
-0.30761
0.010908
0.010908
-0.014181
-0.014181
-0.055632
-0.061086
-0.0087266
0
0.017453
-0.01309
0.0043633
0.0043633
0.059995
0.028361
0.044724
0.037088
-0.0054541
0.018544
0.015272
0.029452
0.029452
-0.014181
-0.089448
-0.085084
-0.0098174
0.014181
-0.0032725
-0.0032725
0
0.045815
0.049087
0.061086
0.054541
0.054541
0.0076358
0.0021817
-0.040361
0.019635
-0.011999
-0.011999
-0.016362
0.021817
-0.034906
-0.028361
-0.028361
-0.044724
0.055632
-0.26616
-1.0625
-1.6701
-1.6701
-0.10254
0.59232
-0.33161
-0.2018
-0.89993
-0.89993
-0.98283
-1.0188
-0.6654
-0.25198
0.15926
0.15926
0.082903
0.2618
0.84539
1.2686
1.2686
2.4304
1.0156
0.1789
0.39924
0.25634
0.23126
0.23126
0.14072
0.16799
-0.091629
0.037088
0.16581
0.029452
-0.20944
-0.20944
-0.062177
-0.088357
0.047996
-0.075267
-0.0010908
0.13417
0.13308
0.13308
-0.046906
0.20835
0.32179
0.35452
0.073085
0.073085
0.031634
-0.10254
-0.091629
-0.016362
-0.019635
-0.019635
-0.031634
-0.020726
-0.034906
-0.0043633
0.0076358
0.0076358
0.0010908
-0.018544
0
0.018544
0.020726
0.01309
0.033816
0.019635
0.0087266
0.016362
0.016362
-0.018544
-0.046906
-0.077449
-0.051269
-0.023998
-0.023998
-0.0087266
-0.0054541
0.016362
0.022907
0.02618
0.02618
0.046906
0.029452
0.028361
-0.0087266
-0.040361
-0.040361
0.006545
-0.040361
-0.0076358
-0.0076358
-0.030543
-0.0021817
0.063268
-0.65995
-0.65995
-0.82139
0.48978
0.14072
0.14072
-0.031634
-0.46906
-1.405
-0.84212
-0.84212
-0.81376
-0.10036
0.44069
0.22362
0.17671
0.8203
0.98393
1.4933
1.4246
1.4246
0.44724
0.79739
0.090539
0.05236
0.071995
0.071995
0.13308
0.093811
0.0032725
0.06654
-0.0076358
-0.0076358
-0.16253
-0.15926
-0.017453
-0.23126
-0.089448
-0.089448
0.035997
-0.19308
0.087266
0.20289
0.15926
0.31089
0.17126
0.13744
-0.14399
-0.16035
-0.10145
-0.10145
-0.023998
0.028361
0.0098174
-0.045815
-0.080721
-0.080721
-0.067631
-0.03927
-0.028361
-0.011999
-0.0021817
-0.0021817
0.0076358
0
0.023998
0.022907
0.006545
0.006545
0.022907
0.011999
-0.006545
-0.044724
-0.051269
0.023998
-0.16908
0.094902
0.010908
-0.01309
-0.01309
0.0032725
0.0054541
0.0032725
0.0032725
0.018544
-0.0032725
-0.059995
-0.073085
-0.040361
-0.020726
-0.020726
-0.006545
-0.0010908
0.0076358
0.006545
0.0076358
0.0054541
0.0043633
0.0076358
0.022907
0.023998
0.030543
0.019635
0.006545
0.0098174
-0.0098174
0.021817
0.025089
0.0054541
-0.020726
-0.018544
-0.0032725
-0.0032725
0.0043633
0.011999
0.0076358
0.011999
0.0054541
0.0054541
0.0021817
0.0098174
0.0076358
0.0021817
-0.0021817
-0.0010908
-0.0010908
-0.006545
-0.0021817
-0.0054541
-0.0054541
-0.0054541
-0.0054541
-0.0032725
-0.0043633
0.0021817
0.0010908
-0.0021817
0
-0.0032725
-0.0032725
-0.0021817
-0.0021817
-0.0021817
-0.0043633
0
0
0.0043633
0.0032725
-0.0010908
0
0
0.0032725
0.0021817
0.006545
0.0010908
0.0010908
0.0032725
0.0054541
0
-0.0032725
-0.0032725
0.0021817
0
0.0021817
0.0010908
0.0010908
-0.0010908
-0.0021817
-0.0043633
-0.0032725
-0.0032725
-0.0010908
-0.0010908
0.0010908
0.0021817
0.0021817
0
-0.0010908
-0.0010908
-0.0032725
-0.0032725
0.0021817
0.0032725
-0.0010908
-0.0010908
-0.0010908
0.0010908
-0.0032725
-0.0032725
-0.0032725
-0.0032725
0.0021817
0.0021817
0.0021817
0.0021817
0.0021817
0
0
0.0032725
-0.0021817
-0.0021817
-0.0032725
0
0
-0.0010908
-0.0010908
0.0010908
0
0.0021817
-0.0010908
-0.0010908
0.010908
-0.0076358
-0.0021817
-0.0032725
-0.0032725
0.0010908
0.0021817
0
-0.0021817
0
0
0.0021817
0.0010908
0.0010908
0.0021817
0.0021817
0
0.0010908
0
-0.0010908
-0.0010908
-0.0021817
0.0032725
0.0010908
0.0010908
-0.0010908
0.0010908
-0.0021817
0
-0.0010908
0
-0.0010908
-0.0010908
0.0021817
0.0010908
0
0
0
-0.0010908
-0.0010908
0.0010908
-0.0010908
-0.0010908
0.0021817
-0.0021817
0.0010908
0
0.0021817
0.0098174
0
0
0.0010908
-0.0043633
-0.0021817
-0.0010908
-0.0032725
0.0010908
-0.0010908
0.0010908
-0.0010908
-0.0010908
0
-0.0010908
-0.0021817
0
-0.0010908
-0.0010908
0.0032725
-0.0032725
-0.0010908
0.0010908
0
0
-0.0010908
-0.0010908
0
0.0010908
0.0021817
-0.0021817
0.0010908
0
0
0
-0.0010908
-0.0010908
0
0
-0.0010908
0
0.0010908
0
0
-0.0010908
-0.0010908
-0.0032725
0.0021817
-0.0021817
-0.0010908
0.0010908
-0.0010908
-0.0010908
0.0010908
0
0.0021817
0
-0.0010908
-0.0010908
-0.0010908
0.0010908
0.0010908
0.0021817
-0.0032725
0
-0.0010908
0.0010908
0.0010908
-0.0021817
-0.0021817
0.0010908
0
0.0032725
-0.0010908
-0.0021817
0.0010908
0.0010908
-0.0010908
0.0010908
-0.0010908
0.0010908
0
0.0021817
0
0.0010908
0.0010908
0
0.0010908
0.0010908
-0.0010908
-0.0010908
0
0.0010908
-0.0010908
0.0010908
0
-0.0010908
-0.0010908
-0.0032725
0
0
0.0010908
0
0
0.0010908
-0.0010908
0
0.0021817
-0.0010908
0.0010908
-0.0010908
0
-0.0021817
-0.0010908
-0.0010908
0.0021817
0.0010908
-0.0010908
-0.0010908
-0.0010908
0
0
0
0
0
0.0010908
-0.0010908
0.0021817
0.0010908
-0.0010908
0.0021817
0
0
-0.0021817
0.0021817
-0.0021817
-0.0010908
0
-0.0010908
-0.0010908
-0.0010908
0
0.0010908
0
0.0010908
0.0021817
-0.0010908
0
0
-0.0010908
0
-0.0021817
-0.0021817
0.0032725
-0.0021817
-0.0010908
0.0010908
0.0010908
-0.0010908
0.0010908
0.0010908
0.0021817
-0.0021817
-0.0032725
-0.0010908
-0.0010908
0.0021817
-0.0010908
-0.0021817
0.0010908
-0.0010908
-0.0010908
-0.0010908
0
0
0
0
-0.0021817
0.0010908
-0.0010908
0.0010908
0
-0.0032725
-0.0021817
-0.0032725
-0.0021817
-0.0054541
-0.0098174
-0.0098174
-0.0098174
-0.032725
-0.017453
0.006545
-0.010908
-0.0043633
0
0
0.018544
0.0032725
-0.0010908
0
-0.006545
-0.006545
-0.0032725
0.0021817
0.0032725
0.0021817
-0.006545
-0.0054541
-0.010908
-0.0021817
0.022907
0.016362
0.01309
-0.015272
-0.010908
-0.0032725
-0.0087266
-0.034906
-0.034906
-0.021817
-0.025089
-0.090539
-0.031634
-0.031634
0.18435
0.29998
0.20835
0.032725
0.032725
-0.30434
-0.22253
0.053451
0.025089
0.025089
0.10472
0.061086
-0.01309
-0.07854
-0.07854
-0.064359
0.01309
-0.17235
-0.17235
-0.19635
0.26616
0.080721
0.12326
0.12326
-0.062177
-0.016362
-0.016362
-0.0087266
-0.0010908
0.0010908
-0.015272
-0.0098174
-0.028361
-0.055632
-0.0098174
-0.0098174
0.0076358
0.028361
0.028361
0.028361
-0.068722
0.61304
0.73413
0.73413
0.73413
-1.0876
-1.0777
-0.43415
-0.19635
0.0021817
0.74394
1.6984
0.71558
-0.43415
-0.75267
-0.75267
-0.043633
-0.043633
0.055632
-0.038179
-0.047996
-0.034906
0.025089
0.056723
0.10581
0.10363
0.10363
0.10799
-0.034906
-0.26943
-0.65995
-0.61304
-0.2978
-0.2978
-0.61741
-0.23889
-0.15599
-0.20944
0.090539
0.65777
0.65777
0.78976
1.0472
0.4756
-0.095993
-0.042542
-0.028361
-0.0098174
-0.073085
-0.073085
-0.061086
-0.035997
-0.076358
-0.0043633
0.045815
0.044724
0.0032725
0.0032725
0.011999
-0.006545
0.0076358
0.0054541
-0.006545
0.0010908
0.0087266
-0.019635
-0.054541
0.02618
0.02618
0.057814
-0.05236
-0.0087266
0.018544
-0.015272
-0.0021817
0
-0.0087266
-0.0087266
-0.020726
0.0021817
-0.017453
-0.01309
0.014181
0.095993
-0.049087
-0.049087
-0.016362
-0.01309
-0.0032725
0.0021817
0.027271
0.027271
-0.05236
-0.42215
-0.030543
0.72104
0.62613
0.62613
1.1497
0.0054541
-1.4464
-1.7562
-1.2457
-1.2457
-0.75376
-0.4516
0.39924
0.92829
0.91411
-0.53123
-0.40797
-0.40906
-0.40906
1.2272
1.3919
0.6305
-0.063268
-0.02618
-0.006545
0.017453
0.017453
0.022907
0.064359
-0.030543
-0.22689
-0.18653
-0.18653
-0.19744
-0.23889
-0.1549
-0.12872
-0.12872
0.020726
0.13963
0.13308
0.26398
0.40906
0.11563
0.11563
-0.016362
-0.041451
-0.019635
-0.0098174
-0.01309
-0.01309
0.0032725
-0.014181
-0.068722
-0.038179
-0.038179
-0.038179
-0.006545
-0.027271
-0.0087266
-0.0010908
0.014181
0.014181
0.019635
0.014181
0.030543
0.021817
0.017453
0.0087266
-0.049087
-0.025089
-0.027271
-0.027271
0.0032725
-0.0076358
0.042542
0.0076358
0.0010908
0.0087266
0.0087266
-0.010908
0.0087266
-0.0010908
0.019635
-0.021817
-0.021817
0.016362
-0.027271
0.01309
0
-0.029452
-0.029452
-0.03927
-0.035997
-0.0032725
-0.06654
-0.06654
-0.1189
-0.7254
-0.031634
1.1606
0.75594
1.033
1.033
0.23671
-1.3723
-1.1814
-1.0701
-0.55741
-0.55741
-0.40906
-0.15708
0.44178
1.6362
0.6665
0.6665
-0.39161
0.28471
0.52469
-0.1789
-0.082903
-0.082903
-0.068722
-0.020726
0.018544
0.022907
0.051269
0.051269
0.11999
0.12654
0.050178
-0.022907
-0.091629
-0.32725
-0.64141
-0.54432
-0.4996
-0.4996
-0.49524
-0.23126
0.086175
0.22798
0.68068
0.86284
0.86284
0.84539
-0.006545
-0.067631
-0.050178
-0.015272
-0.015272
0.01309
-0.062177
-0.047996
-0.032725
-0.044724
-0.014181
0.014181
0.038179
-0.0043633
0.022907
0.0010908
0.0076358
0.006545
0.020726
0.034906
0.034906
-0.0032725
-0.051269
-0.028361
-0.02618
-0.021817
0.025089
0.045815
0.021817
-0.023998
-0.006545
-0.006545
0.0032725
-0.0010908
0.0043633
-0.023998
-0.006545
-0.006545
-0.015272
-0.0043633
-0.020726
-0.011999
-0.0076358
-0.0076358
0.022907
0.017453
-0.006545
-0.06545
-0.34688
-0.38288
0.81157
0.51596
0.28471
0.28471
-0.16581
-1.2272
-1.2272
-1.0177
-0.40797
-0.40797
0.3087
1.4912
0.90975
-0.43415
-0.020726
0.80503
0.80503
1.1759
0.15272
-0.10799
-0.050178
0.01309
0.010908
0.056723
0.081812
0.11017
0.064359
0.064359
-0.021817
-0.2018
-0.44178
-0.40579
-0.43197
-0.3807
-0.10363
-0.10254
-0.031634
0.37743
0.39161
0.84757
0.39924
0.39924
-0.1189
-0.070904
-0.031634
0.0087266
0.0076358
-0.056723
-0.040361
-0.07854
-0.0043633
-0.047996
-0.029452
0.019635
0.023998
0.041451
0.015272
0.0098174
0.016362
0.01309
0.028361
-0.0010908
-0.023998
-0.021817
-0.02618
-0.015272
0.022907
0.055632
-0.016362
0
-0.0098174
0.0076358
-0.02618
0.016362
-0.029452
-0.021817
-0.010908
-0.031634
-0.0043633
-0.0043633
-0.040361
0.019635
0.010908
0.015272
-0.13417
-0.13417
-0.54541
0.28689
0.8083
0.34361
0.8203
-0.11126
-1.7442
-1.2381
-1.0636
-0.5116
-0.23453
-0.21598
0.59777
1.6341
-0.10908
-0.20835
0.29452
1.3723
0.2498
-0.051269
-0.077449
-0.014181
0.018544
0.042542
0.061086
0.040361
0.06545
0.040361
0.034906
-0.32179
-0.51596
-0.51596
-0.32179
-0.23344
-0.086175
0.12763
0.12763
0.30216
0.69377
0.7854
-0.0032725
-0.077449
-0.041451
-0.043633
0.018544
-0.021817
-0.035997
-0.035997
-0.06545
-0.040361
0.0021817
0.0076358
0.017453
-0.0010908
0.037088
0.023998
0.0054541
0.0076358
0.018544
0.028361
-0.0076358
-0.030543
-0.034906
-0.017453
-0.015272
0.045815
0.021817
0.010908
-0.01309
-0.0021817
-0.0010908
-0.014181
-0.06545
0.006545
0.006545
-0.030543
-0.0010908
-0.014181
0.006545
0.006545
0.0098174
0
-0.0043633
-0.014181
-0.15053
-0.19635
0.6774
0.6654
0.32616
-1.0777
-1.2239
-1.2239
-1.1617
-0.75376
-0.35452
0.51814
0.51814
1.5806
-0.56941
0.064359
0.94793
0.94793
0.68177
-0.06654
-0.06654
-0.051269
-0.0010908
0.037088
0.050178
0.051269
0.019635
0.019635
-0.006545
-0.31634
-0.31634
-0.37524
-0.50178
-0.41015
-0.06654
-0.06654
0.082903
0.24107
0.61523
0.19199
0.19199
-0.017453
-0.057814
-0.010908
0.029452
0.029452
-0.059995
-0.051269
-0.016362
-0.040361
-0.040361
-0.0054541
0.016362
0.015272
0.018544
0.018544
0.0043633
0.015272
0.032725
-0.006545
-0.006545
-0.014181
-0.050178
-0.010908
0.028361
0.028361
0.047996
-0.016362
0.0010908
-0.006545
-0.006545
0.0032725
-0.0010908
-0.018544
-0.019635
-0.019635
-0.0076358
-0.0087266
-0.0087266
0.016362
0.016362
-0.0010908
-0.01309
-0.046906
-0.18762
0.65122
0.86612
0.86612
0.42433
-0.81812
-1.2163
-1.2294
-1.2294
-0.88793
-0.01309
-0.01309
0.23453
0.82357
1.2446
0.0098174
0.65995
0.56832
0.56832
0.018544
-0.025089
-0.025089
0.011999
0.0021817
0.015272
0.061086
0.061086
0
-0.0087266
-0.090539
-0.35779
-0.35779
-0.29889
-0.40906
-0.20289
0.054541
0.054541
0.42651
0.7494
0.43415
-0.044724
-0.023998
-0.023998
-0.0021817
-0.045815
-0.016362
-0.042542
-0.042542
0.022907
-0.07963
-0.010908
0.016362
0.016362
0.016362
0.016362
0.0098174
0.0098174
0.0076358
0.02618
0.032725
-0.032725
-0.032725
-0.034906
-0.0032725
0.0043633
0.0010908
-0.0032725
-0.0032725
-0.010908
-0.035997
-0.010908
-0.0010908
-0.0010908
-0.006545
-0.019635
-0.0076358
-0.015272
-0.015272
0.01309
0.021817
0
-0.025089
-0.025089
-0.023998
-0.1069
0.96865
0.70031
0.50178
-0.1189
-1.0505
-1.1628
-1.1792
-1.1792
-0.63922
0.06654
0.56941
0.97193
0.97193
0.28143
-0.24653
0.4396
0.75703
-0.041451
-0.041451
-0.058905
-0.093811
0.0076358
0.016362
0.016362
-0.0010908
0.067631
0.044724
0.0010908
-0.025089
-0.23344
-0.27816
-0.38833
-0.39161
-0.39161
-0.31961
0.07963
0.26834
0.55741
0.55741
0.80067
0.14726
-0.074176
-0.0032725
-0.0032725
-0.0032725
-0.06545
-0.027271
0.055632
0.055632
-0.020726
-0.0021817
0.015272
-0.0043633
-0.0043633
0.0021817
0.022907
0.0032725
0.018544
0.018544
0.041451
0.011999
-0.0098174
-0.045815
-0.0098174
-0.0021817
0.025089
0.011999
-0.0021817
-0.016362
-0.016362
-0.0076358
0
0.0021817
-0.0021817
-0.010908
-0.02618
-0.018544
0.0010908
-0.0032725
-0.0032725
-0.021817
0.025089
0.0087266
-0.0043633
-0.016362
-0.016362
-0.30543
-0.16799
0.74722
0.74722
-0.14617
-1.1846
-1.357
-1.2839
-0.69267
-0.69267
-0.2618
0.014181
0.73522
0.69377
1.3526
-0.19089
-0.19089
-0.39052
0.69377
1.045
-0.15053
-0.15053
-0.050178
-0.067631
-0.0032725
0.011999
0.0087266
0.055632
0.055632
0.059995
0.076358
0.035997
-0.0043633
-0.05236
-0.10145
-0.32943
-0.33488
-0.30216
-0.30216
-0.38179
0.025089
0.26071
0.51487
0.6545
0.6545
0.0054541
-0.067631
-0.086175
-0.016362
-0.010908
-0.016362
-0.016362
-0.058905
-0.014181
-0.035997
-0.0076358
-0.055632
-0.055632
0.006545
-0.01309
0.018544
0.010908
0.047996
0.047996
0.025089
0.02618
0.0021817
0.021817
0.021817
0.028361
-0.011999
-0.02618
-0.022907
-0.016362
0.010908
0.010908
0.040361
-0.016362
-0.0010908
0.0010908
-0.0076358
-0.0076358
-0.0032725
-0.0076358
0.0043633
-0.02618
-0.0087266
-0.0087266
-0.014181
0.0010908
0.006545
-0.038179
0.0021817
-0.0032725
0.0010908
-0.033816
-0.19744
-0.19744
-0.25416
0.28252
1.0003
0.52032
0.3087
-0.62177
-0.62177
-1.5599
-1.3875
-0.91193
-0.45924
-0.13963
-0.23562
0.50942
1.9689
0.63377
0.63377
-0.20071
0.12326
0.59777
0.12545
-0.015272
-0.086175
-0.086175
-0.061086
-0.029452
0.035997
0.033816
0.056723
0.056723
0.067631
0.059995
0.014181
-0.0032725
-0.047996
-0.047996
-0.45597
-0.45597
-0.22144
-0.22798
-0.011999
0.25962
0.6425
0.59341
-0.0021817
-0.0021817
-0.040361
0.0043633
-0.010908
-0.014181
-0.06654
-0.0021817
-0.0021817
-0.075267
-0.030543
-0.023998
0
0.0021817
0.0021817
-0.0054541
0.0076358
0.05236
0.015272
0.015272
0.0087266
0.025089
0.0043633
-0.0021817
-0.02618
-0.02618
-0.011999
-0.0032725
-0.016362
0.033816
0.025089
0.025089
0.01309
-0.006545
-0.032725
0.0054541
-0.0021817
-0.0021817
-0.006545
-0.017453
-0.025089
-0.032725
-0.014181
-0.0032725
-0.011999
-0.030543
0.025089
0.019635
0.0098174
-0.031634
-0.1778
-0.1778
-0.028361
0.84866
0.64795
0.093811
0.56832
-1.3177
-1.4006
-1.1923
-0.63813
-0.34252
-0.3567
0.14399
0.14399
1.4268
1.6406
-0.61086
-0.25634
0.75812
0.75812
0.39488
-0.051269
-0.06545
-0.069813
-0.018544
0.045815
0.045815
0.037088
0.042542
0.063268
0.053451
0.034906
0.0010908
-0.07854
-0.32725
-0.40906
-0.40906
-0.30434
-0.3327
-0.21817
0.077449
0.19417
0.58032
0.67849
0.075267
-0.050178
0.029452
0.029452
-0.019635
-0.019635
-0.010908
-0.042542
-0.057814
-0.02618
-0.01309
-0.030543
-0.011999
-0.0043633
0.045815
0.045815
0.006545
0.02618
0.015272
-0.0021817
0.018544
0.022907
0.020726
-0.019635
-0.034906
-0.017453
-0.0021817
0.011999
0.035997
0.0032725
-0.0098174
-0.01309
-0.0043633
-0.015272
-0.0021817
-0.0021817
-0.011999
-0.031634
-0.027271
-0.021817
0.016362
-0.0043633
-0.027271
0.0098174
0.017453
-0.0032725
0.0010908
-0.02618
-0.18871
0.15053
1.0145
0.76794
0.10254
-0.89993
-1.2697
-1.2468
-0.9272
-0.38615
-0.24653
-0.03927
0.88793
1.6875
-0.0098174
-0.33052
0.25416
0.7374
0.11781
-0.021817
-0.071995
-0.062177
-0.006545
0.055632
0.016362
0.049087
0.02618
0.041451
0.0076358
-0.056723
-0.16581
-0.28907
-0.32288
-0.44833
-0.23344
0.057814
0.23889
0.4047
0.59668
0.20398
0.033816
-0.034906
0.021817
-0.011999
-0.016362
-0.050178
-0.06545
-0.050178
0.0076358
-0.05236
-0.0076358
-0.0032725
0.028361
0.021817
0.0043633
0.006545
0.025089
0.015272
0.029452
0.031634
-0.023998
-0.053451
-0.038179
0.0054541
0.010908
0.020726
0.0054541
0.0010908
-0.0054541
-0.0087266
-0.006545
-0.0032725
0.010908
-0.025089
-0.028361
0.014181
-0.0076358
-0.0076358
-0.01309
-0.019635
0.011999
0.019635
-0.017453
-0.011999
-0.17017
0.031634
0.80721
0.80721
0.31198
0.23344
-1.2163
-1.2163
-1.1672
-0.73849
-0.35561
0.59014
0.59014
1.2163
0.86939
-0.2738
0.5236
0.081812
0.081812
-0.093811
-0.050178
-0.022907
-0.022907
0.037088
0.034906
0.063268
0.062177
0.062177
0.011999
-0.015272
-0.12545
-0.46796
-0.46796
-0.44942
-0.081812
-0.081812
0.53014
0.53014
0.72431
0.41451
0.0098174
-0.018544
-0.018544
-0.031634
-0.0054541
-0.025089
-0.016362
-0.016362
-0.01309
-0.070904
-0.010908
0.02618
0.02618
0.028361
0.0054541
-0.0043633
0.0087266
0.0087266
0.035997
0.028361
-0.016362
-0.021817
-0.021817
0.015272
0.032725
-0.011999
-0.01309
-0.01309
-0.0054541
-0.02618
-0.0043633
-0.021817
-0.021817
-0.010908
-0.015272
0.016362
-0.006545
-0.006545
-0.015272
0.0032725
-0.0054541
0.0043633
0.0043633
-0.0098174
-0.3447
0.56396
0.69486
0.69486
0.35125
-0.78758
-1.381
-0.94793
-0.94793
-0.51378
-0.23889
0.54541
0.9992
0.9992
-0.042542
0.24107
0.59995
0.51596
-0.076358
-0.069813
-0.069813
-0.080721
-0.035997
0.045815
0.045815
0.01309
0.062177
0.06545
0.082903
0.025089
-0.062177
-0.29016
-0.38724
-0.41779
-0.51596
0.028361
0.028361
0.020726
0.12654
0.40033
0.63377
0.43851
0.43851
-0.021817
-0.058905
0.020726
0.020726
-0.0032725
-0.063268
-0.059995
-0.040361
-0.019635
-0.05236
-0.05236
-0.010908
0.031634
0.031634
0.037088
0.037088
0.0032725
0.02618
0
0.030543
0.037088
0.037088
-0.0087266
-0.023998
-0.020726
-0.022907
-0.0054541
-0.0054541
0.02618
0.022907
-0.0043633
-0.0043633
0.0021817
-0.019635
0.011999
-0.035997
0.0054541
0.0054541
-0.021817
0.0098174
-0.019635
-0.01309
-0.0076358
-0.0076358
0.018544
-0.028361
-0.082903
-0.45269
-0.45269
-0.033816
0.43524
0.49305
0.070904
-1.0548
-1.0548
-1.321
-1.1083
-0.72758
-0.26071
-0.26071
-0.2858
-0.12981
0.62832
0.81267
2.2351
2.2351
2.0573
0.53232
-0.081812
-0.050178
-0.033816
-0.033816
0.023998
-0.006545
0.0087266
0.0010908
-0.006545
-0.006545
-0.0054541
0.021817
0.0076358
0.017453
0.017453
0.017453
0.0098174
0.069813
0.057814
0.02618
-0.10036
-0.10036
-0.28907
-0.28034
-0.20835
-0.085084
0.089448
0.18871
0.18871
0.22689
0.15599
0.03927
0.014181
-0.022907
-0.028361
-0.020726
-0.029452
-0.029452
0.0076358
0.006545
-0.034906
-0.0076358
-0.027271
-0.027271
0.0010908
-0.0043633
-0.006545
-0.0032725
-0.01309
-0.0098174
-0.0032725
-0.0087266
0.011999
0.0087266
0.0087266
0.0087266
0.0032725
0.0010908
0.011999
0.0021817
0.0032725
-0.0021817
-0.0043633
0.0054541
0.006545
0.0043633
-0.0021817
0.0010908
-0.0032725
0.01309
0.010908
0
-0.0054541
0.0021817
-0.0054541
0.0098174
-0.0021817
-0.0032725
-0.0054541
-0.0076358
-0.0043633
-0.0010908
0
0.0032725
-0.0021817
0.0032725
0.0032725
0.0010908
0
-0.0021817
-0.0010908
-0.0043633
-0.0043633
-0.0021817
0.0010908
0.0010908
-0.0010908
0.0032725
0.011999
0.0032725
-0.0010908
-0.0021817
-0.0021817
-0.0054541
-0.0010908
-0.0021817
-0.0010908
0.0010908
0.0043633
0.0098174
0.0010908
-0.0076358
-0.0032725
0.0010908
0
0.0021817
-0.0032725
-0.0054541
0.0010908
0.0032725
0.0054541
-0.0010908
-0.0010908
0.0010908
-0.0021817
-0.0032725
0.0010908
0
0.0010908
0.0021817
0
0
0.0010908
0.0021817
0
0
-0.0010908
-0.0010908
0
0.0010908
-0.0010908
0.0021817
0.0010908
0.0010908
-0.0010908
0
0
-0.0032725
0
0.0010908
0.0010908
-0.0010908
-0.0010908
-0.0010908
0
0.0010908
0
0.0021817
0.0010908
0
0
0.0010908
0
0.0010908
-0.0010908
-0.0010908
0.0010908
0.0010908
0.0010908
0.0010908
0.0010908
0
-0.0010908
-0.0010908
0
0.0010908
0
0.0032725
-0.0010908
0
0.0010908
0
-0.0010908
0.0010908
-0.0010908
0.0021817
0.0010908
0.0010908
0
-0.0021817
0
0.0021817
-0.0010908
0.0021817
0
0.0010908
0
-0.0021817
0
0.0010908
0.0010908
0
-0.0010908
0
0
0
0
0
-0.0021817
0.0021817
0.0010908
0
0
-0.0010908
0
0
-0.0021817
0
0
0.0010908
0
0
0
0
0
0
0
-0.0010908
-0.0010908
-0.0010908
0
-0.0010908
0
0
0.0010908
0
0.0010908
0.0010908
0
-0.0010908
0
0
0
-0.0010908
-0.0021817
-0.0021817
-0.0010908
-0.0021817
-0.0054541
-0.006545
-0.020726
-0.0087266
0.022907
-0.017453
0.015272
-0.0043633
0.0032725
0.0021817
0.0032725
-0.0010908
0
0
-0.0098174
0.0076358
0.006545
-0.0087266
-0.0087266
-0.0010908
-0.015272
-0.015272
-0.0098174
0.0032725
0.0032725
-0.0010908
-0.0098174
-0.006545
-0.0010908
-0.0076358
0.0087266
0.0010908
-0.006545
0.0043633
0.010908
0.010908
0.0043633
-0.0098174
-0.043633
-0.047996
-0.016362
-0.016362
0.14835
0.25416
0.16035
0.11345
0.19417
0.19417
0.087266
-0.1669
-0.38179
-0.32725
-0.044724
-0.044724
0.041451
0.006545
0.05236
0.070904
0.095993
0.095993
0.11236
-0.082903
-0.14399
-0.01309
-0.17453
-0.17453
-0.57487
-0.54105
-0.13635
0.40252
0.76249
0.76249
0.22471
0.021817
0.032725
0.023998
0.016362
0.016362
-0.0087266
-0.037088
0.0010908
-0.047996
-0.068722
-0.068722
-0.025089
-0.044724
0.0043633
-0.006545
0.0032725
0.0032725
-0.011999
0.18871
-0.10581
1.5653
1.1912
0.31852
0.31852
1.1901
0.074176
-1.5195
-1.021
-0.55523
-0.16581
-0.053451
-0.46251
0.13526
0.13526
0.40688
-0.86393
-1.1781
0.025089
-0.32288
-0.014181
-0.014181
0.17017
0.31307
-0.24107
-0.32507
-0.0021817
-0.0054541
-0.0076358
-0.025089
-0.061086
-0.061086
-0.094902
-0.66431
-0.39379
-0.37852
-0.65668
-0.65668
-0.32507
0.15053
-0.16035
0.11017
0.40361
0.56287
0.56287
0.8803
0.36325
0.042542
0.022907
-0.042542
-0.042542
-0.042542
-0.006545
-0.071995
-0.071995
-0.068722
-0.035997
-0.089448
-0.055632
-0.0087266
0.037088
0.037088
0.032725
0.02618
0.049087
0.0054541
-0.0010908
-0.023998
0.0032725
-0.0032725
-0.0032725
0.037088
0.090539
-0.018544
-0.13853
-0.055632
-0.055632
-0.03927
0.029452
0.0032725
-0.01309
-0.022907
-0.0054541
-0.0054541
-0.022907
-0.0098174
0.016362
0.0032725
-0.02618
0.095993
0.095993
0.068722
-0.02618
0
0.26834
0.16908
0.6185
1.3079
0.28907
0.28907
0.51814
0.15272
-1.3221
-1.7213
-1.5948
-0.96211
-0.96211
-0.53451
-0.47996
-0.10799
0.52469
0.8323
0.046906
0.17562
-0.20617
-0.20617
-0.027271
0.091629
0.09272
0.016362
-0.053451
-0.18108
-0.18108
-0.21053
-0.60868
0.2018
-0.10363
-0.12654
0.07963
0.07963
-0.18544
-0.15708
0.06654
0.33816
-0.067631
-0.067631
0.15053
0.11672
0.41233
0.48324
-0.053451
0.24216
0.24216
0.12872
0.051269
0.006545
-0.033816
-0.054541
-0.062177
-0.07963
-0.027271
-0.027271
-0.062177
-0.053451
-0.028361
-0.016362
-0.029452
-0.029452
-0.03927
-0.028361
0.03927
0.037088
0.058905
-0.027271
-0.027271
-0.064359
0.0076358
0.031634
0.044724
0.088357
0.088357
0.071995
-0.010908
-0.077449
-0.02618
-0.0032725
-0.0032725
0.033816
-0.020726
-0.0032725
-0.017453
-0.023998
-0.023998
-0.016362
-0.01309
0.0054541
-0.020726
-0.031634
-0.031634
-0.017453
-0.028361
-0.031634
0.098174
-0.21598
-0.21598
0.40906
0.95556
-0.35125
0.46251
-0.41015
-0.41015
-1.3548
-1.3963
-1.297
-0.94793
-0.69267
-0.69267
-0.62068
-0.43197
0.094902
0.86284
1.777
1.777
0.64904
0.1898
0.33925
0.11563
0.11563
0.31307
-0.043633
-0.12654
-0.23453
-0.28252
-0.28252
-0.17344
0.042542
-0.09272
0.25089
-0.37524
-0.37524
-0.080721
0.038179
0.1778
-0.093811
0.27925
0.27925
0.11126
0.0087266
0.16908
0.0043633
0.19526
0.19526
0.16253
0.070904
-0.0021817
-0.019635
-0.049087
-0.049087
-0.021817
-0.074176
-0.11236
-0.062177
-0.045815
-0.045815
-0.051269
-0.016362
-0.0032725
-0.032725
-0.029452
-0.029452
0.018544
0.07963
0.027271
-0.016362
-0.057814
-0.057814
0.0043633
0.097084
0.021817
0.051269
0.057814
0.057814
0.045815
-0.034906
-0.042542
-0.029452
0.025089
0.025089
0.015272
-0.0010908
-0.076358
-0.038179
-0.0054541
-0.0054541
-0.006545
-0.022907
-0.041451
-0.014181
-0.014181
-0.015272
-0.031634
-0.044724
-0.16471
-0.1549
-0.1549
0.81157
0.18871
0.21817
-0.51269
-1.1999
-1.1999
-1.1628
-1.0679
-0.95229
-0.71995
-0.59232
-0.59232
-0.44506
-0.010908
1.021
0.91629
0.71013
0.71013
0.9152
-0.07963
0.26834
0.31961
0.31961
0.12545
0.053451
-0.11454
-0.35016
-0.35125
-0.35125
0.033816
-0.088357
-0.033816
-0.070904
-0.062177
-0.062177
-0.035997
-0.021817
0.083994
0.12545
0.21162
0.21162
0.035997
0.25744
0.14072
-0.042542
0.21926
0.21926
0.15926
0.050178
0.02618
-0.0043633
-0.015272
-0.015272
-0.097084
-0.046906
-0.091629
-0.057814
-0.051269
-0.051269
-0.025089
0.0043633
0.0043633
-0.0032725
-0.011999
-0.011999
0.06654
0.06654
-0.027271
-0.035997
0.042542
0.042542
0.031634
0.02618
0.068722
0.082903
-0.022907
-0.022907
-0.058905
-0.0010908
0.0087266
0.0032725
0.010908
0.010908
-0.031634
-0.035997
-0.041451
-0.011999
-0.015272
-0.015272
-0.010908
-0.047996
-0.015272
-0.030543
-0.030543
-0.068722
-0.13963
-0.21598
0.33052
0.50833
0.50833
0.12217
-0.82794
-1.3603
-1.1399
-1.1399
-0.93484
-0.74285
-0.6305
-0.53887
-0.3567
-0.3567
0.49742
1.2392
0.28907
0.70031
0.55414
0.55414
0.0098174
0.2258
0.44069
0.042542
0.034906
0.034906
-0.17235
-0.17344
-0.1309
-0.3207
-0.11781
-0.11781
0.16362
-0.30543
-0.020726
-0.23016
-0.23016
0.18217
-0.017453
0.25962
0.0098174
0.2498
0.2498
0.30543
0.22362
-0.1549
0.59559
0.16471
0.16471
0.074176
0.030543
-0.0010908
0.0076358
0.027271
0.027271
-0.14181
-0.10799
-0.068722
-0.023998
0.011999
0.011999
0.010908
-0.0032725
-0.0054541
0.0098174
0.023998
0.023998
0.029452
-0.020726
-0.032725
0.0054541
0.075267
0.075267
0.028361
0.06654
0.06654
-0.0021817
-0.053451
-0.053451
-0.029452
0.006545
0.0098174
0.037088
-0.027271
-0.027271
-0.02618
-0.06545
-0.038179
-0.011999
-0.0098174
-0.0098174
0
-0.045815
-0.040361
0.0021817
-0.019635
-0.019635
-0.043633
-0.15708
-0.22035
0.77994
0.43633
0.43633
-0.090539
0.24762
-0.77885
-1.3668
-1.2675
-1.0156
-0.73085
-0.63595
-0.59777
-0.1429
-0.1429
1.1781
0.4756
0.46687
0.37743
-0.0076358
-0.0076358
0.24653
0.21489
0.26071
-0.086175
-0.033816
-0.033816
-0.17671
-0.16581
-0.46906
-0.093811
0.064359
0.064359
-0.11454
-0.12654
-0.16035
-0.12435
-0.062177
-0.062177
-0.042542
0.011999
0.2138
0.22144
0.31852
0.31852
0.25198
0.33597
-0.0076358
0.18544
0.71122
0.71122
0.12217
0.044724
0.023998
0.043633
0.032725
0.032725
-0.044724
-0.14508
-0.11017
-0.020726
0.0032725
0.0032725
0.021817
0.010908
0.016362
0.01309
0.038179
0.038179
0.01309
-0.06654
0.02618
0.01309
-0.027271
-0.027271
0.03927
0.10254
0.045815
0.0021817
-0.071995
-0.071995
0.038179
0.0043633
-0.0021817
-0.019635
-0.023998
-0.023998
-0.042542
-0.041451
-0.043633
-0.017453
0.0054541
0.0054541
-0.015272
-0.016362
-0.022907
-0.029452
-0.0087266
-0.0087266
-0.03927
0.051269
0.28689
1.0199
0.64795
0.64795
0.37852
-0.037088
-1.0232
-1.1715
-1.1497
-1.1497
-0.85303
-0.71558
-0.70031
-0.091629
0.62613
0.62613
0.59668
0.19417
0.17235
-0.073085
0.070904
0.070904
0.16471
0.33925
-0.12763
0.032725
-0.40797
-0.40797
-0.19853
-0.31089
-0.18217
-0.27489
-0.31198
-0.31198
-0.19526
-0.54432
-0.54432
-0.18326
-0.37524
-0.37524
-0.063268
0.05236
-0.09272
0.40688
0.43633
0.43633
0.33379
0.47996
0.34143
0.3687
-0.038179
-0.038179
0.76576
0.24544
0.073085
0.044724
0.015272
0.015272
-0.022907
-0.10472
-0.059995
0.0032725
0.02618
0.02618
0.027271
0.027271
0.020726
0.017453
0.017453
0.017453
-0.018544
-0.082903
-0.12326
-0.037088
0.19089
0.19089
0.11999
0.022907
-0.031634
-0.010908
-0.019635
-0.019635
-0.0010908
-0.0010908
-0.015272
0.006545
-0.058905
-0.058905
-0.053451
-0.019635
0.01309
-0.014181
0.031634
0.031634
0.034906
-0.038179
-0.023998
-0.040361
-0.034906
-0.034906
0.11781
0.78212
1.3875
1.369
0.71885
0.71885
0.099265
-0.70467
-1.0254
-1.1388
-0.75703
-0.75703
-0.58686
-0.16035
0.49087
-0.030543
-0.73085
-0.73085
-0.07854
-0.53669
0.055632
0.21053
0.075267
0.075267
-0.15162
-0.14617
-0.046906
-0.081812
-0.12435
-0.12435
-0.22689
-0.39706
-0.39052
-0.78649
-0.34579
-0.34579
-0.39706
-0.72213
-0.50396
-0.19962
-0.27707
-0.27707
0.021817
0.14944
0.18544
0.40579
0.33707
0.33707
0.44833
0.45924
0.95884
0.51378
0.19526
0.19526
0.019635
0.015272
-0.0087266
-0.016362
-0.1069
-0.1069
-0.091629
-0.028361
0.014181
0.057814
0.062177
0.062177
0.0054541
-0.019635
0.016362
-0.023998
-0.087266
-0.087266
0.0021817
-0.098174
-0.034906
0.12981
0.10472
0.10472
0.047996
0.0087266
-0.080721
-0.05236
0.0076358
0.0076358
-0.0010908
0.016362
-0.0098174
-0.06654
-0.05236
-0.05236
-0.041451
-0.02618
-0.0043633
-0.019635
0.043633
0.043633
-0.023998
-0.0087266
0.011999
0.0021817
0.094902
0.094902
0.53341
1.1726
1.5402
0.38615
0.52251
0.52251
0.42542
-0.87484
-0.89011
-0.80503
-0.60432
-0.60432
-0.55305
0.022907
-0.035997
-1.1639
0.045815
0.045815
-0.57596
-0.025089
0.10908
0.019635
0.24653
0.24653
-0.30434
-0.076358
-0.067631
-0.09272
-0.28034
-0.28034
0.087266
-0.39488
-0.52905
-0.64686
-0.44724
-0.42869
-0.42869
-0.20617
-0.7254
-0.15381
-0.063268
-0.1778
-0.1778
0.16471
0.43306
0.2858
0.68504
0.94138
0.94138
0.60759
0.29561
0.07963
0.015272
0.015272
0.011999
-0.01309
-0.054541
-0.05236
-0.091629
-0.038179
-0.038179
0.011999
0.041451
0.05236
0.025089
-0.0054541
-0.0054541
0.0054541
-0.0010908
-0.018544
-0.033816
-0.028361
-0.028361
-0.11236
0.010908
0.11999
0.040361
-0.0010908
-0.0010908
-0.035997
-0.041451
-0.01309
-0.0087266
0.011999
0.011999
-0.022907
-0.023998
-0.05236
-0.0098174
-0.022907
-0.027271
-0.027271
-0.0098174
-0.014181
0.0087266
0.014181
0.014181
-0.01309
-0.02618
0.11563
0.45924
1.0265
1.3548
1.3548
0.51269
0.47233
-0.50069
-1.0854
-1.0592
-1.0592
-0.71449
-0.53669
-0.48433
0.07854
0.33052
0.044724
-0.57705
-0.01309
-0.30543
-0.30543
0.32725
-0.058905
0.11563
0.022907
-0.30434
-0.30434
0.03927
-0.18544
-0.16581
-0.15817
-0.48324
0.0021817
0.0021817
-0.61304
-0.69377
-0.15272
-0.52142
-0.58359
-0.28471
-0.3447
-0.21817
-0.049087
-0.049087
0.37961
0.50396
0.86612
0.96538
0.69595
0.10472
0.10472
0.042542
-0.0021817
-0.0032725
-0.0054541
-0.047996
-0.031634
-0.031634
-0.077449
-0.087266
-0.01309
0.028361
0.016362
0.016362
0.027271
0.033816
0.023998
0.023998
0.023998
0.023998
0.028361
0.01309
-0.11563
-0.077449
0.25962
0.25962
0.03927
-0.040361
-0.058905
-0.082903
-0.0010908
-0.0010908
0.006545
0.02618
-0.006545
-0.047996
-0.085084
-0.085084
-0.061086
-0.027271
-0.0098174
0.0087266
0.01309
0.011999
0
0.0076358
0.0054541
0.015272
0.015272
0.010908
-0.0021817
0.016362
0.0032725
0.033816
0.033816
0.0021817
0.020726
0.0098174
0.0098174
0.0043633
0.0043633
0.0032725
-0.0021817
-0.006545
-0.014181
-0.027271
-0.027271
-0.010908
0.022907
-0.027271
0.0021817
0.010908
0.0076358
0.028361
0.0076358
0.019635
-0.0021817
-0.0087266
-0.0032725
0.0010908
-0.0087266
0
-0.010908
-0.006545
0.0054541
-0.006545
0.0010908
-0.0043633
0
0.0010908
0.0010908
-0.0054541
-0.0043633
0.0010908
0.0032725
0.0021817
0.0087266
0.0087266
-0.0010908
-0.0021817
-0.006545
0
0
-0.0010908
0.0032725
0.0043633
0.0054541
0.0043633
0
0.0021817
0
-0.0021817
0
0
-0.0010908
0.0010908
0.0043633
0
-0.0010908
-0.0010908
0
0.0010908
-0.0032725
-0.0010908
-0.0043633
-0.0032725
0.0043633
0.0010908
0.0054541
-0.006545
-0.0043633
-0.0032725
-0.0032725
0.0021817
0
0
0
0.0021817
0.0021817
0
-0.0054541
0.0032725
0.0021817
0.0021817
0
0.0010908
-0.0010908
0
0
-0.0010908
-0.0021817
0.0010908
0.0010908
0.0010908
-0.0032725
0
0
0.0043633
0.0043633
0.0021817
-0.0010908
-0.0021817
-0.0010908
-0.0010908
0
0
0
0
0
0
0
-0.0010908
-0.0032725
-0.0032725
0
0.0010908
-0.0010908
0
0
-0.0010908
-0.0010908
-0.0010908
-0.0021817
-0.0021817
0
0.0010908
0.0010908
-0.0010908
-0.0010908
-0.0021817
0
-0.0021817
0.0021817
0.0021817
-0.0021817
-0.0010908
-0.0010908
0
0
-0.0010908
-0.0010908
-0.0010908
-0.0010908
-0.0010908
0
0.0010908
0
0
0
0.0021817
-0.0010908
-0.0021817
0.0010908
0.0010908
-0.0010908
0.0010908
0
-0.0010908
0.0010908
-0.0021817
0
-0.0010908
0.0021817
0.0021817
0.0010908
-0.0032725
0
0.0021817
-0.0010908
-0.0010908
-0.0010908
0.0010908
0
0
0.0021817
-0.0010908
0.0010908
-0.0010908
0
-0.0010908
-0.0010908
0
-0.0021817
0.0010908
0
-0.0021817
-0.0021817
0.0010908
0.0010908
0
0
0
-0.0010908
0
0
-0.0010908
-0.0010908
0
-0.0010908
-0.0021817
-0.0010908
-0.0021817
-0.0010908
0
-0.0010908
0.0010908
0.0010908
-0.0010908
0
-0.0010908
-0.0021817
0
0.0010908
-0.0010908
-0.0010908
-0.0010908
-0.0010908
0
-0.0010908
0
-0.0010908
-0.0010908
-0.0010908
0.0010908
0
0
0.0010908
0.0010908
0.0032725
-0.0010908
-0.0021817
0.0010908
0
-0.0010908
0
-0.0010908
-0.0010908
0.0032725
0.0032725
0.0010908
0.0010908
0.0032725
0.0021817
0.0021817
0.0021817
0.0010908
0
0.0032725
0.0010908
0.0010908
0.0010908
0.0010908
0.0010908
0.0010908
-0.0010908
0.0010908
0.0021817
0.0010908
0
0.0021817
0.0021817
0
0.0010908
0.0010908
0.0010908
0.0010908
0.0021817
-0.0010908
-0.0010908
-0.0010908
-0.0021817
-0.0010908
0.0010908
0.0010908
0
-0.0010908
0
-0.0021817
0
0.0010908
-0.0021817
0
0
0
-0.0010908
-0.0010908
-0.0021817
-0.0010908
-0.0010908
0
0
0
0.0010908
0
0
0
0
-0.0010908
0
0
-0.0010908
0.0010908
-0.0010908
0.0010908
0.0010908
-0.0010908
0
0
0.0010908
-0.0010908
0
0
0.0010908
0
0.0010908
0.0021817
0
0.0010908
0
0
0
-0.0010908
0
0
0
-0.0032725
0
-0.0010908
0
0.0032725
0.0010908
0
0
0
0.0010908
-0.0021817
0
-0.0010908
0
0
-0.0021817
-0.0010908
0.0010908
0.0010908
0.0010908
0.0010908
0
-0.0010908
0.0021817
0.0010908
-0.0010908
-0.0010908
0
0
-0.0021817
0
0.0010908
0
-0.0010908
-0.0032725
0
0.0010908
0.0010908
-0.0010908
0.0010908
-0.0010908
-0.0010908
0
0
0.0010908
-0.0010908
0.0021817
-0.0010908
0
-0.0010908
0
-0.0021817
0
0.0021817
-0.0021817
-0.0010908
0.0010908
0
-0.0021817
-0.0010908
0
0
0
-0.0021817
-0.0010908
0
-0.0010908
-0.0010908
-0.0010908
0
0
0.0010908
-0.0010908
0.0021817
0
0.0010908
0
-0.0010908
-0.0010908
0.0021817
-0.0010908
-0.0010908
-0.0010908
0
-0.0021817
0
0
-0.0021817
0
0.0021817
0
0
0.0010908
-0.0010908
0.0010908
0.0010908
0
0.0010908
0.0010908
0.0010908
-0.0010908
0.0010908
0.0010908
-0.0010908
0.0010908
0.0010908
-0.0010908
0.0010908
0.0032725
0.0054541
0
0
-0.0021817
0
-0.0010908
-0.0010908
0.0010908
0
0.0010908
0
0
0
-0.0021817
0
0
-0.0021817
0
-0.0010908
0
0
-0.0010908
0
0
0.0021817
-0.0021817
-0.006545
0.0021817
0.0032725
0.0043633
0.0043633
-0.0043633
-0.0010908
-0.0032725
0.0010908
-0.0054541
0.0043633
-0.0021817
-0.0021817
0.0010908
0
0.0021817
0.0021817
-0.0021817
0.0054541
0.0054541
-0.0021817
-0.0021817
0.0021817
0.0076358
-0.0054541
-0.0054541
0.0076358
-0.011999
-0.0054541
-0.020726
-0.020726
-0.015272
-0.019635
0.049087
-0.006545
-0.021817
-0.021817
-0.42542
0.19853
-0.43633
-1.9122
-2.7914
-2.7914
-0.61195
-0.75812
-0.5705
-0.5705
0.41233
0.41233
0.48324
0.73849
0.89121
1.2555
1.8915
1.8915
2.0049
0.05236
0.056723
-0.086175
0.055632
0.055632
0.39815
-0.13744
0.010908
-0.027271
-0.1309
-0.1309
-0.11999
-0.085084
0.033816
0.023998
0.14508
0.14508
0.011999
-0.0076358
0.0087266
0.03927
-0.006545
-0.006545
-0.06654
-0.23562
0.035997
0.035997
0.28907
0.19962
0.058905
-0.0010908
-0.014181
0.006545
0.006545
0.014181
0.0054541
-0.02618
-0.041451
-0.020726
-0.020726
0.016362
0.02618
0.010908
0.019635
0.021817
-0.041451
-0.095993
-0.16035
-0.65777
-0.27271
-0.27271
-0.0010908
0.11781
0.05236
-0.11563
-0.023998
-0.023998
0.12545
0.1898
0.13744
0.0076358
-0.043633
-0.018544
-0.018544
0.050178
0.070904
0.040361
0.15926
0.1309
0.13308
0.021817
-0.15381
-0.15381
-0.11454
-0.27052
-0.089448
-0.010908
0.028361
0.019635
0.019635
0.01309
0.061086
0.34252
0.5116
0.63922
0.63922
1.3483
1.5097
0.96429
0.45706
0.2858
0.61741
-0.2967
-2.0475
-0.45051
-0.45051
-0.45487
-0.97738
-0.22253
0.35125
-0.3087
-0.3087
-0.47015
-0.53014
-0.27925
-0.055632
0.056723
0.056723
-0.018544
0.035997
0.022907
-0.028361
-0.68831
-0.68831
-1.1497
-1.0232
-1.3035
-1.1945
-1.1977
-1.1977
-0.67849
0.006545
0.19308
0.66977
0.66977
0.087266
-0.50723
0.0021817
1.7868
1.8151
1.6101
1.6101
1.3592
0.2618
-0.02618
-0.02618
-0.022907
0.01309
-0.042542
-0.05236
-0.018544
0.027271
0.027271
0.023998
0.0087266
0.0021817
-0.0021817
-0.13199
-0.13199
-0.78212
-1.5479
-0.65122
-0.12545
0.15708
0.15708
0.41342
0.67631
0.75485
0.37524
0.37524
0.18871
0.0021817
-0.038179
-0.042542
-0.010908
0.0032725
0.0032725
0.13417
0.25416
0.23235
0.20835
0.20835
0.033816
-0.12217
-0.13526
-0.18108
-0.056723
-0.056723
-0.042542
0.020726
-0.0054541
0.029452
0.37961
0.37961
1.0559
-0.020726
1.2021
1.8053
2.3256
2.3256
2.138
0.7134
0.17671
-0.67304
-2.7707
-2.7707
-0.75922
-0.9752
-1.2435
-0.081812
0.44506
0.44506
-0.36761
-0.78649
-0.59886
-0.72758
-0.30761
-0.30761
0.1309
0.047996
0.031634
0.054541
0.023998
0.023998
-0.44506
-1.057
-1.3472
-1.453
-1.5861
-1.5861
-1.874
-1.2555
0.0010908
0.1898
0.37415
0.37415
0.2967
-0.35997
-0.10908
0.82357
1.1006
1.1006
1.4486
1.5653
1.4323
1.4497
0.47996
0.47996
0.020726
0
0
0
-0.017453
-0.017453
0.006545
-0.091629
-0.48324
-1.1323
-1.2872
-1.2872
-1.117
-0.63377
-0.34252
0.1549
0.39052
0.39052
-0.0098174
0.19417
0.43415
0.80394
1.0232
1.0232
0.37306
0.1898
0.25634
0.0032725
-0.018544
-0.018544
0.34034
0.75922
0.34361
-0.10581
-0.22362
-0.22362
-0.2738
-0.43851
-0.17562
-0.047996
-0.033816
-0.033816
0.0010908
-0.010908
0.17999
0.3807
1.7759
1.7759
1.4235
0.8083
1.9395
2.3791
2.2296
2.2296
0.18217
-2.2177
-1.8217
-1.5348
-1.1105
-1.1105
0.35561
0.35888
0.25634
0.1549
-0.63486
-0.63486
-1.1792
-0.7134
-0.83666
-1.2239
-0.44178
-0.44178
-0.13744
-0.0010908
0.028361
0.068722
-0.006545
-0.006545
-1.0494
-1.477
-1.7497
-1.766
-1.7213
-1.8162
-1.8162
-0.59123
0.22689
0.12217
0.30325
0.019635
0.019635
0.38506
0.44397
1.0145
1.597
2.042
2.042
1.6144
1.7344
0.92502
0.081812
-0.0021817
-0.0021817
-0.073085
-0.51378
-0.74722
-0.79521
-1.3308
-1.3308
-2.1544
-3.0161
-2.7947
-1.1846
-0.89339
-0.89339
-0.37961
0.57596
1.2697
1.0461
0.49633
0.49633
-0.44724
-0.42869
3.0489
0.31307
2.2384
2.2384
1.994
1.1486
0.37306
-0.24762
-0.3087
-0.3087
0.28252
0.2858
0.095993
0.20617
0.72649
0.72649
1.4366
0.91084
0.81485
0.45924
-0.094902
-0.094902
0.45378
-0.29125
0.88902
-1.2228
0
0
1.609
1.3112
2.6802
1.021
0.51814
0.51814
-1.1868
-2.5089
-1.6711
-0.96865
-0.17344
-0.17344
0.1669
0.15708
-0.077449
0.027271
-0.70358
-0.99483
-0.99483
-0.6894
-0.73085
-0.62723
-0.14835
-0.073085
-0.073085
0.047996
0.043633
0.083994
-0.1898
-1.2566
-1.2566
-1.2119
-1.2741
-1.5904
-1.8653
-1.3712
-1.3712
-0.38288
-0.12545
0.25198
0.54978
0.34252
0.34252
0.71122
1.1377
1.3723
1.6264
1.6308
1.6308
1.1475
0.5945
0.064359
-0.2738
-0.6894
-0.6894
-0.82357
-0.64359
-0.94902
-1.7606
-2.5656
-2.5656
-3.0107
-2.5547
-1.2392
-0.42979
0.26943
0.26943
0.63704
0.7614
0.63486
0.30107
-0.070904
-0.070904
-0.3447
0.16908
3.2408
0.94138
1.777
1.777
1.7486
1.393
1.4126
0.98611
0.59232
0.59232
-0.063268
0.17671
0.29452
0.51487
0.62723
0.62723
0.56941
0.4156
0.24107
0.23562
0.38179
0.38179
0.42979
0.28034
0.14508
0.11236
0.13963
0.13963
0.16253
0.15162
-0.018544
-0.21817
-0.4156
-0.4156
-0.41124
-0.42215
-0.31961
-0.32725
-0.35779
-0.35779
-0.44942
-0.44615
-0.33052
-0.23998
-0.087266
-0.087266
-0.064359
-0.038179
-0.019635
0.0076358
0.0021817
0.0021817
0.0043633
-0.014181
-0.061086
-0.24871
-0.61195
-0.61195
-0.72213
-0.50942
-0.4156
-0.42324
-0.29343
-0.29343
-0.10581
0.017453
0.21053
0.37743
0.46251
0.46251
0.47996
0.47996
0.45815
0.40033
0.16144
0.16144
0.021817
0
0.010908
0.015272
-0.019635
-0.019635
-0.017453
-0.028361
-0.063268
-0.027271
-0.023998
-0.0032725
-0.0032725
-0.0032725
-0.0010908
0.0087266
0.006545
0.0032725
0.0032725
-0.0021817
0.0054541
0.0054541
0.0054541
-0.0054541
-0.006545
-0.0032725
-0.0054541
-0.0021817
-0.0021817
-0.006545
-0.0043633
0.0054541
0.0054541
0.006545
0
0.0087266
0.0032725
0.0032725
0.0010908
0.0054541
0.0043633
-0.0032725
0
0.0010908
0.0032725
0.0032725
0.0032725
0.0021817
0.0032725
0.0021817
0.0032725
0.0098174
0.0098174
0.0043633
0.0010908
-0.0021817
-0.0021817
0.0076358
0.0010908
0.0021817
-0.0010908
-0.0021817
-0.0043633
-0.0043633
-0.0054541
-0.0054541
-0.0032725
-0.0021817
-0.0021817
-0.0010908
-0.0021817
0
-0.0010908
0
-0.0021817
-0.0010908
0
0
0.0010908
0.0010908
0.0010908
0.0010908
0.0021817
0.0010908
0.0021817
0
0
0.0010908
0.0010908
0.0010908
0.0010908
0.0021817
0.0032725
0.0010908
0.0010908
-0.0010908
-0.0021817
0
0.0010908
0
0
-0.0021817
0
-0.0010908
-0.0021817
0
-0.0010908
-0.0010908
-0.0021817
0
-0.0010908
-0.0010908
0.0010908
-0.0010908
0.0010908
0
0.0010908
-0.0010908
0.0010908
0.0021817
-0.0010908
0.0021817
-0.0010908
-0.0010908
0
-0.0010908
0
0
-0.0010908
-0.0010908
-0.0010908
-0.0010908
0.0010908
0
0
0
-0.0010908
0.0010908
0
0
-0.0010908
-0.0010908
0
0
0.0010908
-0.0010908
0.0021817
0.0010908
0
0.0021817
0
-0.0021817
0.0010908
-0.0010908
0
-0.0010908
-0.0010908
-0.0021817
0
0.0010908
0
0
0.0010908
0
0.0010908
0
0.0010908
0
0
-0.0010908
-0.0010908
0.0021817
0.0010908
-0.0021817
-0.0021817
-0.0010908
-0.0010908
-0.0010908
-0.0010908
0
-0.0021817
0.0010908
0.0010908
-0.0010908
0.0010908
0.0010908
-0.0010908
0.0010908
-0.0010908
0.0010908
0
-0.0010908
-0.0010908
0.0010908
-0.0010908
-0.0010908
0.0010908
0
0.0032725
0
0
-0.0010908
0.0010908
0.0010908
-0.0010908
-0.0010908
-0.0021817
0
0
-0.0021817
0.0021817
0.0010908
-0.0010908
0
0
0
0.0010908
-0.0010908
0
0.0021817
0
0.0021817
0.0010908
-0.0010908
0.0010908
0
-0.0010908
-0.0010908
0.0021817
0
0
0.0010908
0.0010908
0
0.0010908
0.0010908
0
0
0.0021817
0.0010908
-0.0021817
0.0010908
0
-0.0010908
-0.0010908
0
-0.0010908
-0.0010908
-0.0010908
-0.0010908
0
-0.0021817
0
0.0010908
0
-0.0010908
0
0.0010908
0
0.0010908
-0.0010908
0.0010908
0.0010908
0.0010908
-0.0010908
0.0010908
0
0.0010908
0.0010908
-0.0010908
0.0010908
0.0010908
0.0010908
0.0010908
0
0
0.0010908
0
0.0010908
0.0010908
0
0.0010908
0.0010908
0.0010908
0.0021817
0
0.0010908
0.0010908
0.0021817
-0.0010908
0
-0.0010908
-0.0010908
-0.0021817
-0.0021817
-0.0010908
0.0021817
0.0010908
0.0010908
-0.0021817
0
0.0010908
0.0010908
0.0021817
0.0010908
0.0021817
-0.0010908
0.0010908
0
0.0010908
0
0
-0.0010908
0.0010908
-0.0010908
0.0010908
-0.0010908
0
0.0010908
0
0
0.0010908
0
0.0010908
-0.0021817
-0.0010908
-0.0010908
0.0010908
0.0021817
0
0
0
0
0
0
-0.0010908
-0.0010908
0
0.0010908
0.0010908
0
0.0021817
0.0010908
0.0021817
0
-0.0010908
0.0010908
-0.0010908
0.0021817
0
0.0010908
0
-0.0010908
-0.0010908
-0.0010908
0
0
-0.0021817
0
-0.0021817
0
0
0.0010908
0
0.0010908
0
0.0010908
0
0
0.0021817
-0.0010908
0.0021817
0.0010908
0.0010908
0
-0.0021817
-0.0010908
-0.0010908
-0.0021817
0.0010908
-0.0010908
0
-0.0010908
0.0010908
0
0
-0.0010908
0.0010908
0.0010908
0
-0.0021817
0.0010908
0.0010908
0.0043633
0
0
0
0.0010908
-0.0010908
0
-0.0010908
0
0.0010908
0.0010908
0.0010908
0.0021817
0
0
0.0010908
-0.0021817
0.0021817
0
-0.0010908
-0.0010908
0
0.0010908
-0.0010908
0
0
0
0
0
0
0.0021817
0.0021817
0
-0.0010908
0
-0.0010908
-0.0021817
0.0021817
0
0
-0.0010908
0
0
-0.0010908
0
0.0021817
-0.0021817
-0.0010908
0
-0.0010908
-0.0010908
-0.0021817
0
0
-0.0021817
-0.0021817
0
0
0
0
-0.0010908
0
0.0010908
0
-0.0010908
0
0
0.0010908
0.0010908
0
0.0021817
-0.0010908
0
0
0.0021817
-0.0010908
0
-0.0021817
-0.0010908
0
0
-0.0010908
-0.0010908
0.0010908
0
0
0
0
0
0
0
0
-0.0021817
0.0010908
0.0021817
0
0
-0.0010908
-0.0010908
0
0
0
0
-0.0010908
-0.0010908
0
-0.0021817
0
-0.0010908
0
-0.0010908
-0.0021817
0.0010908
0.0010908
0.0021817
0
-0.0010908
-0.0021817
0
0
0
0
0
0
0
-0.0010908
0.0010908
0.0010908
0
0
0
0.0021817
-0.0010908
0.0010908
0
0
0
0
0.0010908
0
0.0010908
0
-0.0021817
-0.0010908
-0.0010908
0
-0.0021817
0
0
0.0010908
0.0010908
0
0
0
0
-0.0010908
-0.0010908
0
-0.0010908
-0.0021817
-0.0021817
0
0
0
0
0.0010908
0.0010908
-0.0010908
-0.0010908
0.0021817
0
-0.0010908
0.0010908
0.0010908
0
0.0021817
-0.0010908
-0.0010908
-0.0010908
-0.0021817
-0.0010908
-0.0010908
0.0010908
0
-0.0010908
0
0
0
0.0010908
0
-0.0032725
0
0
0.0021817
0
0
-0.0010908
0
-0.0010908
0
-0.0010908
0
0
0.0010908
0.0010908
0.0032725
0
0
0.0010908
0
0
0.0010908
0.0010908
-0.0032725
0
0
0
0.0010908
-0.0010908
-0.0010908
-0.0010908
0
0
-0.0010908
0
-0.0032725
-0.0021817
0.0010908
0
0
0.0021817
0.0021817
0
0
0.0010908
-0.0021817
0
0.0010908
0
0
0
0
0
0.0010908
0.0010908
0
-0.0010908
-0.0010908
-0.0010908
0
0.0010908
-0.0021817
0.0010908
0.0010908
0.0032725
0.0010908
-0.0010908
