146.81
146.81
146.81
146.81
146.81
146.81
146.81
146.81
146.81
146.81
146.81
146.81
146.81
146.81
146.81
146.81
146.81
146.81
146.81
146.81
146.81
146.81
146.81
146.81
146.81
146.81
146.81
146.81
146.81
146.81
146.81
146.81
146.81
146.81
146.81
146.81
146.81
146.81
146.81
146.81
146.81
146.81
146.81
146.81
146.81
146.81
146.81
146.81
146.81
146.81
146.81
146.81
146.81
146.81
146.81
146.81
146.81
146.81
146.81
146.81
146.81
146.81
146.81
146.81
146.81
146.81
146.81
146.81
146.81
146.81
146.81
146.81
146.81
146.81
146.81
146.81
146.81
146.81
146.81
146.81
146.81
146.81
146.81
146.81
146.81
146.81
146.81
146.81
146.81
146.81
146.81
146.81
146.81
146.81
146.81
146.81
146.81
146.81
146.81
146.81
146.81
146.81
146.81
146.81
146.81
146.81
146.81
146.81
146.81
146.81
146.81
146.81
146.81
146.81
146.81
146.81
146.81
146.81
146.81
146.81
146.81
146.81
146.81
146.81
146.81
146.81
146.81
146.81
146.81
146.81
146.81
146.81
146.81
146.81
146.81
146.81
146.81
146.81
146.81
146.81
146.81
146.81
146.81
146.81
146.81
146.81
146.81
146.81
146.81
146.81
146.81
146.81
146.81
146.81
146.81
146.81
146.81
146.81
146.81
146.81
146.81
146.81
146.81
146.81
146.81
146.81
146.81
146.81
146.81
146.81
146.81
146.81
146.81
146.81
146.81
146.81
146.81
146.81
146.81
146.81
146.81
146.81
146.81
146.81
146.81
146.81
146.81
146.81
146.81
146.81
146.81
146.81
146.81
146.81
146.81
146.81
146.81
146.81
146.81
146.81
146.81
146.81
146.81
146.81
146.81
146.81
146.81
146.81
146.81
146.81
146.81
146.81
146.81
146.81
146.81
146.81
146.81
146.81
146.81
146.81
146.81
146.81
146.81
146.81
146.81
146.81
146.81
146.81
146.81
146.81
146.81
146.81
146.81
146.81
146.81
146.81
146.81
146.81
146.81
146.81
146.81
146.81
146.81
146.81
146.81
146.81
146.81
146.81
146.81
146.81
146.81
146.81
146.81
146.81
146.81
146.81
146.81
146.81
146.81
146.81
146.81
146.81
146.81
146.81
146.81
146.81
146.81
146.81
146.81
146.81
146.81
146.81
146.81
146.81
146.81
146.81
146.81
146.81
146.81
146.81
146.81
146.81
146.81
146.81
146.81
146.81
146.81
146.81
146.81
146.81
146.81
146.81
146.81
146.81
146.81
146.81
146.81
146.81
146.81
146.81
146.81
146.81
146.81
146.81
146.81
146.81
146.81
146.81
146.81
146.81
146.81
146.81
146.81
146.81
146.81
146.81
146.81
146.81
146.81
146.81
146.81
146.81
146.81
146.81
146.81
146.81
146.81
146.81
146.81
146.81
146.81
146.81
146.81
146.81
146.81
146.81
146.81
146.81
146.81
146.81
146.81
146.81
146.81
146.81
146.81
146.81
146.81
146.81
146.81
146.81
146.81
146.81
146.81
146.81
146.81
146.81
146.81
146.81
146.81
146.81
146.81
146.81
146.81
146.81
146.81
146.81
146.81
146.81
146.81
146.81
146.81
146.81
146.81
146.81
146.81
146.81
146.81
146.81
146.81
146.81
146.81
146.81
146.81
146.81
146.81
146.81
146.81
146.81
146.81
146.81
146.81
146.81
146.81
146.81
146.81
146.81
146.81
146.81
146.81
146.81
146.81
146.81
146.81
146.81
146.81
146.81
146.81
146.81
146.81
146.81
146.81
146.81
146.81
146.81
146.81
146.81
146.81
146.81
146.81
146.81
146.81
146.81
146.81
146.81
146.81
146.81
146.81
146.81
146.81
146.81
146.81
146.81
146.81
146.81
146.81
146.81
146.81
146.81
146.81
146.81
146.81
146.81
146.81
146.81
146.81
146.81
146.81
146.81
146.81
146.81
146.81
146.81
146.81
146.81
146.81
146.81
146.81
146.81
146.81
146.81
146.81
146.75
146.81
146.81
146.81
146.81
146.81
146.81
146.75
146.75
146.75
146.75
146.75
146.75
146.75
146.75
146.75
146.75
146.75
146.75
146.75
146.75
146.75
146.75
146.75
146.75
146.75
146.75
146.81
146.88
147
147.31
147.81
147.81
148.44
148.25
147.81
147.25
146.63
146.63
146.13
146.31
148.25
149.31
149.56
149.56
149.5
149.44
149.06
148.31
146.13
146.13
145.25
145.13
145.88
145.69
145.75
145.75
145.81
145.81
145.81
145.81
145.81
145.81
145.81
145.81
145.81
145.75
145.75
145.75
145.75
145.75
145.81
145.94
146.06
146.06
146.25
146.38
146.56
146.63
146.5
146.5
146
145.81
145.81
145.81
145.75
145.75
145.75
145.75
145.75
145.75
145.81
145.81
145.81
145.81
145.81
145.88
145.81
145.81
145.81
145.81
145.81
145.88
145.94
146
146
146.06
146
146.5
147.19
147.19
147.31
147
146.88
146.88
146.88
146.88
146.88
146.94
146.88
146.94
146.94
146.94
146.94
146.94
146.88
146.81
146.88
146.81
146.81
146.81
146.88
146.81
146.81
146.88
146.88
147
147.44
146.75
145.81
145
144.38
143.56
143.5
144
144
144.81
145.44
145.31
145.38
145.5
145.75
145.94
145.69
145.69
145.69
145.75
145.81
146
146.31
146.5
146.5
146.5
146.5
146.44
146.44
146.56
147
147.44
147.75
148
148.25
148.56
148.81
148.81
148.81
148.88
148.63
147.88
147.19
147.19
146.25
145.56
145.63
145.69
145.69
145.69
145.75
145.75
145.75
145.75
145.75
145.69
145.69
145.63
145.63
145.63
145.63
145.69
145.69
145.69
145.63
145.63
145.63
145.63
145.63
145.56
145.69
145.81
145.69
145.69
145.69
145.69
145.69
145.69
145.69
145.69
145.69
145.69
145.69
145.69
145.69
145.69
145.69
145.69
145.69
145.63
145.5
145.5
145.38
145.38
146.19
146.13
146.06
145.31
145.31
144.5
143.56
143.44
143.38
143.44
143.75
143.94
143.25
143.25
143
143.31
143.5
143.94
143.81
143.56
143.75
143.75
143.75
143.75
143.81
143.81
143.81
143.81
143.81
143.88
144.06
144.44
144.44
144.81
145.06
145.38
145.63
145.56
145.56
145.56
145.38
145
144.44
144.19
144.19
144.19
144.25
144.19
144.19
144.19
144.19
144.19
144.19
144.25
144.25
144.25
144.25
144.25
144.25
144.25
144.25
144.25
144.25
144.25
144.25
144.25
144.25
144.19
144.25
144.31
144.31
144.31
144.31
144.31
144.31
144.31
144.31
144.31
144.31
144.31
144.31
144.31
144.31
144.31
144.31
144.31
144.31
144.31
144.31
144.31
144.19
144.19
144.31
144.44
144.44
145.25
145.94
145.25
144.56
144.5
144.5
143.56
142.38
141.88
142
142.38
142.38
143
143.31
142.75
142.81
142.63
142.63
142.44
142.56
142.56
142.63
142.88
142.88
142.94
143.13
143.31
143.31
143.31
143.25
143.19
143.19
143.25
143.5
143.81
144.19
144.38
144.56
144.69
144.69
144.69
144.63
144.44
143.94
143.5
143.5
143.06
143
143
142.94
142.94
142.94
142.94
143
143
142.94
142.94
142.94
143
143
143
143
143
142.94
142.94
142.94
142.94
142.94
143
143
143
143.06
143.06
143.06
143
143
143
143
143
143
143
143
143
143
143
143
143
143
143
143.06
143.06
143.06
143.06
143
143.31
143.31
144.19
144.56
143.69
143.38
143
143
142
142.06
142.5
142.75
142.81
142.81
143.13
142.94
142.56
142.44
142.44
142.63
142.63
142.44
142.5
142.63
142.63
142.69
142.75
143
143.25
143.25
143.19
143.19
143.13
143.06
143.13
143.19
143.19
143.44
143.69
143.94
144.13
144.13
144.13
144.13
144.06
143.75
143.31
142.75
142.75
142.5
142.44
142.5
142.44
142.44
142.44
142.44
142.5
142.5
142.5
142.56
142.56
142.56
142.56
142.56
142.56
142.5
142.5
142.5
142.5
142.5
142.5
142.5
142.5
142.5
142.5
142.56
142.63
142.63
142.63
142.63
142.56
142.63
142.63
142.56
142.56
142.56
142.56
142.56
142.56
142.56
142.56
142.56
142.56
142.56
142.56
142.56
142.56
142.63
142.63
142.63
142.63
143
143.38
143
142.75
142.25
141.81
142
142.5
142.63
142.69
142.88
143.06
143.06
142.75
142.81
142.88
142.81
142.56
142.44
142.44
142.5
142.56
142.63
142.63
142.69
142.81
142.75
142.69
142.69
142.63
142.56
142.56
142.69
142.94
143.25
143.44
143.63
143.63
143.69
143.5
143.5
143.25
142.75
142.19
142.06
142
142
142.06
142
142.06
142.06
142.06
142.13
142.13
142.13
142.13
142.13
142.13
142.13
142.13
142.13
142.13
142.13
142.13
142.13
142.13
142.13
142.06
142.06
142.13
142.13
142.13
142.19
142.19
142.19
142.13
142.13
142.13
142.13
142.13
142.13
142.13
142.13
142.13
142.13
142.13
142.13
142.13
142.13
142.19
142.19
142.19
142.19
142.19
142.13
142.63
143.75
143.75
143.06
142.38
142.75
142.31
141.94
142.38
143.06
143.13
143
143.31
142.88
142.5
142.31
142.63
142.31
141.88
142.06
142.25
142.25
142.31
142.31
142.44
142.63
142.69
142.63
142.56
142.5
142.44
142.5
142.56
142.81
143.06
143.13
143.06
143
142.94
142.88
142.88
142.5
142.13
142.06
142.06
142.06
142.06
142.06
142.06
142.06
142.13
142.06
142.06
142.06
142.13
142.13
142.13
142.13
142.13
142.13
142.06
142.06
142.13
142.13
142.13
142.13
142.06
142.06
142.13
142.13
142.13
142.13
142.19
142.19
142.13
142.13
142.13
142.13
142.13
142.13
142.13
142.13
142.13
142.13
142.13
142.13
142.13
142.19
142.19
142.19
142.19
142.19
142.19
142.19
142.19
142.19
142.63
143.5
143.94
142.94
142.94
142.56
142.69
141.94
141.5
141.88
141.88
142.06
142.25
142.56
142.56
142.19
142.19
142
141.94
142.19
142
142
142.13
142.25
142.25
142.31
142.38
142.38
142.38
142.38
142.31
142.25
142.25
142.25
142.25
142.31
142.69
143
143.31
143.31
143.38
143.38
143.38
143.31
143
143
142.38
142.06
141.94
142
142
142
142
142
142
142.06
142.06
142.06
142.06
142.06
142.06
142.06
142.06
142.06
142.06
142.06
142
142
142
142
142
142
142.06
142.13
142.13
142.13
142.13
142.06
142.06
142.13
142.06
142.06
142.06
142.06
142.06
142.06
142.06
142.06
142.13
142.13
142.13
142.13
142.13
142.13
142.13
142.13
143
143.44
142.63
142.38
142
141.25
141
141.5
141.75
141.94
142.25
142.25
142.13
142.13
141.75
141.44
141.5
141.44
141.63
141.63
141.63
141.81
141.75
141.94
142.06
142.06
142.06
142.06
142.06
142
141.94
141.94
142
142.19
142.44
142.63
142.81
142.75
142.75
142.81
142.63
142.38
142.38
141.88
141.56
141.56
141.56
141.5
141.5
141.5
141.5
141.56
141.56
141.56
141.56
141.63
141.63
141.63
141.63
141.56
141.56
141.56
141.56
141.56
141.56
141.56
141.56
141.5
141.56
141.56
141.56
141.63
141.63
141.63
141.63
141.63
141.56
141.56
141.56
141.56
141.56
141.56
141.56
141.56
141.56
141.56
141.56
141.56
141.56
141.56
141.56
141.56
141.63
141.63
141.63
141.63
141.56
141.56
141.94
142.69
142.63
142.25
142.13
141.94
142
142.19
142.44
142.44
142.69
142.63
142.81
143
142.38
142.38
141.88
141.69
141.81
141.38
141.13
141.13
141.25
141.38
141.5
141.63
141.63
141.63
141.63
141.63
141.56
141.5
141.5
141.5
141.63
141.81
142.06
142.25
142.56
142.56
142.38
142.31
142.19
142
141.75
141.75
141.5
141.44
141.5
141.44
141.44
141.44
141.5
141.5
141.5
141.5
141.56
141.56
141.56
141.56
141.56
141.56
141.56
141.56
141.56
141.5
141.5
141.5
141.5
141.5
141.5
141.5
141.5
141.56
141.56
141.56
141.56
141.56
141.56
141.56
141.56
141.56
141.56
141.56
141.56
141.56
141.56
141.56
141.56
141.56
141.56
141.56
141.56
141.56
141.56
141.56
141.56
141.63
142
142
143
143.25
142.38
142.13
142.19
141.75
141.75
142.25
142.38
142.38
142.31
142.69
142.88
142.25
141.69
141.69
141.31
141.38
141.25
141.31
141.5
141.69
141.69
141.75
141.81
141.88
141.94
141.94
141.94
141.94
141.81
141.81
141.81
141.88
142.13
142.69
142.94
142.81
142.81
142.75
142.69
142.38
142
141.63
141.5
141.5
141.56
141.56
141.5
141.5
141.5
141.5
141.56
141.56
141.56
141.56
141.63
141.63
141.56
141.56
141.56
141.56
141.56
141.56
141.56
141.5
141.5
141.5
141.5
141.56
141.56
141.56
141.63
141.63
141.63
141.63
141.63
141.63
141.63
141.56
141.56
141.56
141.56
141.56
141.56
141.56
141.56
141.56
141.56
141.56
141.63
141.63
141.63
141.63
141.63
141.75
142.5
142.94
142.94
142.25
141.81
142
141.75
141.63
141.63
141.94
142.13
142.25
142.5
142.75
142.5
142.19
141.38
141.38
141.31
141.25
141.5
141.69
141.75
141.75
141.75
141.88
141.94
141.94
141.94
141.88
141.81
141.81
141.94
142.13
142.38
142.38
142.88
143
143
142.81
142.63
142.31
141.88
141.75
141.69
141.69
141.69
141.69
141.69
141.69
141.69
141.75
141.75
141.75
141.75
141.75
141.75
141.75
141.75
141.75
141.75
141.75
141.75
141.75
141.69
141.69
141.69
141.69
141.75
141.75
141.75
141.81
141.81
141.81
141.81
141.81
141.81
141.75
141.75
141.75
141.75
141.75
141.75
141.75
141.75
141.75
141.75
141.75
141.75
141.75
141.81
141.81
141.81
141.88
141.81
142.13
143
142.81
142.19
142.06
141.69
141.5
141.69
141.69
142
142.13
142
141.81
142.19
142.19
142.19
141.63
141.19
140.81
140.81
140.44
140.44
140.5
140.56
140.63
140.63
140.63
140.63
140.63
140.63
140.56
140.56
140.56
140.63
140.75
140.81
140.94
140.88
140.81
140.69
140.63
140.5
140.56
140.56
140.63
140.69
140.63
140.63
140.63
140.63
140.69
140.69
140.69
140.69
140.69
140.69
140.69
140.69
140.69
140.69
140.69
140.63
140.63
140.63
140.63
140.63
140.63
140.63
140.69
140.63
141.19
141.19
142.19
142.88
142.75
142.69
142.63
142.63
142.94
143.31
143.31
143.19
143.19
143.19
143.25
143.25
143.25
143.25
143.25
143.25
143.25
143.25
143.25
143.13
143.13
142.94
142.75
142.75
142.13
140.19
139.06
137.94
136.75
135.88
135.13
135.13
134.31
132.88
131.31
130
128.69
128.69
127.44
126.13
125.75
126.38
126.25
126.25
126.25
126.19
126.25
125.94
125.94
125.38
125.19
125
124.81
124.56
124.69
124.69
124.75
125
125.38
125.69
125.5
125.5
125.63
125.81
125.88
125.75
125.75
125.75
125.75
125.81
125.69
125.5
125.56
125.56
125.56
125.56
125.56
125.56
125.63
125.63
125.63
125.63
125.63
125.63
125.63
125.63
125.63
125.63
125.63
125.63
125.63
125.63
125.63
125.81
126.5
127.63
128.88
128.88
129.38
129.25
129.13
129.13
129.38
129.38
129.69
129.94
129.75
129.81
129.94
129.94
129.88
129.88
129.88
129.88
129.94
129.88
129.88
129.88
129.75
129.69
129.69
129.56
129.19
128.06
126.88
125.56
124.13
123.25
122.5
122.25
121.31
121.31
119.88
118.63
117.5
116.38
114.69
114.69
113.75
113.75
113.38
112.81
112.88
112.88
112.88
112.88
112.94
113
113.06
113.06
112.88
112.63
112.69
112.81
113
113.13
113.31
113.56
113.69
113.75
113.75
113.75
113.38
113.13
113
112.88
112.88
112.63
112.56
112.56
112.56
112.56
112.56
112.56
112.63
112.88
112.69
112.75
112.75
112.75
112.75
112.75
112.75
112.75
112.75
112.75
112.75
112.69
112.69
112.69
112.75
112.94
113.31
114.38
115.56
115.56
116.06
115.88
115.81
115.94
115.88
115.88
115.88
115.88
115.88
115.88
115.94
115.94
115.94
115.94
115.94
115.94
116
116
116
115.94
115.81
115.63
115.81
115.81
115.88
115.19
114.56
113.5
112.63
112.63
112.06
111.56
111
109.81
108.63
108.63
107.25
106.44
105.38
104.13
102.81
102.81
101
100.81
100.56
100.31
100.13
100.13
100.06
100.13
100.13
99.625
98.938
98.563
98.938
99
98.813
98.875
99.375
99.5
99.563
99.75
99.813
99.688
99.563
99.5
99.375
99.25
99.25
99.313
99.313
99.313
99.313
99.313
99.313
99.313
99.438
99.375
99.375
99.375
99.375
99.375
99.375
99.375
99.375
99.375
99.375
99.375
99.375
99.313
99.313
99.375
99.375
99.5
99.688
100.56
101.69
101.69
101.69
101.5
101.5
101.44
101.44
101.44
101.38
101.44
101.44
101.44
101.44
101.44
101.44
101.5
101.5
101.5
101.44
101.44
101.31
101.19
101.25
101.44
100.81
100.81
99.813
99.375
98.313
97.313
96.625
96.625
96.063
95.375
94
92.75
91.688
91.688
90.563
89.25
88.125
86.813
86.063
86.063
86.125
85.813
85.688
85.563
85.313
85.313
85.063
84.688
84.313
83.75
83.625
83.625
83.75
84.125
84.25
84.375
84.688
84.688
84.75
84.75
84.813
85.125
85.063
85.063
85.063
84.875
84.875
84.813
85.188
85.188
85.25
85.25
85.25
85.25
85.375
85.375
85.375
85.375
85.375
85.375
85.375
85.375
85.438
85.438
85.438
85.438
85.438
85.438
85.438
85.375
85.375
85.438
85.5
85.5
85.5
85.5
85.5
85.5
85.5
85.5
85.5
85.438
85.438
85.438
85.438
85.438
85.438
85.438
85.438
85.438
85.438
85.438
85.438
85.438
85.375
85.375
85.438
85.438
85.938
85.438
84.813
84.313
83.563
83.563
83.25
82.938
82.5
82.063
81.313
81.313
80.125
78.875
77.75
76.75
75.625
75.625
73.938
72.688
72.188
71.625
71.625
71.625
71.063
70.438
70.188
69.625
69
68.313
68.313
67.813
67.938
68.063
68.125
68.375
68.375
68.625
68.438
68.313
68.375
68.688
68.688
68.625
68.5
68.688
68.75
68.938
69
68.938
69.125
69.063
69.125
69.188
69.188
69.438
69.313
69.313
69.375
69.375
69.375
69.375
69.375
69.375
69.375
69.375
69.375
69.313
69.313
69.313
69.313
69.375
69.438
69.438
69.5
69.813
69.813
69.75
69.625
69.688
69.625
69.625
69.625
69.625
69.625
69.625
69.625
69.688
69.688
69.688
69.688
69.688
69.688
69.688
69.688
69.563
69.5
69.5
69.938
69.625
69.625
68.438
67.688
67.125
66.938
66.375
66.375
65.813
65.188
64.438
63.188
62.188
61.063
60.063
58.813
57
57
56.75
56.688
56.313
56.125
55.5
55.063
55.063
54.625
54.375
53.813
53.25
53.375
53.5
53.5
53.5
53.563
53.75
53.438
53.313
53.438
53.438
53.938
53.75
53.75
53.5
53.625
53.688
53.625
53.75
53.75
53.75
53.75
53.75
53.75
54
54
54
53.875
53.875
53.875
53.875
53.875
53.875
53.875
53.875
53.875
53.875
53.875
53.875
53.813
53.875
53.875
53.938
53.938
53.938
53.938
53.938
54
53.938
53.938
53.938
53.875
53.875
53.875
53.875
53.875
53.875
53.875
53.875
53.875
53.875
53.875
53.875
53.938
53.938
53.813
53.875
53.875
54.063
54.5
54.063
53
52.25
52.25
51.625
51.375
51
50.688
50.313
50.313
49.75
48.688
47.813
46.75
45.5
45.5
44.063
42.313
41.188
41.063
40.25
40.25
39.875
39.813
39.75
39.375
39.125
38.75
38.188
37.688
37.75
37.75
37.875
37.938
37.938
38.125
38.25
38.25
37.875
37.688
37.875
37.75
37.688
37.563
37.563
37.563
37.563
37.625
37.625
37.625
37.625
37.625
37.688
38.063
37.938
37.938
37.938
37.938
37.938
37.938
37.938
37.938
37.938
37.938
37.938
37.875
37.875
37.875
37.875
37.875
37.938
37.938
38.063
38.063
38.25
39.125
39.313
39.25
39.25
39.25
39.25
39.188
39.188
39.188
39.188
39.188
39.188
39.188
39.188
39.188
39.188
39.25
39.188
39.125
39.25
39.313
39.25
39.25
38.438
37.688
36.813
36.188
36.188
36.125
35.563
35.25
34.563
33.438
32.313
31.125
29.75
28.625
28.625
27.438
25.875
25.563
24.625
24.5
24.688
24.688
24.625
24.375
24.063
23.75
23.188
23.188
22.563
22.5
22.563
22.625
22.938
22.938
23.125
23.125
23.563
23.375
23.125
23.125
23
22.875
22.813
22.938
22.938
23
23
23
23
23
23
23.063
23.063
23.25
23.188
23.188
23.188
23.188
23.188
23.188
23.25
23.25
23.25
23.25
23.25
23.25
23.188
23.188
23.25
23.313
23.313
24.188
25
25
25.688
25.625
25.625
25.625
25.625
25.625
25.625
25.563
25.625
25.688
25.688
25.688
25.688
25.688
25.688
25.688
25.688
25.688
25.688
25.688
25.688
25.688
25.688
25.625
25.625
25.625
25.625
25.625
25.625
25.625
25.625
25.625
25.625
25.625
25.625
25.625
25.625
25.625
25.625
25.625
25.625
25.625
25.625
25.625
25.625
25.625
25.625
25.625
25.625
25.625
25.625
25.625
25.625
25.625
25.625
25.625
25.625
25.625
25.625
25.625
25.625
25.625
25.625
25.625
25.625
25.625
25.625
25.625
25.625
25.625
25.625
25.625
25.625
25.625
25.625
25.625
25.625
25.625
25.625
25.625
25.625
25.625
25.625
25.625
25.563
25.563
25.563
25.563
25.563
25.563
25.563
25.563
25.563
25.563
25.563
25.563
25.563
25.563
25.563
25.563
25.563
25.563
25.563
25.563
25.563
25.563
25.563
25.563
25.563
25.563
25.563
25.563
25.563
25.563
25.563
25.563
25.563
25.563
25.563
25.563
25.563
25.563
25.563
25.563
25.563
25.563
25.563
25.563
25.563
25.563
25.563
25.563
25.563
25.563
25.563
25.563
25.563
25.563
25.563
25.563
25.563
25.563
25.563
25.563
25.563
25.563
25.563
25.563
25.563
25.563
25.563
25.563
25.563
25.563
25.563
25.563
25.563
25.563
25.563
25.563
25.563
25.563
25.563
25.563
25.563
25.563
25.563
25.563
25.563
25.563
25.563
25.563
25.563
25.563
25.563
25.563
25.563
25.563
25.563
25.563
25.563
25.563
25.563
25.563
25.563
25.563
25.563
25.563
25.563
25.563
25.563
25.563
25.563
25.563
25.563
25.563
25.563
25.563
25.563
25.563
25.563
25.563
25.563
25.563
25.563
25.563
25.563
25.563
25.563
25.563
25.563
25.563
25.563
25.563
25.563
25.563
25.563
25.563
25.563
25.563
25.563
25.563
25.563
25.563
25.563
25.563
25.563
25.563
25.563
25.563
25.563
25.563
25.563
25.563
25.563
25.563
25.563
25.563
25.563
25.563
25.563
25.563
25.563
25.563
25.563
25.563
25.563
25.563
25.563
25.563
25.563
25.563
25.563
25.563
25.563
25.563
25.563
25.563
25.563
25.563
25.563
25.563
25.563
25.563
25.563
25.563
25.563
25.563
25.563
25.563
25.563
25.563
25.563
25.563
25.563
25.563
25.563
25.563
25.563
25.563
25.563
25.563
25.563
25.563
25.563
25.563
25.563
25.563
25.563
25.563
25.563
25.563
25.563
25.563
25.563
25.563
25.563
25.563
25.563
25.563
25.563
25.563
25.563
25.563
25.563
25.563
25.563
25.563
25.563
25.563
25.563
25.563
25.563
25.563
25.563
25.563
25.563
25.563
25.563
25.563
25.563
25.563
25.563
25.563
25.563
25.563
25.563
25.563
25.563
25.563
25.563
25.563
25.563
25.563
25.563
25.563
25.563
25.563
25.563
25.563
25.563
25.563
25.563
25.563
25.563
25.563
25.563
25.563
25.563
25.563
25.563
25.563
25.563
25.563
25.563
25.563
25.563
25.563
25.563
25.563
25.563
25.563
25.563
25.563
25.563
25.563
25.563
25.563
25.563
25.563
25.563
25.563
25.625
25.625
25.625
25.625
25.688
25.688
25.688
25.688
25.688
25.688
25.688
25.75
25.813
25.813
25.813
25.813
25.813
25.813
25.813
25.875
25.813
25.813
25.813
25.813
25.813
25.813
25.813
25.813
25.875
25.875
25.875
25.875
25.938
25.938
25.938
25.813
25.625
25.5
25.5
25.625
25.75
25.875
25.875
25.875
25.813
25.813
25.75
25.75
25.813
25.875
25.938
25.938
26.813
27.313
27
26.875
26.875
26.813
26.875
26.875
26.875
26.875
26.875
26.875
26.875
26.875
26.875
26.875
26.875
26.875
26.875
26.875
26.938
26.938
27.188
27.875
28.125
27.938
27.813
28
28.188
28.563
28.688
28.938
29.188
28.75
26.75
27.125
27.125
27.375
27.563
27.688
27.688
27.75
27.813
27.938
28
27.938
27.875
27.875
27.813
27.813
27.875
28.188
28.625
28.625
28.875
29
29.188
29.125
29.313
29.313
29.375
29.25
28.938
28.5
27.813
27.563
27.563
27.563
27.563
27.563
27.563
27.625
27.625
27.625
27.688
27.688
27.688
27.688
27.625
27.625
27.625
27.625
27.625
27.625
27.625
27.625
27.625
27.625
27.688
27.75
27.688
27.688
27.688
27.688
27.688
27.688
27.688
27.625
27.625
27.625
27.625
27.625
27.625
27.625
27.625
27.625
27.563
27.625
27.625
27.625
27.625
27.625
27.625
27.625
27.625
28.438
28.438
28.938
28.563
28.5
27.875
27.625
28
28
28.75
29
29.125
29.5
29.625
29.125
28.563
28.75
29
29
29
27.938
27.625
27.563
27.688
27.688
28
28.313
28.188
28.25
28.25
28.25
28.25
28.375
28.438
28.625
28.813
28.813
28.813
28.875
28.813
28.813
28.875
28.875
28.813
28.688
28.563
28.375
28.375
28.375
28.375
28.375
28.375
28.375
28.375
28.438
28.438
28.438
28.438
28.438
28.5
28.5
28.5
28.5
28.5
28.438
28.438
28.438
28.438
28.438
28.438
28.5
28.5
28.5
28.563
28.563
28.563
28.5
28.563
28.563
28.5
28.5
28.5
28.5
28.5
28.5
28.5
28.5
28.5
28.563
28.5
28.5
28.5
28.563
28.563
28.688
29.125
29.125
29.563
30.188
31.313
31.5
30.375
30.375
30.063
29.438
28.813
29.125
29.375
29.375
29.688
29.938
30.25
30.438
30.188
30.188
29.188
28.625
29
28.75
28.438
28.438
28.625
28.75
29.063
29.688
29.938
29.938
29.875
29.875
29.813
29.75
29.75
29.813
30.063
30.438
30.813
31.063
31.063
31.188
31.313
31.188
31
30.688
30.688
30.188
29.563
29
28.813
28.813
28.813
28.875
28.938
28.875
28.938
28.938
28.938
28.938
28.938
28.938
28.938
28.938
28.938
28.938
28.938
28.938
28.938
28.938
28.938
28.938
28.938
29
29
29
29
29
28.938
28.938
28.938
28.938
28.938
28.938
28.938
28.938
28.938
28.938
28.938
28.938
29
29
29
29
29
29
29
29
29.875
31.188
30.313
30.313
29.875
30
30.125
30.625
31.188
31.563
31.563
31.563
31.688
31
30.125
30.313
30.5
30.5
29.75
29.313
29.438
29.625
29.875
30.25
30.25
30.188
30.125
30.063
30.063
30.063
30.125
30.438
30.813
31.125
31.25
31.188
31.063
30.938
30.875
30.563
30.25
30.25
29.75
29.5
29.563
29.625
29.625
29.625
29.625
29.625
29.688
29.688
29.688
29.75
29.75
29.75
29.75
29.688
29.688
29.688
29.688
29.688
29.688
29.688
29.688
29.75
29.75
29.75
29.75
29.75
29.75
29.75
29.75
29.75
29.75
29.75
29.75
29.75
29.75
29.75
29.75
29.75
29.813
29.75
29.75
29.75
29.75
30
31.438
31.688
30.813
30.563
30.375
30.125
30.938
31.375
31.625
31.688
31.938
32.313
32
31.063
30.813
31.188
31
30.188
30.188
30.375
30.438
30.813
31.125
30.938
30.875
30.938
30.938
30.938
31
31.313
31.563
31.813
31.875
31.813
31.75
31.688
31.5
31.25
30.813
30.313
30.25
30.25
30.313
30.375
30.313
30.313
30.375
30.375
30.438
30.438
30.438
30.438
30.438
30.438
30.438
30.375
30.375
30.438
30.375
30.375
30.375
30.438
30.438
30.5
30.5
30.5
30.438
30.438
30.438
30.438
30.438
30.438
30.438
30.5
30.438
30.5
30.5
30.5
30.5
30.5
30.5
30.5
30.5
30.5
31.25
32.375
31.688
31.063
31.25
30.875
31.188
31.625
32.063
32.188
32.313
32.875
32.688
31.688
31.188
31.563
31.5
30.75
30.563
30.75
30.938
31.375
31.625
31.5
31.5
31.5
31.5
31.5
31.563
31.75
32
32.25
32.375
32.375
32.375
32.25
32.188
31.875
31.625
31.063
30.875
30.813
30.875
30.875
30.875
30.875
30.938
30.938
30.938
30.938
30.938
30.938
30.938
30.938
30.938
30.938
30.938
30.938
30.938
30.938
30.938
30.938
30.938
31
31
31
30.938
30.938
30.938
30.938
30.938
30.938
30.938
30.938
30.938
31
31
31
31
31
30.938
31
31
31
31.938
33.188
32.563
31.625
31.75
31.75
31.938
32.25
32.75
32.813
32.438
32.5
32.5
31.875
30.938
31.25
31.438
31.125
30.875
30.938
31
31.188
31.25
31.25
31.25
31.25
31.375
31.563
31.813
32.125
32.438
32.688
32.813
32.875
32.75
32.563
32.313
31.875
31.313
31
30.938
31.063
31.063
31.063
31.063
31.063
31.063
31.063
31.063
31.063
31.063
31.125
31.063
31.063
31.063
31.063
31.063
31.063
31.063
31.063
31.063
31.063
31.125
31.125
31.125
31.063
31.063
31.063
31.125
31.063
31.125
31.125
31.125
31.125
31.125
31.125
31.125
31.125
31.125
31.125
31.125
31.125
31.125
31.188
32.188
33
31.938
31.563
31.813
31.75
31.813
32.063
32.25
32
31.938
32.125
32
31.313
30.938
31.313
30.75
30.75
30.438
30.563
30.75
30.938
31.188
31.375
31.438
31.438
31.438
31.5
31.563
31.813
32.063
32.375
32.688
32.938
33
32.938
32.875
32.688
32.375
31.875
31.375
31.188
31.188
31.313
31.313
31.25
31.25
31.313
31.313
31.25
31.25
31.313
31.313
31.25
31.25
31.25
31.25
31.25
31.25
31.25
31.25
31.188
31.25
31.25
31.25
31.25
31.25
31.25
31.25
31.25
31.25
31.25
31.25
31.25
31.25
31.25
31.25
31.25
31.25
31.25
31.25
31.313
31.25
31.25
31.313
31.313
31.375
31.75
32.813
32.313
31.75
31.813
32.063
32.563
32.938
33.5
33.563
33.313
33.313
33.125
32.938
32.938
31.688
31.688
32.125
31.625
31.063
31.063
31.25
31.375
31.5
31.625
31.75
31.75
31.75
31.75
31.75
31.75
31.875
32.125
32.438
32.625
32.813
32.875
32.875
32.875
32.875
32.75
32.5
32.125
32.125
31.625
31.625
31.688
31.688
31.688
31.688
31.688
31.688
31.75
31.75
31.75
31.75
31.75
31.813
31.813
31.813
31.813
31.813
31.75
31.75
31.75
31.75
31.75
31.75
31.75
31.75
31.75
31.75
31.813
31.813
31.813
31.813
31.75
31.75
31.75
31.75
31.75
31.75
31.75
31.75
31.75
31.75
31.75
31.75
31.75
31.813
31.813
31.813
31.813
31.813
31.813
31.813
31.813
32.188
33.438
33.313
32.5
32.625
32.625
32.75
32.875
33.438
34
34.063
34.063
33.688
34.188
33.875
32.563
32.563
31.813
32.438
32.25
31.875
31.938
31.938
32
32.125
32.375
32.688
32.813
32.813
32.75
32.688
32.688
32.625
32.688
32.688
32.813
33
33.25
33.438
33.5
33.438
33.438
33.438
33.125
32.625
32.25
32.125
32.188
32.188
32.188
32.188
32.188
32.25
32.25
32.25
32.313
32.313
32.313
32.313
32.313
32.313
32.313
32.25
32.25
32.25
32.25
32.25
32.25
32.25
32.25
32.313
32.313
32.313
32.375
32.375
32.313
32.313
32.313
32.313
32.313
32.313
32.313
32.313
32.313
32.313
32.313
32.313
32.313
32.313
32.313
32.313
32.313
32.313
32.313
32.313
32.313
32.875
33.813
33.313
32.875
33.125
32.625
33
33.438
33.875
34.063
33.875
33.875
34.188
34.438
33.688
32.375
32.875
33
33
32.5
32.25
32.375
32.438
32.688
33.063
33.063
33.125
33.063
33.063
33.063
33
33
33.125
33.375
33.813
33.813
34.063
34.063
33.938
33.813
33.688
33.563
33.188
32.75
32.688
32.688
32.75
32.75
32.688
32.75
32.75
32.75
32.813
32.813
32.813
32.813
32.813
32.813
32.813
32.813
32.813
32.75
32.75
32.813
32.75
32.75
32.75
32.75
32.813
32.813
32.813
32.813
32.813
32.813
32.813
32.813
32.813
32.813
32.813
32.813
32.813
32.813
32.813
32.813
32.813
32.813
32.813
32.813
32.813
32.875
32.875
32.875
33.813
34.25
33.313
33.063
33.125
33.125
33.375
33.813
34.063
33.938
34.188
34.5
34.063
32.813
32.625
33
32.75
32.313
32.313
32.375
32.625
33
33.188
33
33
33.125
33
33
33.188
33.438
33.688
33.938
33.938
33.938
33.875
33.75
33.563
33.25
32.938
32.813
32.75
32.75
32.75
32.75
32.75
32.813
32.813
32.875
32.875
32.875
32.875
32.875
32.875
32.875
32.875
32.875
32.813
32.813
32.813
32.813
32.813
32.875
32.875
32.875
32.938
32.875
32.875
32.875
32.875
32.875
32.875
32.875
32.875
32.875
32.875
32.875
32.875
32.875
32.875
32.875
32.875
32.875
32.875
32.938
33.563
34.563
33.875
33.25
33.5
33.063
33
33.188
33.313
33.375
33.625
34.25
34
33.25
32.5
32.563
32.625
32.188
32.25
32.375
32.5
32.938
33.25
33.188
33.188
33.125
33.063
33.063
33.125
33.313
33.563
33.875
34.125
34.188
34
33.875
33.813
33.438
32.938
32.625
32.625
32.688
32.688
32.688
32.688
32.75
32.75
32.75
32.75
32.75
32.75
32.75
32.75
32.688
32.75
32.75
32.688
32.688
32.688
32.688
32.688
32.75
32.75
32.75
32.75
32.75
32.75
32.75
32.75
32.75
32.75
32.75
32.75
32.75
32.75
32.75
32.75
32.75
32.75
32.75
32.75
32.75
32.813
33
34.25
34.125
33.063
32.938
32.75
32.75
33.188
33.625
33.813
34
34.563
34.563
33.938
33.25
33
32.813
32.5
32.313
32.313
32.438
32.563
33
33.375
33.438
33.375
33.375
33.313
33.313
33.313
33.438
33.625
33.875
34
34
34
33.938
33.75
33.563
33.5
33.5
33.313
33
32.688
32.688
32.813
32.813
32.75
32.75
32.75
32.813
32.813
32.813
32.813
32.875
32.875
32.875
32.875
32.813
32.813
32.813
32.813
32.813
32.813
32.813
32.813
32.813
32.813
32.813
32.813
32.875
32.875
32.813
32.813
32.813
32.813
32.813
32.813
32.813
32.813
32.875
32.875
32.875
32.875
32.875
32.875
32.875
32.875
32.875
32.875
32.875
32.875
33.813
34.313
33.813
33.813
33.625
33.813
34.438
34.875
35.563
35.938
36.188
36
36.188
36.188
36.563
36.188
35.5
34.5
33.438
33.125
33.125
33.125
33.438
33.375
33.375
33.438
33.438
33.438
33.438
33.438
33.438
33.438
33.438
33.438
33.438
33.375
33.375
33.375
33.375
33.313
33.313
33.438
33.688
33.688
34
34.188
34.313
34.375
34.188
34
33.875
33.813
33.813
33.813
33.875
33.875
34
34.125
34.063
34.063
34.125
34.125
34.125
34.125
34.125
34.125
34.125
34.125
34.125
34.125
34.125
34.125
34.125
34.125
34.125
34.125
34.125
34.125
34.125
34.125
34.125
34.125
34.125
34.125
34.125
34.125
34.125
34.125
34.125
34.125
34.125
34.125
34.125
34.125
34.125
34.125
34.125
34.125
34.125
34.125
34.125
34.125
34.125
34.125
34.125
34.125
34.125
34.125
34.125
34.125
34.125
34.125
34.125
34.125
34.125
34.125
34.188
34.188
34.188
34.125
34.188
34.188
34.188
34.188
34.188
34.188
34.188
34.188
34.188
34.188
34.188
34.188
34.188
34.188
34.188
34.188
34.188
34.188
34.188
34.188
34.188
34.188
34.188
34.188
34.188
34.188
34.188
34.188
34.188
34.188
34.188
34.188
34.188
34.188
34.188
34.188
34.188
34.188
34.188
34.188
34.188
34.188
34.188
34.188
34.188
34.188
34.188
34.188
34.188
34.188
34.188
34.188
34.188
34.188
34.188
34.188
34.188
34.188
34.25
34.25
34.25
34.25
34.25
34.25
34.25
34.25
34.25
34.25
34.25
34.25
34.25
34.25
34.25
34.25
34.25
34.25
34.25
34.25
34.25
34.25
34.25
34.25
34.25
34.25
34.25
34.25
34.25
34.25
34.25
34.25
34.25
34.25
34.25
34.25
34.25
34.25
34.25
34.25
34.25
34.25
34.25
34.25
34.25
34.25
34.25
34.25
34.25
34.25
34.25
34.25
34.25
34.25
34.25
34.25
34.25
34.25
34.25
34.25
34.25
34.25
34.25
34.25
34.25
34.25
34.25
34.25
34.25
34.25
34.25
34.25
34.25
34.25
34.25
34.25
34.25
34.25
34.25
34.25
34.25
34.25
34.25
34.25
34.25
34.25
34.25
34.25
34.25
34.25
34.25
34.25
34.25
34.25
34.25
34.25
34.25
34.25
34.25
34.25
34.25
34.25
34.25
34.25
34.25
34.25
34.25
34.25
34.25
34.25
34.25
34.25
34.25
34.25
34.25
34.25
34.25
34.25
34.25
34.25
34.25
34.25
34.25
34.25
34.25
34.25
34.25
34.25
34.25
34.25
34.25
34.25
34.188
34
33.938
33.875
33.875
33.75
33.688
33.813
34
34.188
34.188
34.188
34.188
34.188
34.188
34.188
34.188
34.125
34.125
34.188
34.25
34.25
34.25
34.25
35.188
35.625
35.563
35.313
35.313
35.125
35.125
35.063
35
35
35
35
35
35
35
35.063
35.063
35.063
35.063
35.063
35.063
35.063
35.125
35.125
35.188
35.813
37.125
37.313
37.563
37.563
38.25
37.75
37.875
39.188
40
40.375
40.75
41.313
42.375
42.375
42.5
42.563
43.5
44.875
44.875
45.25
45.25
45.063
45.063
44.875
45.25
45.938
45.75
45.813
45.813
45.875
45.938
46.063
46.625
47.25
47.75
48.125
48.875
48.875
49.875
50.563
51.125
51.375
51.25
51.25
50.813
49.75
49.563
49.688
49.688
49.688
49.688
49.688
49.625
49.625
49.688
49.688
49.813
50.063
50.25
50.25
50.25
50.25
50.375
50.438
50.375
50.375
50.375
50.375
50.375
50.375
50.5
50.813
50.938
50.688
50.688
50.75
50.75
50.813
50.75
50.75
50.75
50.75
50.813
50.813
50.813
50.813
50.813
50.813
50.813
50.813
50.75
50.75
50.813
51.375
52.188
53.188
53.625
53.625
53.063
53.375
53.313
53.125
53.625
54.813
56.188
57.5
57.5
58.063
58.563
58.625
58.438
58.25
58.75
58.75
59.063
59.813
60.313
61.063
61.125
61.313
61.313
61.75
62.25
63.063
63.875
63.875
63.5
63.5
63.375
63.188
63.563
63.813
63.875
63.875
63.438
63.688
63.875
63.938
63.563
62.813
62.25
61.563
61.563
61.625
61.688
61.688
61.625
61.625
61.625
61.625
61.625
61.625
61.688
61.75
61.813
61.813
62
62.125
62.375
62.75
62.813
62.813
62.75
62.75
62.75
62.813
62.813
62.813
62.75
62.75
62.688
62.625
62.625
62.625
62.688
62.688
62.688
62.688
62.688
62.688
62.688
62.688
62.688
62.688
62.688
62.688
62.688
62.688
62.75
62.75
62.813
62.813
63.375
64.5
65.875
66.375
66.313
67.375
67.375
67.438
67.313
68.063
68.063
69
70.313
71.375
72.438
73
73
73.438
73.438
73.063
72.563
72.688
72.938
73
73.375
73.625
73.563
73.75
73.75
74.188
74.813
75.688
75.938
75.75
75.75
75.75
75.563
75.938
76.063
76.188
76.188
76.25
76.438
76.375
76.438
76.438
76.438
76.188
75.938
75.188
75.063
75.125
75.125
75.063
75.063
75.063
75.063
75.125
75.125
75.125
75.188
75.25
75.375
75.563
75.563
75.625
75.875
76.25
76.438
76.438
76.438
76.375
76.438
76.438
76.438
76.375
76.375
76.313
76.313
76.25
76.25
76.25
76.25
76.25
76.25
76.188
76.188
76.188
76.188
76.25
76.25
76.25
76.25
76.25
76.25
76.313
76.375
76.375
76.625
76.625
77.375
78.438
79.813
79.938
80.563
80.563
81.125
81.563
82.25
82.938
83.875
83.875
84.875
85.875
86.688
87.188
87.188
87.438
87
86.875
87.063
86.875
87.125
87.563
87.938
87.75
87.938
87.938
88.375
88.75
89.625
90.188
90.313
90.188
90.188
90.313
90.313
90.563
90.875
90.875
91.125
91.188
91.188
91.125
91.25
91.063
91.063
90.688
90.375
89.625
89.625
89.625
89.625
89.625
89.563
89.563
89.625
89.625
89.625
89.625
89.688
89.813
90
90
90.125
90.125
90.188
90.375
90.313
90.313
90.313
90.313
90.313
90.313
90.25
90.25
90.25
90.188
90.125
90.125
90.125
90.125
90.125
90.063
90.063
90.063
90.063
90.125
90.125
90.125
90.125
90.125
90.125
90.188
90.25
90.25
90.313
90.938
90.938
92
93.438
94.188
94.5
95.125
95.313
95.875
96.625
97.313
98.25
98.25
99.438
100.38
101.06
101.44
101.19
100.81
100.81
101.06
101.06
100.88
101.31
101.81
101.81
101.69
101.81
102.38
102.88
103.5
103.5
104.06
104.44
104.44
104.31
104.38
104.75
105
105.5
105.63
105.94
105.94
105.88
106
105.88
105.56
105.19
105.19
104.75
103.94
103.88
103.94
103.88
103.88
103.88
103.81
103.81
103.88
103.88
103.94
104
104.25
104.31
104.25
104.31
104.31
104.5
104.63
104.63
104.63
104.63
104.63
104.69
104.63
104.56
104.56
104.56
104.56
104.5
104.44
104.44
104.44
104.44
104.44
104.44
104.38
104.38
104.44
104.44
104.44
104.44
104.5
104.5
104.5
104.5
104.5
104.56
104.56
104.69
105.19
106.44
106.44
107.94
108.38
108.63
109.25
109.25
109.44
109.81
110.56
111.38
112.44
113.56
114.44
115.25
115.5
115
115
114.81
115.25
115.25
115.56
115.94
116.19
116.19
116.19
116.63
117.06
117.44
117.44
118.19
118.81
119
118.75
118.75
118.88
118.88
119.13
119.44
119.88
120.25
120.25
120.63
120.56
120.5
120.13
119.75
119.06
119.06
118.56
118
117.63
117.69
117.63
117.63
117.56
117.5
117.5
117.5
117.56
117.56
117.69
118.13
118
118
118.06
118.06
118.13
118.13
118.13
118.13
118.19
118.19
118.13
118.13
118.19
118.13
118.06
118.06
118
117.94
117.94
117.88
117.81
117.81
117.81
117.81
117.81
117.81
117.88
117.88
117.88
117.88
117.88
117.88
117.88
117.88
117.94
118
118.13
118.56
119.38
119.38
120.44
120.69
120.81
121.19
121.31
121.31
121.81
122.44
123.38
124.19
125.13
125.13
125.94
126.44
126.13
125.94
126.44
126.44
126.75
127.06
127.44
127.31
127.06
127.06
127.38
127.31
127.81
128.38
129
129.19
129.19
129.44
129.69
130
130.56
130.56
131.31
131.75
132.38
132.75
133.06
133.38
133.38
133.13
132.69
132.25
131.56
131.06
131.06
130.5
130.19
129.31
129.25
129.31
129.31
129.25
129.19
129.19
129.13
129.5
129.5
129.81
129.63
129.69
129.75
129.75
129.75
129.75
129.75
129.88
130.31
130.94
130.94
130.69
130.63
130.63
130.56
130.63
130.63
130.56
130.56
130.5
130.44
130.44
130.44
130.44
130.44
130.5
130.5
130.5
130.5
130.44
130.44
130.44
130.44
130.56
130.81
131.31
131.31
131.94
132.56
133
132.94
133.13
133.13
133.06
133.25
133.88
134.88
135.88
135.88
136.94
137.81
137.69
137.75
138.75
138.75
139.31
139.88
139.56
139.13
139.44
139.44
139.63
139.88
140
140.13
140.38
140.38
140.63
141.13
141.69
142.44
142.88
142.88
143.44
144.19
145
145.69
146.31
146.31
146.69
146.81
146.75
146.44
146.13
146.13
145.88
145.44
144.56
144.25
144.19
144.19
144.19
144.13
144.13
144.13
144.13
144.13
144.19
144.38
144.5
144.5
144.56
144.56
144.69
145.13
145.88
145.63
145.63
145.63
145.81
145.94
146.25
146.31
145.81
145.81
145.75
145.81
145.81
145.88
145.81
145.81
145.81
145.75
145.75
145.81
145.81
145.81
145.81
145.81
145.81
145.81
145.81
145.81
145.81
145.88
146.06
146.25
147
147
147.88
148.25
147.69
148.31
148.44
148.44
147.94
148.13
149
150
150.88
150.88
151.38
151.5
151.69
152.94
153.44
153.44
154
154.06
153.88
153.94
153.69
153.69
154.13
153.94
154.06
154.19
154.44
154.44
154.44
154.94
155.38
156
156.63
156.63
157.06
157.38
158.13
158.63
159.19
159.19
159.75
159.75
159.5
159.5
159.13
159.13
158.44
158.13
158
157.88
157.94
157.94
157.88
157.88
157.81
157.81
157.88
157.88
158
158.19
158.31
158.31
158.31
158.31
158.63
159.19
159.13
159.06
159.19
159.19
159.31
159.5
159.81
159.56
159.5
159.5
159.5
159.56
159.56
159.56
159.5
159.5
159.5
159.5
159.5
159.5
159.5
159.5
159.5
159.56
159.56
159.56
159.56
159.56
159.56
159.63
159.75
160.38
161.38
161.81
161.81
161.69
162.19
162.5
162.69
163.06
163.06
163.44
163.88
164.69
165.44
165.75
165.63
165.94
166.56
166.81
166.81
167.19
166.81
166.81
166.81
166.88
167
167
166.94
167.25
167.69
167.94
168.31
168.31
168.38
168.88
169.56
169.69
170.31
171.13
172.06
172.88
173.44
173.63
173.63
173.25
173.06
172.63
171.75
171.44
171.44
171.56
171.56
171.56
171.56
171.5
171.5
171.44
171.44
171.44
171.5
171.63
171.63
171.69
171.81
171.88
171.88
171.94
171.94
172
171.94
172
171.94
171.88
171.88
171.63
171.19
171.13
171.13
171.19
171.19
171.25
171.19
171.19
171.19
171.19
171.19
171.19
171.25
171.25
171.25
171.25
171.25
171.25
171.25
171.25
171.25
171.25
171.25
171.25
171.25
171.25
171.25
171.25
171.25
171.25
171.25
171.25
171.25
171.25
171.25
171.31
171.31
171.31
171.31
171.31
171.38
171.56
171.88
171.94
171.81
171.81
171.81
171.81
171.81
171.81
171.75
171.75
171.75
171.75
171.75
171.75
171.75
171.75
171.75
171.75
171.75
171.75
171.75
171.75
171.75
171.75
171.75
171.75
171.75
171.75
171.75
171.75
171.75
171.75
171.75
171.75
171.75
171.75
171.75
171.75
171.69
171.69
171.69
171.69
171.69
171.69
171.69
171.69
171.69
171.69
171.69
171.69
171.69
171.69
171.69
171.69
171.63
171.63
171.63
171.63
171.63
171.63
171.63
171.63
171.63
171.63
171.63
171.63
171.63
171.63
171.63
171.63
171.63
171.63
171.63
171.63
171.63
171.63
171.63
171.63
171.63
171.56
171.56
171.56
171.56
171.56
171.56
171.56
171.56
171.56
171.56
171.56
171.56
171.56
171.56
171.56
171.56
171.56
171.56
171.56
171.56
171.56
171.56
171.56
171.56
171.56
171.56
171.56
171.56
171.56
171.56
171.56
171.56
171.56
171.56
171.5
171.5
171.5
171.5
171.5
171.5
171.5
171.5
171.5
171.5
171.5
171.5
171.5
171.5
171.5
171.5
171.5
171.5
171.5
171.5
171.5
171.5
171.5
171.5
171.5
171.5
171.5
171.5
171.5
171.5
171.5
171.5
171.5
171.5
171.5
171.5
171.5
171.5
171.5
171.5
171.5
171.5
171.5
171.5
171.5
171.5
171.5
171.5
171.5
171.5
171.5
171.5
171.5
171.5
171.5
171.5
171.5
171.5
171.5
171.5
171.5
171.5
171.5
171.5
171.5
171.44
171.44
171.44
171.44
171.44
171.44
171.44
171.44
171.44
171.44
171.44
171.44
171.44
171.44
171.44
171.44
171.44
171.44
171.44
171.44
171.44
171.44
171.44
171.44
171.44
171.44
171.44
171.44
171.44
171.44
171.44
171.44
171.44
171.44
171.44
171.44
171.44
171.44
171.44
171.44
171.44
171.44
171.44
171.44
171.44
171.44
171.44
171.44
171.44
171.44
171.44
171.44
171.44
171.44
171.44
171.44
171.44
171.44
171.44
171.44
171.44
171.44
171.44
171.44
171.44
171.44
171.44
171.44
171.44
171.44
171.44
171.44
171.44
171.44
171.44
171.44
171.44
171.44
171.44
171.44
171.44
171.44
171.44
171.44
171.44
171.44
171.44
171.44
171.44
171.44
171.44
171.44
171.44
171.44
171.44
171.44
171.44
171.44
171.44
171.44
171.44
171.44
171.44
171.44
171.44
171.44
171.44
171.44
171.44
171.44
171.44
171.44
171.44
171.44
171.44
171.44
171.44
171.44
171.44
171.44
171.44
171.44
171.44
171.44
171.44
171.44
171.44
171.44
171.44
171.44
171.44
171.44
171.44
171.44
171.44
171.44
171.44
171.44
171.44
171.44
171.44
171.44
171.44
171.44
171.44
171.44
171.44
171.44
171.44
171.44
171.44
171.44
171.44
171.44
171.44
171.44
171.44
171.44
171.44
171.44
171.44
171.44
171.44
171.44
171.44
171.44
171.44
171.44
171.44
171.44
171.44
171.44
171.44
171.44
171.44
171.44
171.44
171.44
171.44
171.44
171.44
171.44
171.44
171.44
171.44
171.44
171.44
171.44
171.44
171.44
171.44
171.44
171.44
171.44
171.44
171.44
171.44
171.44
171.44
171.44
171.44
171.44
171.44
171.44
171.44
171.44
171.44
171.44
171.44
171.44
171.44
171.44
171.44
171.44
171.44
171.44
171.44
171.44
171.44
171.44
171.44
171.44
171.44
171.44
171.44
171.44
171.44
171.44
171.44
171.44
171.44
171.44
171.44
171.44
171.44
171.44
171.44
171.44
171.44
171.44
171.44
171.44
171.44
171.44
171.44
171.44
171.44
171.44
171.44
171.44
171.44
171.44
171.44
171.44
171.44
171.44
171.44
171.44
171.44
171.44
171.44
171.44
171.44
171.44
171.44
171.44
171.44
171.44
171.44
171.44
171.44
171.44
171.44
171.44
171.44
171.44
171.44
171.44
171.44
171.44
171.44
171.44
171.44
171.44
171.44
171.44
171.44
171.44
171.44
171.44
171.44
171.44
171.44
171.44
171.44
171.44
171.44
171.44
171.44
171.44
171.44
171.44
171.44
171.44
171.44
171.5
171.69
172.06
172.5
172.69
172.81
172.81
173.19
173.25
173.5
174.19
174.19
175.38
175.75
175.75
175.75
175.63
175
175
174.31
173.38
172.38
171.5
171.5
170.38
169.19
169.06
169
169.13
169.06
169.06
168.81
168.81
168.75
168.81
168.88
168.88
168.94
169
169
169
168.94
168.94
168.94
168.94
168.94
168.94
168.94
168.94
169
169.19
169.44
169.56
169.56
169.63
169.56
169.56
169.56
169.5
169.5
169.5
169.5
169.5
169.56
169.56
169.56
169.56
169.5
169.5
169.5
169.5
169.5
169.5
169.56
169.56
170.25
171.13
171.88
172.13
172.25
172.56
172.56
173.44
174.25
175
175.69
176.13
175.88
175.88
175.94
175.94
175.88
175.88
175.75
175.75
175.69
175.63
175.56
175.63
175.69
175.88
175.88
175.88
175.81
175.69
175.69
175.56
175.44
174.5
172.5
170.75
170.75
169.69
168.31
166.69
165.94
165.5
165.5
164.56
163.88
164.56
164.56
164.56
164.69
164.69
164.56
164.38
164.06
163.94
163.88
163.88
163.94
163.94
163.81
163.75
163.81
163.81
163.81
163.81
164.25
164.81
165.25
165.25
165.88
166.5
167.13
167.63
167.63
167.75
167.5
166.63
166.25
166.5
166.75
166.75
166.25
165.13
164.5
163.88
163.69
163.69
163.69
163.75
163.69
163.63
163.63
163.56
163.56
163.56
163.56
163.56
163.56
163.56
163.56
163.56
164.13
165.81
165.81
166.88
167.5
168.44
168.88
168.88
168.75
168.75
169.06
169.31
169.25
169.19
169.25
169.25
169.25
169.19
169.13
169
168.88
168.88
168.75
168.69
168.75
168.81
168.94
168.94
168.94
169
169
169
169
169
168.25
166.5
165.19
163.88
162.44
162.44
160.13
157.88
156.88
155.94
155.13
155.13
156.06
156.19
156.31
156.44
156.38
156.38
156.06
155.56
155.06
154.94
154.94
155.13
155.25
155.13
155.06
155
155
155
155
155.19
155.75
156.38
156.38
157.13
158
159.13
159.81
159.69
159.19
159.19
158.94
158.69
159
159.19
159.19
159
158.63
158.19
157.81
157.38
156.69
156.69
156.44
156.44
156.44
156.38
156.38
156.38
156.25
156.25
156.31
156.63
158
158
159.88
161.63
162.88
163.75
164.19
164.19
164.38
165.31
166.19
167.25
167.5
167.5
167
166.75
166.63
166.5
166.44
166.44
166.44
166.19
165.94
165.88
165.88
165.88
166
166.13
166.38
166.44
166.5
166.5
166.56
166.56
166.56
166.44
166.19
166.19
164.69
162.75
161.63
160.19
158
158
155.69
154.38
155.31
156.19
156.94
156.94
157.19
156.56
155.75
154.94
154.56
154.56
154.44
154.25
153.94
154.06
154.5
154.5
154.75
154.88
154.94
154.94
154.88
154.88
154.94
155.63
156.25
157.06
158.13
158.13
159.38
160.69
160.75
160.25
159.81
159.81
159.69
159.69
159.5
159.69
159.44
159.44
158.81
158
157.5
156.94
156.5
156.5
156.5
156.5
156.5
156.81
157.25
157.25
158.06
159.75
161.94
165
168.69
168.69
171.06
172.5
173.31
173.31
173.06
173.06
173.19
173.25
173.75
174.31
173.13
173.13
173.44
172.75
171.63
170.94
170.75
170.75
170.88
170.88
170.56
170.44
170.38
170.38
170.31
169.88
169.13
168.25
167.25
167.25
166.44
166.31
165.38
165.56
164.69
164.69
165.13
165.06
164
162.75
160.25
160.25
158.56
157.63
157.5
159
159.56
159.56
159.81
159
157.5
156.56
156.56
156.56
156.56
156.75
156.38
155.94
156
156
156.31
156.44
156.5
156.44
156.38
156.38
156.31
156.38
157.06
157.75
158.5
158.5
159.5
160.75
161.5
161.25
160.94
160.94
160.44
160.13
160.06
159.5
158.81
158.81
158.13
157.31
156.5
155.94
155.63
155.63
155.56
155.75
156.13
156.5
156.81
156.81
157.38
158.31
159.88
161.94
163.75
163.75
164.69
164.88
165.13
165
164.69
164.69
164.25
163.63
163.25
163.19
163
163
161.5
160.88
160.06
159
158.13
158.13
157
156.06
155.5
155.44
155.19
155.19
155
154.25
153.38
152.63
152.25
152.25
152.19
152.19
151.88
151.63
151.5
151.44
151.44
151.38
151.31
151.19
151.13
151.13
151.13
151.25
151.44
151.69
151.88
152
152
152.19
152.38
152.63
152.81
153
153
153.13
153.19
153.25
153.31
153.31
153.31
153.38
153.38
153.38
153.38
153.44
153.44
153.63
154
154.5
155
155.38
155.38
155.56
155.75
155.69
155.63
155.44
155.44
155.25
154.94
154.69
154.38
154.13
154.13
153.88
153.75
153.75
153.75
153.75
153.75
153.69
153.69
153.69
153.75
153.75
153.75
153.75
153.75
153.75
153.75
153.75
153.75
153.75
153.75
153.75
153.75
153.75
153.75
153.75
153.75
153.75
153.75
153.75
153.75
153.75
153.75
153.75
153.75
153.75
153.75
153.75
153.75
153.75
153.75
153.69
153.69
153.69
153.69
153.69
153.69
153.69
153.69
153.69
153.69
153.69
153.69
153.69
153.69
153.69
153.69
153.69
153.69
153.69
153.69
153.69
153.69
153.69
153.69
153.69
153.69
153.69
153.69
153.69
153.69
153.69
153.69
153.69
153.69
153.69
153.69
153.69
153.69
153.69
153.69
153.69
153.69
153.69
153.69
153.69
153.69
153.69
153.69
153.69
153.69
153.69
153.69
153.69
153.69
153.69
153.69
153.69
153.69
153.69
153.69
153.69
153.63
153.63
153.63
153.63
153.63
153.63
153.63
153.63
153.63
153.63
153.63
153.63
153.63
153.63
153.63
153.63
153.63
153.63
153.63
153.63
153.63
153.63
153.63
153.63
153.63
153.63
153.63
153.63
153.63
153.63
153.63
153.63
153.63
153.63
153.63
153.63
153.63
153.63
153.63
153.63
153.63
153.63
153.63
153.63
153.63
153.63
153.63
153.63
153.63
153.63
153.63
153.63
153.63
153.63
153.63
153.63
153.63
153.63
153.63
153.63
153.63
153.63
153.63
153.63
153.63
153.63
153.63
153.63
153.63
153.63
153.63
153.63
153.63
153.63
153.63
153.63
153.63
153.63
153.63
153.63
153.63
153.63
153.63
153.63
153.63
153.63
153.63
153.63
153.63
153.63
153.63
153.63
153.63
153.63
153.63
153.63
153.63
153.63
153.63
153.63
153.63
153.63
153.63
153.63
153.63
153.63
153.63
153.63
153.63
153.63
153.63
153.63
153.63
153.63
153.63
153.63
153.63
153.63
153.63
153.63
153.63
153.63
153.63
153.63
153.63
153.63
153.63
153.63
153.63
153.63
153.63
153.63
153.63
153.63
153.63
153.63
153.63
153.63
153.63
153.63
153.63
153.63
153.63
153.63
153.63
153.63
153.63
153.63
153.63
153.63
153.63
153.63
153.63
153.63
153.63
153.63
153.63
153.63
153.63
153.63
153.63
153.63
153.63
153.63
153.63
153.63
153.63
153.63
153.63
153.63
153.63
153.63
153.63
153.63
153.63
153.63
153.63
153.63
153.63
153.63
153.63
153.63
153.63
153.63
153.63
153.63
153.63
153.63
153.63
153.63
153.63
153.63
153.63
153.63
153.63
153.63
153.63
153.63
153.63
153.63
153.63
153.63
153.63
153.63
153.63
153.63
153.63
153.63
153.63
153.63
153.63
153.63
153.63
153.63
153.63
153.63
153.63
153.63
153.63
153.63
153.63
153.63
153.63
153.63
153.63
153.63
153.63
153.63
153.63
153.63
153.63
153.63
153.63
153.63
153.63
153.63
153.63
153.63
153.63
153.63
153.63
153.63
153.63
153.63
153.63
153.63
153.63
153.63
153.63
153.63
153.63
153.63
153.63
153.63
153.63
153.63
153.63
153.63
153.63
153.63
153.63
153.63
153.63
153.63
153.63
153.63
153.63
153.63
153.63
153.63
153.63
153.63
153.63
153.63
153.63
153.63
153.63
153.63
153.63
153.63
153.63
153.63
153.63
153.63
153.63
153.63
153.63
153.63
153.63
153.63
153.63
153.63
153.63
153.63
153.63
153.63
153.63
153.63
153.63
153.63
153.63
153.63
153.63
153.63
153.63
153.63
153.63
153.63
153.63
153.63
153.63
153.63
153.63
153.63
153.63
153.63
153.63
153.63
153.63
153.63
153.63
153.63
153.63
153.63
153.63
153.63
153.63
153.63
153.63
153.63
153.63
153.63
153.63
153.63
153.63
153.63
153.63
153.63
153.63
153.63
153.63
153.63
153.63
153.63
153.63
153.63
153.63
153.63
153.63
153.63
153.63
153.63
153.63
153.63
153.63
153.63
153.63
153.63
153.63
153.63
153.63
153.63
153.63
153.63
153.63
153.63
153.63
153.63
153.63
153.63
153.63
153.63
153.63
153.63
153.63
153.63
153.63
153.63
153.63
153.63
153.63
153.63
153.63
153.63
153.63
153.63
153.63
153.63
153.63
153.63
153.63
153.63
153.63
153.63
153.63
153.63
153.63
153.63
153.63
153.63
153.63
153.63
153.63
153.63
153.63
153.63
153.63
153.63
153.63
153.63
153.63
153.63
153.63
153.63
153.63
153.63
153.63
153.63
153.63
153.63
153.63
153.63
153.63
153.63
153.63
153.63
153.63
153.63
153.63
153.63
153.63
153.63
153.63
153.63
153.63
153.63
153.63
153.63
153.63
153.63
153.63
153.63
153.63
153.63
153.63
153.63
153.63
153.63
153.63
153.63
153.63
153.63
153.63
153.63
153.63
153.63
153.63
153.63
153.63
153.63
153.63
153.63
153.63
153.63
153.63
153.63
153.63
153.63
153.63
153.63
153.63
153.63
153.63
153.63
153.63
153.63
153.63
153.63
153.63
153.63
153.63
153.63
153.63
153.63
153.63
153.63
153.63
153.63
153.63
153.63
153.63
153.63
153.63
153.63
153.63
153.63
153.63
153.63
153.63
153.63
153.63
153.63
153.63
153.63
153.63
153.63
153.63
153.63
153.63
153.63
153.63
153.63
153.63
153.63
153.63
153.63
153.63
153.63
153.63
153.63
153.63
153.63
153.63
153.63
153.63
153.63
153.63
153.63
153.63
153.63
153.63
153.63
153.63
153.63
153.63
153.63
153.63
153.63
153.63
153.63
153.63
153.63
153.63
153.63
153.63
153.63
153.63
153.63
153.63
153.63
153.63
