-1.0842
-1.0793
-1.0885
-1.0536
-1.0843
-1.0813
-1.087
-1.0819
-1.082
-1.0734
-1.0825
-1.0772
-1.0684
-1.084
-1.0849
-1.0803
-1.056
-1.0814
-1.0733
-1.0757
-1.0927
-1.0795
-1.0908
-1.0766
-1.089
-1.0547
-1.0679
-1.0875
-1.0549
-1.0642
-1.0884
-1.0813
-1.0593
-1.0854
-1.0823
-1.0732
-1.08
-1.0812
-1.0617
-1.0832
-1.089
-1.0556
-1.0708
-1.0657
-1.0612
-1.0837
-1.0894
-1.0827
-1.0741
-1.087
-1.0867
-1.0503
-1.0814
-1.0866
-1.0791
-1.084
-1.0817
-1.0863
-1.0534
-1.0825
-1.0805
-1.0727
-1.0854
-1.0762
-1.068
-1.0687
-1.084
-1.051
-1.0766
-1.0794
-1.0585
-1.0559
-1.0897
-1.0852
-1.0546
-1.0849
-1.0827
-1.0688
-1.0756
-1.087
-1.0807
-1.0706
-1.0861
-1.0846
-1.0685
-1.0814
-1.0777
-1.0525
-1.0825
-1.0861
-1.0708
-1.0754
-1.0839
-1.0516
-1.0859
-1.0849
-1.0892
-1.0865
-1.0858
-1.0849
-1.0761
-1.0812
-1.0847
-1.0748
-1.0886
-1.0861
-1.059
-1.0883
-1.0944
-1.0552
-1.0702
-1.0854
-1.0772
-1.0793
-1.0874
-1.0869
-1.0613
-1.0771
-1.0759
-1.0689
-1.0836
-1.0739
-1.0911
-1.0875
-1.0837
-1.0887
-1.0925
-1.0854
-1.0912
-1.086
-1.0887
-1.081
-1.06
-1.082
-1.089
-1.0879
-1.0873
-1.0889
-1.0553
-1.0759
-1.0734
-1.0543
-1.088
-1.0827
-1.0849
-1.0699
-1.0921
-1.0881
-1.0625
-1.0885
-1.0911
-1.0672
-1.0567
-1.0838
-1.0702
-1.0876
-1.0869
-1.0885
-1.0551
-1.0887
-1.0877
-1.0466
-1.0863
-1.0861
-1.0751
-1.0847
-1.0806
-1.0734
-1.0856
-1.0864
-1.081
-1.0568
-1.0904
-1.0698
-1.0724
-1.0865
-1.0844
-1.0532
-1.0812
-1.0853
-1.0755
-1.0789
-1.0852
-1.0729
-1.0548
-1.0833
-1.0654
-1.0742
-1.0862
-1.0904
-1.0856
-1.055
-1.0876
-1.0673
-1.0833
-1.0826
-1.0569
-1.0812
-1.0902
-1.077
-1.0888
-1.0909
-1.0567
-1.0841
-1.0899
-1.0864
-1.0567
-1.0704
-1.0816
-1.0873
-1.0879
-1.0869
-1.0845
-1.0661
-1.0844
-1.0797
-1.067
-1.0873
-1.083
-1.0528
-1.0701
-1.0885
-1.0805
-1.0885
-1.0908
-1.0739
-1.0913
-1.088
-1.0552
-1.0809
-1.0832
-1.061
-1.0853
-1.0857
-1.088
-1.0856
-1.0856
-1.0914
-1.0783
-1.0702
-1.0879
-1.09
-1.0803
-1.0824
-1.0558
-1.0808
-1.0876
-1.073
-1.0882
-1.088
-1.0899
-1.0713
-1.0914
-1.054
-1.0903
-1.0878
-1.0838
-1.0544
-1.0816
-1.0882
-1.051
-1.0506
-1.0861
-1.0861
-1.0659
-1.084
-1.0812
-1.0545
-1.0852
-1.0867
-1.0734
-1.0862
-1.0862
-1.053
-1.0867
-1.076
-1.0724
-1.0723
-1.0873
-1.0864
-1.0558
-1.0883
-1.082
-1.0743
-1.0879
-1.0893
-1.0559
-1.0798
-1.0789
-1.0468
-1.0854
-1.0855
-1.0886
-1.0765
-1.0864
-1.0508
-1.0678
-1.0881
-1.0701
-1.08
-1.0815
-1.0862
-1.0678
-1.0894
-1.0812
-1.0763
-1.0892
-1.0799
-1.0859
-1.0562
-1.0862
-1.0705
-1.0754
-1.0866
-1.0841
-1.0512
-1.0913
-1.0873
-1.0736
-1.0722
-1.0866
-1.0525
-1.086
-1.0873
-1.0855
-1.0572
-1.0815
-1.074
-1.0859
-1.0862
-1.0581
-1.0597
-1.0869
-1.0484
-1.0563
-1.0854
-1.0887
-1.0595
-1.0715
-1.0862
-1.0556
-1.0846
-1.0635
-1.0912
-1.086
-1.0874
-1.088
-1.0715
-1.0773
-1.0851
-1.0847
-1.0825
-1.0652
-1.068
-1.0787
-1.0597
-1.0812
-1.0856
-1.0852
-1.0858
-1.0751
-1.0463
-1.0751
-1.0859
-1.0696
-1.0635
-1.066
-1.0532
-1.0812
-1.0816
-1.0468
-1.0506
-1.0773
-1.0608
-1.0522
-1.0895
-1.0785
-1.0661
-1.0855
-1.0816
-1.0553
-1.0768
-1.0465
-1.0851
-1.0782
-1.0647
-1.0854
-1.0843
-1.0825
-1.0709
-1.0832
-1.0806
-1.0527
-1.0886
-1.0774
-1.0652
-1.0701
-1.0775
-1.0624
-1.0829
-1.0828
-1.0553
-1.0848
-1.0847
-1.0768
-1.0509
-1.0834
-1.0897
-1.0549
-1.0858
-1.0694
-1.0763
-1.0853
-1.0857
-1.0851
-1.0693
-1.0817
-1.0667
-1.0566
-1.0715
-1.0759
-1.0531
-1.0808
-1.0891
-1.0854
-1.0773
-1.0918
-1.0907
-1.1032
-1.1044
-1.1148
-1.0846
-1.104
-1.1364
-1.1258
-1.1591
-1.1285
-1.1143
-1.1198
-1.119
-1.0639
-1.2552
-1.3295
-1.3466
-1.2367
-1.0372
-1.1539
-1.2069
-1.2096
-1.1662
-1.0968
-1.0302
-0.92597
-0.81688
-0.55192
-0.45878
-0.39328
-0.17692
-0.23103
-0.1751
-0.22673
-0.016111
-0.0052553
0.0096547
0.0066982
0.019141
0.0087213
0.016324
0.022164
0.015176
0.011682
0.0020726
0.02175
0.0011384
0.024072
0.0078703
0.015087
0.013445
-0.66609
-1.6494
-2.1326
-2.7461
-2.229
-1.6741
-1.5895
-1.436
-1.8618
-2.2122
-1.9727
-1.8657
-1.1477
-0.50788
-0.22115
-0.066669
-0.0026442
0.0027235
0.010762
0.039495
0.036555
0.048453
0.018941
-0.063296
-0.29371
-0.83153
-1.4685
-1.2661
-1.5269
-1.5736
-2.0741
-2.6678
-3.0095
-3.1866
-2.9485
-2.7669
-2.7326
-2.5728
-2.4076
-1.4917
-0.497
-0.18616
-0.086068
-0.01699
-0.019768
-0.084503
-1.3374
-1.5059
-1.6612
-1.6667
-1.579
-1.453
-1.5135
-1.6434
-1.8464
-1.3134
-1.3559
-1.0655
-0.99547
-0.79438
-0.89224
-0.36869
-0.12389
0.0038116
-0.026772
0.037827
0.02425
0.018044
0.022616
0.031007
0.021196
0.016108
-0.65135
-2.2916
-2.7476
-2.7888
-2.1956
-1.7643
-1.4676
-1.7889
-2.2449
-1.7062
-1.0203
-0.61513
-0.40742
-0.27298
-0.18802
-0.22198
-0.093401
-0.085137
-0.092708
-0.17928
-0.50874
-1.0172
-2.3557
-4.1279
-5.0924
-5.2363
-4.6507
-3.5807
-2.7763
-2.0804
-1.7562
-2.1545
-2.9647
-3.3926
-3.4636
-2.3448
-1.6905
-1.1733
-1.5348
-1.5427
-0.71805
-0.19229
0.074739
0.096708
0.14569
-0.035526
-0.17619
-0.21522
-0.21502
-0.060987
0.0099425
-0.1495
-0.17441
-0.3856
-0.42669
-0.15252
-0.12159
0.0095165
0.062558
0.0026609
0.074314
0.011201
0.018238
0.00097222
0.0079819
0.00065299
0.012383
0.027865
0.023855
0.024528
0.023717
0.021414
0.01358
0.014254
0.021466
0.0081324
0.010307
-0.15247
-0.60779
-1.6191
-1.2033
-0.86143
-0.71813
-1.1686
-0.53606
-0.43821
-0.34547
-0.33184
-0.16722
-0.20074
-0.22997
-0.22022
-0.2333
-0.22972
-0.2951
-0.60922
-1.7381
-3.1898
-3.7074
-3.7442
-3.273
-2.9039
-1.9385
-1.4311
-1.2289
-1.5231
-2.3051
-2.8289
-2.8889
-2.8448
-2.807
-2.3175
-2.0701
-2.0898
-1.7861
-1.5479
-0.50989
-0.36623
-0.13446
-0.067248
0.023341
-0.18678
-0.22815
-0.31019
-0.39348
-0.54393
-0.70913
-0.7337
-0.78172
-1.1066
-1.136
-0.46644
-0.35698
-0.30428
-0.34876
-0.14557
-0.16261
0.010443
0.0072136
0.00078303
0.0037678
0.013893
0.0048658
0.016938
0.016306
0.020627
0.014583
0.017491
-0.12953
-1.2838
-2.5909
-2.3371
-2.1564
-1.7144
-1.4233
-2.3449
-2.4499
-1.6298
-1.2379
-0.19814
-0.25691
-0.24189
-0.20407
-0.1636
-0.10172
-0.11632
-0.1743
-0.20303
-0.825
-2.2595
-3.7985
-4.1025
-4.0259
-2.8867
-2.0653
-1.5345
-1.1737
-2.5909
-2.2939
-1.6072
-1.3004
-1.2588
-1.1741
-1.1698
-0.29082
-0.22246
-0.029189
0.08036
0.12997
-0.015718
-0.054449
-0.24771
-0.39554
-0.65503
-0.62076
-0.47527
-0.46477
-0.84489
-1.0393
-0.43904
-0.47974
-0.27846
-0.28742
-0.11957
-0.076608
0.010788
0.0013881
0.001958
0.0075801
0.01884
0.010662
0.024403
0.025244
0.014239
0.0094338
0.011809
0.017489
-0.93669
-1.7575
-2.4046
-1.9472
-1.6746
-1.3829
-1.9668
-2.5404
-1.7464
-1.2503
-0.92893
-0.51864
-0.25354
-0.27316
-0.24881
-0.17282
-0.2045
-0.28007
-0.49375
-1.5585
-3.3149
-3.9308
-4.1664
-3.9616
-3.406
-2.5957
-1.817
-1.0465
-0.82079
-1.2411
-2.0869
-1.0803
-0.55154
-0.6216
-1.1785
-0.58531
-0.28012
-0.090297
0.088937
0.18601
-0.018759
-0.11719
-0.24687
-0.43309
-0.67017
-0.72061
-0.72978
-0.75079
-0.95065
-0.94881
-0.16446
-0.27692
-0.3796
-0.26172
-0.18521
0.014299
0.0015946
-0.041257
0.041145
0.014112
0.0029256
0.017716
0.022325
0.022487
0.023383
0.014623
0.020751
0.021594
0.019338
-2.0554
-2.2537
-2.0289
-1.5255
-1.442
-1.9873
-2.4654
-1.857
-1.4015
-1.0961
-0.72159
-0.36521
-0.29794
-0.23523
-0.22665
-0.32554
-0.36902
-0.36224
-0.28996
-0.2105
-4.2637
-4.4182
-3.8053
-3.0531
-2.4211
-1.9429
-1.2238
-0.98846
-1.5499
-2.0294
-2.2911
-2.4149
-2.5017
-1.8335
-0.97974
-0.61523
-0.74501
-1.5232
-0.89873
-0.45811
-0.23089
0.083226
0.21054
-0.043793
-0.032969
-0.17301
-0.37782
-0.51251
-0.57988
-0.70746
-0.62383
-0.67763
-0.72985
-0.76579
-0.78929
-0.88093
-1.0141
-0.54092
-0.76188
-0.58383
-0.32819
-0.089263
0.011049
0.052642
0.0008847
0.0034485
0.0096834
0.0029998
0.010919
0.013066
0.02367
0.019987
0.020514
0.013978
0.022424
0.02623
0.018351
0.0054564
0.015296
-1.0305
-2.2413
-2.1809
-2.0694
-1.7297
-1.493
-1.9652
-2.4125
-1.9549
-1.403
-1.1272
-0.69881
-0.38416
-0.22274
-0.17819
-0.22407
-0.25756
-0.28472
-0.33388
-0.2871
-0.2664
-0.29234
-0.5274
-1.6077
-3.4479
-3.8855
-4.0091
-3.5481
-3.0992
-2.1899
-1.5325
-1.186
-1.0177
-1.3776
-2.1446
-2.3538
-2.6214
-2.5937
-1.9164
-1.121
-0.96459
-0.86305
-1.3219
-0.88968
-0.5377
-0.25487
-0.027613
0.12296
-0.0043442
-0.16451
-0.2968
-0.50994
-0.67866
-0.6733
-0.88446
-0.90869
-0.93827
-0.97298
-0.40863
-0.55176
-0.31097
-0.24673
-0.076373
0.014816
0.03192
0.0007396
0.0031217
0.013824
0.010693
-0.0099356
0.017255
0.015676
0.026032
0.016126
0.019247
0.010904
-1.3412
-1.8346
-2.1456
-2.0078
-1.7745
-1.5583
-2.3103
-2.3156
-1.5789
-1.1333
-0.86868
-0.18528
-0.2196
-0.24589
-0.24997
-0.21347
-0.18377
-0.23866
-0.44627
-1.7379
-3.3286
-3.724
-3.602
-3.1005
-2.5547
-1.848
-1.4017
-0.92402
-0.87713
-1.5876
-2.0194
-1.4983
-1.1777
-1.1797
-1.352
-1.037
-0.51594
-0.18916
-0.064044
0.10445
-0.15989
-0.23599
-0.30324
-0.44631
-0.66085
-0.86508
-0.81336
-0.9273
-1.0266
-1.1116
-0.35812
-0.46
-0.36628
-0.27421
-0.074137
0.010658
0.025876
0.00016849
0.0032237
0.0047614
0.0086298
0.014448
0.020366
0.018419
0.01628
0.018819
0.013128
-0.1383
-0.80086
-1.9743
-2.5789
-2.2654
-1.8886
-1.697
-2.2334
-2.7027
-1.9233
-0.11318
-0.12273
-0.18515
-0.17958
-0.20893
-0.18525
-0.13373
-0.14901
-0.2043
-0.28189
-1.34
-2.953
-3.3808
-3.3711
-2.8729
-2.1393
-0.4498
-1.2263
-2.1187
-2.1857
-2.1666
-2.0169
-1.6357
-1.6505
-1.4887
-1.1235
-1.1982
-0.89608
-0.2376
-0.14394
-0.050558
0.098308
-0.11264
-0.2574
-0.4207
-1.0542
-1.0349
-1.0037
-1.1613
-1.2263
-1.3412
-1.498
-0.84889
-0.77373
-0.61451
-0.37254
-0.12768
0.007368
-0.0003713
0.002483
0.006513
0.020407
0.019646
0.016226
0.014794
0.020036
0.011167
0.016184
0.014391
0.018201
0.0093389
-0.73053
-1.7582
-1.9786
-1.9279
-1.6408
-1.2533
-1.8986
-2.3395
-0.60225
-0.27679
-0.13071
-0.14112
-0.20828
-0.23154
-0.26974
-0.28767
-0.24287
-0.2255
-0.32727
-0.75602
-2.3448
-3.2042
-3.5365
-3.1001
-2.5207
-1.8728
-1.2401
-2.0202
-2.2527
-2.4215
-2.0526
-1.9176
-1.654
-1.3715
-1.2892
-1.4038
-0.68946
-0.41143
-0.12987
-0.052006
0.06061
-0.10486
-0.24233
-0.35739
-0.8354
-0.9673
-0.83656
-1.1409
-1.2232
-1.2362
-1.3143
-1.3332
-0.69415
-0.61918
-0.46621
-0.46341
-0.1985
-0.043146
-0.00098999
-0.0003669
0.022914
0.024509
0.019518
0.0045016
0.017249
0.0093438
0.0096662
-0.0093758
0.01539
0.0032584
-1.1218
-1.9987
-2.1188
-1.8366
-1.839
-1.6021
-2.1773
-2.3108
-0.23658
-0.12234
-0.10889
-0.13099
-0.15826
-0.15412
-0.1722
-0.16186
-0.19125
-0.18828
-0.3119
-1.3951
-2.7039
-3.2013
-3.0755
-2.2716
-1.6074
-1.0666
-0.59402
-0.43157
-2.1392
-2.1098
-2.2267
-2.0622
-1.6886
-1.681
-1.4558
-1.5893
-0.77086
-0.28779
-0.11853
-0.051719
0.018988
-0.29329
-0.27674
-0.39968
-0.618
-0.85362
-1.0183
-1.0414
-0.96913
-1.0574
-1.0306
-1.1629
-1.1228
-1.3498
-1.5107
-0.64877
-0.73986
-0.48685
-0.41614
-0.18005
-0.00051998
0.003845
0.017658
0.0032964
0.014994
0.016713
0.0156
0.010298
0.0045897
0.0084743
0.00048217
0.01653
0.0087791
0.010776
-0.64956
-1.8069
-1.9909
-1.8244
-1.4508
-1.2985
-1.8016
-2.1949
-1.3396
-0.9671
-0.76709
-0.43291
-0.27579
-0.11035
-0.078717
-0.1026
-0.18509
-0.22715
-0.23755
-0.22446
-0.23882
-0.24898
-0.67039
-1.8172
-2.873
-3.2857
-3.2016
-2.5025
-1.7653
-1.2003
-0.70204
-0.53756
-0.64391
-1.348
-1.8185
-2.1984
-2.3936
-1.9847
-1.8535
-1.6722
-1.2942
-1.0917
-1.4246
-0.91641
-0.435
-0.19996
-0.037063
0.044143
-0.17414
-0.20533
-0.29774
-0.39848
-0.63787
-0.78501
-0.82759
-0.86675
-0.98142
-1.0723
-1.1571
-1.1478
-1.1884
-1.2894
-0.42508
-0.41063
-0.34171
-0.2551
-0.13816
0.020576
0.033453
-0.0021449
0.0010536
0.0082573
0.018433
0.013203
0.018481
0.020874
0.019211
0.017558
0.022972
0.020485
0.018669
0.012994
0.0095399
0.011588
-0.72671
-1.3162
-2.0697
-1.6849
-1.465
-1.4771
-1.7149
-1.7768
-1.4274
-1.1106
-0.77495
-0.55675
-0.34075
-0.21759
-0.12786
-0.16592
-0.16498
-0.16975
-0.2087
-0.2342
-0.26012
-0.33854
-1.1519
-1.967
-2.7831
-3.3246
-3.4923
-3.568
-3.2828
-2.8532
-1.9769
-1.338
-1.2078
-1.6429
-2.1479
-2.0753
-1.8809
-0.80171
-0.17339
0.21712
0.32702
0.19922
0.05021
0.0063748
0.13442
0.15326
0.24022
0.33908
0.14134
-0.28769
0.051734
-0.2979
-0.21155
-0.44075
-0.57378
-0.88303
-1.4556
-1.8366
-1.9597
-2.1033
-2.2987
-2.4166
-1.8653
-1.0071
-0.50644
-0.60978
-0.39969
-0.14413
-0.0017421
0.0058704
-0.0040083
-0.0055474
0.0042242
0.0025692
0.0065653
0.0064376
0.01537
0.018615
0.025957
0.023372
0.022174
0.021318
0.0074358
-0.090049
-0.56379
-1.0355
-1.6969
-1.2202
-0.65827
-0.63684
-0.88535
-0.72357
-0.51084
-0.37935
-0.23654
0.0010388
0.080073
0.072093
0.045142
0.014718
0.028686
0.028693
0.063616
0.067845
0.11179
0.096494
0.10594
0.17487
-0.38776
-0.73333
-0.97412
-1.0052
-0.93239
-0.64062
-0.60573
-0.8257
-1.0704
-1.3233
-1.2905
-1.2665
-1.0458
-0.82318
-0.45645
-0.26197
-0.11073
-0.47048
-0.11056
0.18454
0.026691
0.079614
0.18926
0.20746
-0.3269
-0.60647
-0.5138
-0.7305
-0.84048
-1.0395
-1.4672
-1.8481
-2.0565
-2.3345
-2.4661
-2.6008
-2.7007
-2.751
-2.3993
-1.8141
-1.4379
-1.0102
-0.5962
-0.20207
-0.032062
0.00057678
-0.0040963
0.0031242
0.0093685
0.011754
0.016233
0.02477
0.018869
0.022214
0.014178
0.025282
0.021288
0.013559
0.0031922
0.016904
0.0072433
-0.16225
-0.28371
-0.30448
-0.24784
-0.082937
-0.050587
-0.062341
-0.016417
0.046115
0.098723
0.14246
0.16658
0.15133
0.14104
0.14195
0.080886
0.1596
0.11943
0.15631
0.18899
0.23838
0.50357
0.59125
0.419
-0.10185
-0.39361
-0.45857
-0.30509
-0.5912
-0.9634
-1.1303
-1.4626
-1.5036
-1.4977
-1.4988
-1.3168
-1.1299
-0.77438
-0.66184
-0.83599
-0.8981
-1.0095
-0.58294
-0.1557
0.0025954
0.059319
0.10171
0.014482
-0.39049
-0.50419
-1.2618
-1.7081
-2.201
-2.6555
-2.9974
-2.7663
-2.5422
-2.9879
-3.2666
-3.4694
-3.3451
-2.3096
-1.7634
-1.3009
-1.0588
-0.45904
-0.15931
0.024889
-0.0042847
-0.0071647
0.0063614
0.0062547
0.0069068
0.012045
0.010983
0.015855
0.017284
0.0094781
0.02298
0.011305
0.010921
0.0069367
0.021258
0.014258
0.073234
0.19313
0.15513
0.18701
0.22629
0.25032
0.21562
0.23778
0.24859
0.28332
0.24263
0.19242
0.15046
0.13355
0.12843
0.16641
0.19005
0.2124
0.26002
0.30714
0.42547
0.76534
0.98616
0.52545
0.1937
-0.12647
-0.28216
-0.37268
-0.88144
-1.1842
-1.3287
-1.4067
-1.6359
-1.672
-1.3885
-1.1224
-1.0324
-0.99677
-1.0373
-1.1163
-1.4105
-1.7372
-1.0442
-0.52979
-0.096221
-0.025803
-0.0081931
-0.094571
-0.19857
-0.16376
-1.0001
-1.4347
-2.1319
-2.9787
-3.2058
-3.1336
-3.1815
-3.1898
-3.326
-3.3255
-3.2446
-2.3086
-1.7836
-1.4036
-0.77068
-0.35805
-0.089463
0.019541
-0.0010388
0.007126
0.0076015
0.010459
0.0098069
0.016198
0.0221
0.021369
0.024478
0.022917
0.023947
0.027062
0.0208
0.010595
0.015155
0.12338
0.19197
0.27853
0.38964
0.33524
0.40844
0.40118
0.37607
0.31194
0.33021
0.33035
0.29736
0.28577
0.26441
0.24205
0.18103
0.1757
0.22559
0.24365
0.29986
0.32138
0.45098
0.64686
0.9351
1.3623
0.97267
0.29568
-0.12996
-0.29342
-0.8399
-1.0331
-1.3102
-1.3811
-1.6363
-2.0457
-2.1987
-2.0801
-1.7934
-1.5984
-1.5714
-1.3829
-1.4533
-1.7697
-1.8886
-1.2996
-0.10242
0.061748
-0.1161
-0.31448
-0.6621
-0.68688
-1.3117
-1.7591
-2.4385
-3.117
-3.4378
-3.4261
-3.2644
-3.1779
-3.1097
-2.9711
-2.9826
-1.6633
-1.0281
-0.77816
-0.31549
-0.18911
-0.0063064
-0.0050361
0.004944
0.0095586
0.012526
0.017712
0.019718
0.016595
0.021775
0.025919
0.027943
0.025718
0.028437
0.031891
0.021688
0.019321
0.0098055
0.30498
0.20331
0.21651
0.28162
0.42724
0.47059
0.43838
0.4543
0.43472
0.49124
0.4546
0.49938
0.44862
0.41549
0.41807
0.38361
0.37167
0.36308
0.46475
0.33642
0.4233
0.5205
0.71074
0.92993
1.1401
1.3714
1.1547
0.23865
-0.13061
-0.44473
-1.0012
-1.197
-1.2948
-1.621
-1.7185
-1.8175
-1.8075
-1.6025
-1.4303
-1.3523
-1.5349
-1.5413
-1.2753
-1.2821
-0.20704
0.17747
0.14357
-0.077867
-0.18884
-0.51476
-0.36758
-1.2809
-2.0637
-2.4823
-3.4094
-3.7046
-3.6925
-3.3149
-3.1726
-3.2001
-3.2405
-3.2333
-2.2865
-1.7222
-1.0077
-0.70417
-0.20696
-0.064182
-0.001746
-0.0037471
0.010764
0.013217
0.017571
0.02165
0.022696
0.026078
0.027084
0.02657
0.027467
0.025836
0.026535
0.026673
0.018969
0.0063365
0.24907
0.30565
0.15163
0.28324
0.36463
0.38059
0.43632
0.52537
0.56028
0.50812
0.46133
0.45024
0.35579
0.35862
0.35513
0.26739
0.25482
0.29592
0.33249
0.28096
0.39453
0.51861
0.68754
0.89241
1.0821
1.0626
0.27598
-0.10079
-0.33655
-0.69665
-0.92342
-1.1365
-1.1029
-1.4388
-1.7494
-1.963
-1.9275
-1.8248
-1.6533
-1.576
-1.2399
-1.383
-1.4043
-1.4751
-0.74171
0.039173
0.03741
-0.25753
-0.23052
-0.30182
-0.10512
-0.98269
-1.6357
-2.1921
-2.8663
-3.1738
-3.1392
-3.0655
-2.8606
-2.8209
-3.027
-2.9361
-1.7051
-1.0301
-0.64384
-0.43152
-0.23108
-0.0061978
-0.0023471
-0.011
0.0059703
0.0054989
0.0012021
0.011261
0.0080565
0.0088769
0.016385
0.010989
0.018425
0.020842
0.020829
0.017896
0.012913
0.0094285
0.21035
0.23487
0.16675
0.1976
0.23039
0.31878
0.39488
0.42388
0.42276
0.45539
0.53653
0.49111
0.43653
0.30006
0.30066
0.3163
0.28823
0.31249
0.30616
0.36398
0.39735
0.49994
0.73149
0.94823
0.69967
0.10375
-0.15929
-0.29421
-0.50412
-1.0075
-1.211
-1.4045
-1.4142
-1.4097
-1.7094
-1.6736
-1.5259
-1.5022
-1.3483
-1.3191
-1.4368
-1.5572
-1.6425
-1.5768
-0.98127
-0.33673
-0.010045
-0.06557
-0.12911
-0.22714
-0.078873
-0.73742
-1.3859
-1.9353
-2.7193
-3.1241
-3.1069
-2.9117
-2.8177
-2.7263
-2.8072
-2.6719
-1.8665
-1.1777
-0.89843
-0.39595
-0.20636
-0.025945
-0.011456
0.0040935
0.01587
0.012663
0.014227
0.016913
0.019602
0.014532
0.016072
0.016499
0.015388
0.016455
0.010645
0.017588
0.017855
0.0051586
0.19597
0.24461
0.159
0.13689
0.24271
0.35599
0.40747
0.43211
0.41192
0.46203
0.50053
0.44055
0.35147
0.33013
0.22125
0.21858
0.24511
0.25689
0.29314
0.30383
0.38578
0.5974
0.80215
0.83537
0.71623
0.47336
0.44519
0.44059
-0.095637
-0.48444
-1.0847
-1.5662
-1.6407
-1.8848
-1.8765
-1.9593
-1.9427
-2.0539
-2.262
-2.1969
-2.3447
-2.2993
-1.6687
-1.0195
-0.25787
0.0008271
-0.017466
0.051986
0.0036715
-0.17491
-0.19204
-0.29576
-0.58642
-1.0325
-1.8235
-2.3467
-2.4511
-2.407
-2.3628
-2.4837
-2.6845
-2.7052
-2.7718
-2.9151
-2.9523
-2.9574
-2.9121
-2.8921
-2.9096
-2.9086
-2.955
-2.9785
-2.692
-2.2162
-1.4914
-0.91944
-0.80711
-0.76714
-0.54336
-0.39127
-0.19707
-0.18309
-0.16123
-0.17003
-0.20727
-0.24274
-0.28398
-0.31598
-0.43016
-0.60812
-0.81242
-0.97798
-1.1862
-1.3098
-1.4459
-1.5122
-1.5929
-1.6709
-1.696
-1.6893
-1.6639
-1.5249
-1.3274
-1.2223
-1.0836
-0.99157
-0.86331
-0.81595
-0.75753
-0.65983
-0.63511
-0.64291
-0.67062
-0.73045
-0.7158
-0.72397
-0.82182
-0.86703
-0.88977
-0.96987
-0.99169
-0.96826
-1.0501
-1.1132
-1.1098
-1.1188
-1.1725
-1.2292
-1.2203
-1.189
-1.1536
-1.1573
-1.1764
-1.1084
-1.094
-1.0744
-1.0676
-1.0275
-1.029
-1.0521
-1.0599
-1.0509
-1.0279
-1.0201
-1.0551
-1.0008
-0.96943
-0.99645
-1.0667
-1.0608
-1.0527
-1.0738
-1.0879
-1.0334
-1.0426
-1.0406
-1.044
-1.007
-1.0127
-1.0225
-1.095
-1.1122
-1.07
-1.0712
-1.112
-1.0598
-1.054
-1.0883
-1.0913
-1.1098
-1.0917
-1.082
-1.0779
-1.0956
-1.1234
-1.0988
-1.3805
-1.3018
-1.2246
-1.2394
-1.1973
-1.1631
-1.1156
-1.1163
-1.112
-1.0525
-1.034
-1.0312
-1.0305
-1.0636
-1.0873
-1.1004
-1.1423
-1.1677
-1.1807
-1.1532
-1.2156
-1.2037
-1.1947
-1.2179
-1.1874
-1.2057
-1.1937
-1.178
-1.1742
-1.1202
-1.1412
-1.1345
-1.1503
-1.1176
-1.1519
-1.1615
-1.1589
-1.1955
-1.192
-1.2004
-1.2001
-1.1824
-1.1958
-1.1971
-1.2065
-1.1879
-1.2151
-1.2135
-1.2692
-1.4731
-1.4608
-1.4552
-1.4646
-1.3893
-1.3708
-1.3429
-1.3482
-1.3433
-1.3014
-1.3035
-1.3661
-1.3698
-1.3858
-1.3844
-1.3388
-1.3142
-1.33
-1.2864
-1.3156
-1.3167
-1.3169
-1.2733
-1.3004
-1.3121
-1.3119
-1.2838
-1.3248
-1.3384
-1.3182
-1.3711
-1.3872
-1.3692
-1.3889
-1.3936
-1.391
-1.4028
-1.4099
-1.4063
-1.4372
-1.4178
-1.4366
-1.4168
-1.3723
-1.3624
-1.3746
-1.4087
-1.3914
-1.3975
-1.3923
-1.3801
-1.4123
-1.3968
-1.4089
-1.3803
-1.4123
-1.4065
-1.4047
-1.4052
-1.3699
-1.3738
-1.4145
-1.4003
-1.4287
-1.4293
-1.4104
-1.4298
-1.401
-1.4217
-1.4426
-1.4352
-1.4275
-1.3964
-1.4194
-1.4253
-1.3884
-1.4213
-1.409
-1.3763
-1.4032
-1.4133
-1.4199
-1.4212
-1.4189
-1.4202
-1.4336
-1.4193
-1.3967
-1.4414
-1.452
-1.4409
-1.4391
-1.4543
-1.4711
-1.4378
-1.4701
-1.4418
-1.4886
-1.4957
-1.5032
-1.4639
-1.5034
-1.5119
-1.5135
-1.5308
-1.5372
-1.5338
-1.536
-1.5183
-1.5383
-1.5317
-1.5384
-1.5114
-1.5456
-1.5467
-1.5418
-1.5218
-1.5516
-1.5571
-1.549
-1.5534
-1.5642
-1.5272
-1.5666
-1.5701
-1.5694
-1.5554
-1.5701
-1.5733
-1.5828
-1.5851
-1.5783
-1.545
-1.5854
-1.5846
-1.5489
-1.5408
-1.5791
-1.5801
-1.5652
-1.5397
-1.5431
-1.5788
-1.5793
-1.5349
-1.5877
-1.5808
-1.5895
-1.5871
-1.5939
-1.5974
-1.5875
-1.5758
-1.5866
-1.5463
-1.5683
-1.5083
-1.5285
-1.511
-1.509
-1.4912
-1.5021
-1.6785
-1.5973
-1.5403
-1.4109
-1.1531
-1.074
-0.92279
-0.85864
-0.75765
-0.74569
-0.77386
-0.75905
-1.1101
-1.1411
-1.2517
-1.2131
-1.1515
-1.1427
-1.1204
-1.3295
-1.6106
-1.9135
-2.1105
-2.3948
-2.9203
-3.0454
-3.1364
-3.0219
-3.1909
-3.0879
-2.8658
-2.7818
-2.6599
-2.8016
-2.9489
-3.3186
-3.369
-3.4085
-3.4406
-3.4629
-3.0093
-1.99
-1.5238
-0.46254
-0.067657
-0.061731
-0.085244
-0.12343
-0.10312
-0.02627
-0.048486
-0.11158
-1.5399
-1.6679
-1.75
-1.8634
-1.8417
-0.62606
-0.45916
-0.291
-0.32566
-0.24132
-0.17277
0.0051614
0.0028054
-0.0049343
0.013907
0.0086795
0.020328
0.020746
0.022994
0.011262
0.0078504
0.0088391
-0.51977
-2.3029
-2.1638
-2.4468
-2.363
-2.0552
-1.9201
-1.8446
-1.9967
-1.704
-1.442
-0.79016
-0.49631
-0.3012
-0.242
-0.21559
-0.20758
-0.19132
-0.23621
-0.31657
-0.76896
-1.9931
-3.6699
-4.5592
-4.6789
-4.4472
-3.772
-3.125
-2.4469
-1.6784
-1.6967
-2.5446
-2.0952
-1.8731
-1.3394
-1.5393
-1.4524
-0.53695
0.0036591
0.13924
0.1755
0.058663
0.081001
-0.19282
-0.29902
-0.41131
-0.62816
-0.57552
-0.55603
-0.74982
-0.55031
-0.044781
-0.2207
0.049347
-0.013701
-0.019101
0.043843
0.0098412
0.002904
0.016361
0.017862
0.0045418
0.042875
0.033138
0.028832
0.017285
0.019437
0.021238
0.01564
0.014486
-0.49021
-0.79707
-0.77201
-0.60216
-0.48282
-0.71302
-1.0792
-0.90621
-0.86041
-0.74092
-0.74637
-0.69507
-0.4522
-0.4039
-0.36322
-0.37808
-0.41546
-0.43341
-0.43907
-0.48521
-0.69863
-1.4813
-2.8481
-3.5648
-3.9211
-4.0634
-3.8102
-3.3973
-2.4717
-2.0876
-1.8231
-1.9375
-2.1586
-2.4537
-2.6831
-2.3924
-2.2775
-1.9254
-1.4815
-1.4448
-1.5955
-1.4572
-1.1524
0.069269
-0.09822
-0.12638
-0.26154
-0.46195
-0.51636
-0.47858
-0.33093
-0.2919
-0.43238
-0.43244
-0.41588
-0.4957
-0.62735
-0.13192
-0.036477
-0.071822
-0.10967
0.0033692
0.020967
0.023328
0.036524
0.023296
0.030575
0.029618
0.022283
0.023999
0.028449
0.012319
0.015033
0.01562
-0.14208
-1.005
-2.0942
-1.8826
-2.0311
-1.5561
-1.1412
-0.81754
-0.53973
-0.43171
-0.42554
-0.42536
-0.36604
-0.28716
-0.29148
-0.23877
-0.19895
-0.20438
-0.24287
-0.41415
-1.1432
-2.4179
-3.9553
-4.4383
-4.394
-4.0765
-3.403
-2.417
-1.8729
-2.3852
-2.7126
-2.5395
-1.6913
-0.89805
-0.6716
-0.64419
-1.0764
-1.0186
-0.42977
-0.21034
-0.019935
0.086735
0.05496
-0.10649
-0.20336
-0.21072
-0.20189
-0.32452
-0.38089
-0.49219
-0.68213
-0.56746
-0.67483
-0.60925
-0.685
-0.66154
-0.077759
-0.19386
-0.12012
-0.17624
-0.084293
0.013698
0.043241
-0.012874
0.011043
0.010797
0.0091185
0.020497
0.025649
0.022147
0.025863
0.022511
0.027563
0.02748
0.020324
0.011767
0.010587
0.019025
-0.6362
-1.0158
-1.3918
-1.2458
-0.93048
-0.98356
-1.7812
-1.8019
-1.3506
-1.1017
-0.99316
-0.66957
-0.5309
-0.49401
-0.46865
-0.37681
-0.38383
-0.40055
-0.34694
-0.35713
-0.40381
-0.46981
-0.88245
-2.1615
-3.3852
-4.4158
-4.5134
-4.4779
-3.9666
-3.2947
-2.5026
-1.9466
-1.4989
-1.498
-1.8192
-2.3411
-2.5129
-2.5203
-2.0167
-1.4228
-0.95389
-0.68488
-0.76264
-0.62979
-0.46532
-0.15338
0.053612
0.20574
0.016445
-0.098624
-0.080957
-0.14556
-0.24132
-0.19023
-0.23198
-0.19221
-0.21822
-0.23164
-0.29163
-0.32814
-0.32019
-0.40075
-0.046134
-0.053603
-0.04391
-0.11823
-0.033825
0.020229
0.07977
0.0025299
0.0043571
-0.0029527
0.013793
0.030789
0.031234
0.02643
0.015191
0.0093286
0.020227
0.019329
0.015287
0.019002
0.0051606
0.011847
-0.4302
-1.2974
-1.1547
-0.9632
-1.2009
-0.90833
-1.6323
-1.9965
-1.522
-1.1857
-0.99871
-0.69485
-0.47844
-0.46231
-0.48976
-0.44558
-0.45757
-0.39453
-0.35412
-0.33889
-0.37212
-0.40575
-0.70607
-1.966
-3.3653
-4.329
-4.4832
-4.3963
-4.1231
-3.5428
-2.464
-1.804
-1.2952
-1.5616
-1.8983
-2.2794
-2.5104
-2.358
-2.0808
-1.5343
-0.98344
-0.66068
-0.85078
-0.66456
-0.4819
-0.11207
0.11525
0.22418
0.1715
-0.035054
-0.054243
-0.14563
-0.26187
-0.33932
-0.30523
-0.25923
-0.41359
-0.26765
-0.35136
-0.37281
-0.4375
-0.67726
-0.26235
-0.54235
-0.28156
-0.17522
-0.071079
0.024044
0.026195
-0.0023601
0.0040971
0.011349
0.0086885
0.028123
0.029347
0.024736
0.019355
0.013479
0.021483
0.018398
0.020631
0.0085539
-0.0023372
0.011043
-0.52811
-1.1545
-1.3611
-0.99301
-1.0109
-1.1482
-1.8283
-1.8803
-1.3094
-1.0274
-0.84191
-0.70836
-0.52072
-0.46927
-0.4633
-0.41668
-0.38658
-0.37195
-0.31766
-0.29105
-0.28111
-0.36023
-0.64947
-1.921
-3.2751
-4.4148
-4.5227
-4.3053
-3.7897
-3.1051
-2.4696
-1.8392
-1.4884
-1.6593
-2.036
-2.3622
-2.6262
-2.5178
-1.8941
-1.3155
-0.93421
-0.7688
-0.95009
-0.83869
-0.57827
-0.15802
0.068516
0.22472
0.19352
-0.030678
-0.017466
-0.10318
-0.16832
-0.26025
-0.3613
-0.24358
-0.33002
-0.35485
-0.35404
-0.39359
-0.087927
-0.13564
-0.049051
0.025076
0.093007
0.0015046
0.0077953
0.0070187
0.0077968
0.027082
0.03522
0.032148
0.022471
0.013228
0.019214
0.0192
0.018215
-1.3845
-1.3296
-1.484
-1.0663
-1.0349
-1.6274
-2.0494
-1.411
-1.0395
-0.88564
-0.60413
-0.51191
-0.35475
-0.31099
-0.31475
-0.33636
-0.34412
-0.35339
-0.34319
-0.34098
-0.37209
-0.70634
-1.7658
-3.3081
-4.1981
-2.2603
-1.731
-1.5427
-1.7006
-1.8986
-2.3237
-2.5843
-2.4492
-1.7683
-1.2611
-0.91514
-0.86256
-1.2073
-1.1351
-0.80482
-0.2499
0.0054487
0.16895
0.14493
0.034259
-0.085501
-0.27019
-0.60796
-0.6293
-0.73364
-0.70931
-0.5895
-0.67807
-0.25378
-0.33353
-0.29347
-0.279
-0.047865
0.015962
0.002435
0.0030042
0.0010471
0.0078795
0.021712
0.024389
0.02318
0.029029
0.027699
0.015114
0.01641
0.022593
0.012208
0.0071867
0.017391
0.0073288
-0.89679
-1.4233
-1.7017
-1.814
-1.3374
-1.0022
-0.89592
-0.58365
-0.45942
-0.36499
-0.34513
-0.30586
-0.30115
-0.30996
-0.32813
-0.27422
-0.29064
-0.35453
-0.6242
-1.7318
-3.0998
-4.2089
-4.3014
-4.0307
-3.5339
-2.8334
-2.6177
-1.8848
-1.3756
-1.6758
-2.2458
-2.5409
-2.6332
-2.4312
-1.892
-1.4873
-1.1881
-1.1017
-1.2222
-0.9642
0.039509
-0.10418
-0.19701
-0.21771
-0.40543
-0.33637
-0.35977
-0.34979
-0.16831
-0.25059
-0.40454
-0.34435
-0.38424
-0.50807
-0.1338
-0.11932
-0.052647
-0.11405
-0.07358
0.011881
0.078961
-0.015133
0.014466
0.013526
0.0098998
0.030699
0.03056
0.03305
0.029249
0.014924
0.0074028
0.022507
0.013572
0.0061326
0.010843
0.010896
-0.77852
-1.1
-1.923
-1.7626
-1.6303
-1.1983
-1.0288
-0.59015
-0.39488
-0.311
-0.28463
-0.33947
-0.35876
-0.37995
-0.36034
-0.28284
-0.32366
-0.43549
-0.92833
-2.1826
-3.4259
-4.3193
-4.307
-4.0433
-3.5443
-2.9488
-2.3136
-1.7409
-1.5051
-1.6262
-2.063
-2.3164
-2.5621
-2.4006
-1.9593
-1.5409
-1.2884
-1.015
-1.0303
-1.0831
-0.075873
-0.19802
-0.231
-0.3408
-0.40565
-0.3868
-0.38842
-0.21961
-0.3476
-0.33904
-0.58308
-0.53765
-0.49597
-0.63338
-0.12625
-0.28135
-0.1795
-0.13589
-0.055463
0.017774
0.054556
-0.014142
0.028381
0.018858
0.0048182
0.02676
0.030799
0.028478
0.022134
0.0087947
0.020684
0.017544
0.017659
0.010838
0.0096183
-1.6874
-1.4995
-1.1865
-1.7596
-1.9488
-1.8416
-1.2531
-1.1599
-0.74475
-0.34892
-0.33944
-0.25893
-0.32525
-0.33469
-0.31823
-0.32517
-0.25713
-0.2468
-0.36386
-0.66288
-1.7922
-3.375
-4.2435
-4.2689
-3.7902
-3.3742
-2.744
-2.0637
-1.494
-1.2987
-1.5577
-1.9872
-2.2726
-2.3348
-2.3371
-2.0031
-1.5731
-1.1503
-0.99216
-0.97539
-0.90223
-0.37501
-0.2468
0.0012667
-0.50412
-0.64713
-0.68989
-0.64167
-0.55379
-0.62279
-0.60715
-0.73298
-0.7098
-0.89203
-0.99249
-0.49002
-0.505
-0.23451
-0.29354
-0.076398
0.0090448
0.002268
-0.0023462
0.0035089
0.010596
0.0094816
0.014416
0.019801
0.024714
0.028619
0.013087
0.023114
0.02285
0.016195
0.015358
0.011794
0.013225
-0.39118
-1.2925
-1.5118
-1.6741
-1.5609
-1.2562
-1.7198
-2.1277
-1.6607
-1.344
-1.2017
-0.79252
-0.55473
-0.38174
-0.2626
-0.25139
-0.29476
-0.32014
-0.34399
-0.32339
-0.29001
-0.37753
-0.78333
-1.9319
-3.325
-4.09
-4.0779
-3.7403
-3.4491
-2.7593
-2.0715
-1.5681
-1.448
-1.6532
-2.0976
-2.4065
-2.6069
-2.5957
-2.128
-1.5088
-1.2056
-0.99486
-1.1361
-1.198
-0.39314
-0.2552
-0.044585
0.14221
-0.094823
-0.21568
-0.31847
-0.51494
-0.65214
-0.74105
-0.49022
-0.61414
-0.56257
-0.56152
-0.63228
-0.64665
-0.6531
-0.77018
-0.23997
-0.30437
-0.17282
-0.19677
-0.092104
0.0074091
0.0059962
-0.0014068
0.0020658
0.015229
0.0062037
0.022311
0.025444
0.029461
0.019869
0.012005
0.020313
0.020774
0.015626
0.0055541
0.011442
0.0081948
-0.37567
-1.1341
-1.6473
-1.4965
-1.1289
-0.95567
-1.9288
-1.9181
-1.4655
-1.0557
-0.77399
-0.4605
-0.36407
-0.34689
-0.29285
-0.30109
-0.28118
-0.24781
-0.25847
-0.24369
-0.26394
-0.34581
-0.86694
-2.0261
-3.4609
-4.0889
-4.3177
-3.905
-3.4994
-2.6376
-2.168
-1.5507
-1.3568
-1.6707
-2.222
-2.6087
-2.7299
-2.5838
-1.9037
-1.4209
-1.2109
-1.135
-1.37
-0.65677
-0.387
-0.13389
0.027717
0.12908
-0.012196
-0.097051
-0.057392
-0.20538
-0.32163
-0.40965
-0.41273
-0.42678
-0.40013
-0.49343
-0.50355
-0.49436
-0.56162
-0.73894
-0.09022
-0.14526
-0.047274
-0.17183
-0.067648
-0.0061787
0.0008847
0.0021781
0.00733
0.015312
0.0098677
0.034121
0.033179
0.024121
0.012628
0.016402
0.017641
0.010476
0.016073
0.008895
0.0065072
-0.0060136
-0.68611
-1.5853
-1.952
-1.7003
-1.1275
-1.0517
-1.819
-1.986
-1.4281
-1.1059
-0.81008
-0.48176
-0.4255
-0.3313
-0.31881
-0.28356
-0.27952
-0.25765
-0.23488
-0.24215
-0.23349
-0.28919
-0.50381
-1.4847
-3.0075
-4.2474
-4.2512
-4.086
-3.4338
-2.7182
-2.1951
-1.7635
-1.2922
-1.3358
-1.8933
-2.2695
-2.4505
-2.3972
-1.7102
-1.1467
-0.88502
-0.7504
-0.95141
-0.96541
-0.37651
-0.16588
0.058503
0.17411
-0.071818
-0.1301
-0.11926
-0.1963
-0.39054
-0.35406
-0.40055
-0.41818
-0.1858
-0.44896
-0.43583
-0.37625
-0.44974
-0.78563
-0.30246
-0.28069
-0.12408
-0.18196
-0.040635
-0.0024238
0.0081767
-0.0025733
0.0035193
0.012489
0.0076315
0.0276
0.030083
0.027428
0.013354
0.011827
0.020064
0.020047
0.026542
0.012627
0.012629
0.015815
-0.95707
-1.4069
-1.7595
-1.4784
-0.96941
-1.0475
-2.081
-1.9724
-1.4484
-1.1637
-0.93586
-0.47989
-0.34725
-0.33393
-0.32118
-0.2874
-0.31683
-0.29825
-0.2776
-0.34937
-0.32713
-0.40957
-0.64557
-1.8132
-3.1095
-4.2641
-4.3189
-4.3433
-3.7447
-2.9397
-2.3516
-1.7748
-1.4318
-1.5358
-1.832
-2.283
-2.4528
-2.4314
-1.7997
-1.3314
-0.91101
-0.69911
-0.7349
-0.77326
-0.45577
-0.24726
-0.013938
0.17418
0.05762
-0.13117
-0.12283
-0.17682
-0.284
-0.26363
-0.29673
-0.12724
-0.28217
-0.27996
-0.39496
-0.39776
-0.48418
-0.53195
-0.074979
-0.12507
-0.062886
-0.090933
-0.023177
0.047093
0.023807
0.0013744
0.0096936
0.012227
0.01162
0.012937
0.018197
0.02263
0.022414
0.022316
0.02619
0.032811
0.02306
0.018271
0.0087898
0.011301
-1.1266
-2.0601
-2.1131
-2.0724
-2.1764
-2.2219
-2.8648
-2.9667
-2.6408
-2.4521
-2.0851
-1.7654
-1.7824
-1.3149
-0.84173
-0.61471
-0.51328
-0.41203
-0.31352
-0.30139
-0.26636
-0.22289
-0.19267
-0.221
-0.2631
-0.25411
-0.25286
-0.30124
-0.4695
-0.83367
-1.0935
-1.2077
-1.7138
-2.06
-2.3592
-2.4975
-2.349
-2.3257
-2.2701
-2.3502
-2.4186
-2.344
-2.4372
-2.2244
-1.9776
-1.7253
-1.5646
-1.4414
-1.3414
-1.2715
-1.09
-0.84154
-0.67913
-0.62598
-0.55918
-0.54233
-0.49551
-0.43386
-0.4296
-0.47857
-0.56912
-0.67559
-0.86285
-1.0386
-1.1832
-1.3826
-1.5328
-1.7066
-1.9263
-2.1063
-2.3309
-2.3684
-2.3015
-2.2522
-2.2002
-2.1253
-2.1699
-2.1842
-2.1296
-2.0083
-1.8786
-1.8407
-1.8123
-1.8217
-1.7235
-1.7273
-1.6945
-1.6473
-1.6382
-1.6891
-1.6747
-1.7051
-1.772
-1.8585
-1.8782
-1.8676
-1.8642
-1.8616
-1.8016
-1.7692
-1.7897
-1.8245
-1.8419
-1.8562
-1.8654
-1.8535
-1.8247
-1.813
-1.8321
-1.843
-1.8374
-1.8322
-1.7546
-1.7184
-1.7661
-1.7988
-1.8511
-1.8454
-1.8447
-1.8002
-1.7723
-1.792
-1.764
-1.7781
-1.7799
-1.7778
-1.7929
-1.7943
-1.7622
-1.7865
-1.7818
-1.7405
-1.759
-1.7855
-1.7862
-1.7872
-1.7892
-1.7585
-1.7677
-1.7767
-1.7815
-1.7455
-1.7626
-1.7669
-1.7412
-1.774
-1.7573
-1.7726
-1.7877
-1.784
-1.7463
-1.7863
-1.7312
-1.7845
-1.7881
-1.7675
-1.7626
-1.7744
-1.7804
-1.7149
-1.7536
-1.759
-1.7558
-1.7551
-1.7648
-1.7735
-1.7646
-1.7706
-1.7253
-1.7622
-1.7559
-1.7147
-1.7571
-1.748
-1.7399
-1.7196
-1.7239
-1.7473
-1.7314
-1.7148
-1.73
-1.7146
-1.7392
-1.754
-1.7057
-1.7239
-1.6476
-1.6187
-1.6606
-1.696
-1.6603
-1.7137
-1.6829
-1.7058
-1.7454
-1.741
-1.7473
-1.7527
-1.7733
-1.7602
-1.7525
-1.782
-1.7836
-1.7628
-1.7569
-1.7696
-1.7708
-1.771
-1.7768
-1.7451
-1.7333
-1.7435
-1.7416
-1.7572
-1.7488
-1.7227
-1.7224
-1.7119
-1.6981
-1.6924
-1.6619
-1.6459
-1.5453
-1.4673
-1.0807
-1.0023
-0.94653
-1.0028
-1.0078
-1.0052
-1.0049
-0.99453
-1.4655
-1.5425
-1.5623
-1.5821
-1.749
-1.8696
-1.6929
-1.8031
-1.808
-1.8508
-1.9709
-1.974
-1.9648
-2.0556
-2.0725
-2.1737
-2.3031
-2.3977
-2.8104
-3.0641
-3.2953
-2.9518
-2.837
-2.7777
-2.6797
-2.6441
-2.6239
-2.584
-2.5959
-2.6248
-2.8896
-3.1154
-3.3395
-3.6034
-3.7409
-2.5925
-1.6526
-0.44443
-0.071196
-0.1141
-0.047054
-0.051203
-0.13114
-0.11036
-0.26536
-0.41107
-0.56208
-0.86226
-1.2066
-1.35
-1.5767
-1.6243
-1.221
-0.85918
-0.74228
-0.87764
-0.98307
-1.0688
-0.90682
-0.34554
-0.03435
0.042083
0.010737
0.0059928
0.025545
0.0043738
0.01036
0.021845
0.020314
0.018827
0.0083314
0.022794
0.30046
0.29689
-0.21149
-0.59791
-0.31623
-0.39232
-0.47201
-0.50781
-0.856
0.026961
-0.26764
-0.067517
0.063191
0.067863
0.084178
0.059927
0.079093
0.075319
0.14547
0.19919
0.20187
0.17842
0.24577
0.22277
0.25312
-0.25488
-1.3335
-2.0712
-1.8298
-1.059
-1.1375
-1.9366
-2.6294
-3.2031
-3.5056
-3.4577
-3.628
-3.4703
-2.8741
-2.3346
-2.0291
-1.433
-0.58767
-0.36638
-0.44854
-1.1031
-1.9291
-2.0874
-2.3364
-2.1894
-2.1463
-2.3265
-2.2745
-2.0749
-1.951
-1.6952
-0.93331
-0.79489
-0.72356
-0.23484
-0.10816
0.030736
0.0048495
0.0035431
0.0030902
0.02951
0.026722
0.022016
0.016587
0.02138
0.020054
0.0208
0.02461
0.022697
0.011998
0.021094
0.36147
0.25741
0.19894
0.33269
0.4591
0.44097
0.42498
0.45278
0.53123
0.45925
0.43885
0.44321
0.4725
0.46889
0.47853
0.46807
0.49833
0.48968
0.48811
0.57274
0.83612
0.95022
-0.078771
-0.64437
-1.2825
-1.137
-1.0395
-1.2474
-1.5744
-1.9514
-2.6471
-3.1445
-3.4894
-3.7078
-2.9834
-2.927
-2.8687
-2.1154
-2.0897
-1.3477
-0.7272
-0.67129
-0.97949
-1.757
-2.2445
-2.284
-2.1599
-2.4879
-2.6503
-2.529
-2.4792
-2.2789
-2.056
-1.9953
-2.1135
-2.0922
-1.189
-1.1901
-0.87287
-0.46112
-0.092503
0.030516
-0.001215
-0.045624
0.00058107
0.013678
0.017312
0.017042
0.020947
0.023703
0.021328
0.024477
-0.00052261
0.020175
0.023488
0.0064912
0.012642
0.0066412
0.47969
0.49841
0.54935
0.59231
0.58574
0.48256
0.44477
0.46533
0.48519
0.51653
0.54466
0.46654
0.51097
0.55449
0.53717
0.54871
0.59821
0.8005
0.99637
0.71175
0.023501
-0.46403
-1.124
-1.2739
-1.3118
-1.6258
-2.0063
-2.4509
-2.9469
-3.4386
-3.485
-3.6917
-3.829
-3.3858
-3.0212
-3.0083
-3.1948
-2.9674
-2.8103
-1.7733
-1.4918
-0.90848
-0.62592
-0.49997
-0.93116
-1.7549
-2.219
-2.0108
-2.0267
-1.9752
-2.0437
-2.0553
-2.0959
-2.0324
-1.3387
-0.89283
-0.73878
-0.42426
-0.08914
0.024285
6.7169e-05
0.00028804
0.02515
0.0093597
0.0059766
0.020246
0.011725
0.012667
0.015814
0.019772
0.0074113
0.019357
0.019651
0.015184
0.0062493
0.018416
0.04963
0.17099
0.39092
0.49207
0.48417
0.4578
0.46016
0.51682
0.4865
0.47473
0.41255
0.48777
0.56987
0.57774
0.57847
0.5576
0.56258
0.72374
1.0326
0.77787
0.38564
-0.16542
-0.90519
-1.2943
-1.3403
-1.5391
-1.9448
-2.3481
-2.7033
-3.0965
-3.1906
-3.4337
-3.6214
-3.6671
-3.4814
-2.1074
-1.5354
-0.86747
-0.59173
-0.61038
-1.157
-1.9227
-2.3816
-2.4
-2.412
-2.5451
-2.6057
-2.7513
-2.3455
-2.0793
-1.9982
-2.0632
-2.0944
-2.0496
-1.4363
-1.3128
-0.955
-0.39861
-0.09681
0.039208
-0.0074679
-0.032907
0
0.010848
0.0091226
0.015747
0.018483
0.011917
0.01989
0.019105
0.016038
0.026394
0.020706
0.017533
0.0013102
0.34982
0.4338
0.21192
0.37889
0.51219
0.46276
0.57907
0.55963
0.51714
0.5194
0.54524
0.52457
0.55667
0.57642
0.61682
0.59102
0.60819
0.60801
0.66539
0.86557
1.2643
0.70887
0.36293
-0.45865
-1.1502
-1.2905
-1.6801
-1.9074
-2.1466
-2.525
-2.7745
-3.06
-3.4175
-3.7868
-3.7017
-3.7892
-3.5781
-3.5713
-3.3288
-2.846
-1.617
-1.3964
-0.83588
-0.56615
-0.77633
-1.3883
-2.3365
-2.6638
-2.7505
-2.67
-2.8398
-3.018
-2.9912
-2.8042
-2.4516
-2.213
-2.1671
-2.1688
-2.2877
-2.0866
-1.7238
-1.4033
-0.67856
-0.23252
0.011971
-0.0068328
-0.010674
0.018335
0.0021226
0.0052831
0.011911
0.021419
0.017203
0.011871
0.013274
-0.003537
0.019757
0.016368
0.012356
0.0038897
0.50352
0.32781
0.31112
0.44742
0.53491
0.48889
0.56856
0.60996
0.63657
0.69269
0.61847
0.52807
0.60815
0.59942
0.52905
0.55864
0.6047
0.6375
0.63747
0.64244
0.65517
0.66018
0.762
0.82923
1.0024
1.4002
-1.0514
-1.4329
-1.8497
-2.0018
-2.0941
-2.4679
-2.7646
-3.2361
-3.6215
-3.7666
-3.8329
-3.7315
-3.4706
-3.3701
-2.5987
-1.7849
-0.95746
-0.35598
-0.35009
-0.67331
-1.5437
-2.2024
-2.9263
-3.0834
-3.2608
-3.3277
-3.4249
-3.505
-3.3816
-3.0804
-2.8601
-2.6588
-2.6057
-2.6517
-2.3845
-2.3938
-1.975
-1.6116
-0.9001
-0.21364
0.0024942
-0.0078363
0.0031949
0.018757
0.010248
0.017818
-0.0034822
0.029774
0.016208
0.010402
0.14175
0.24963
0.32457
0.50484
0.61371
0.6301
0.72748
0.79937
0.82542
0.8459
0.75797
0.69068
0.5334
0.59816
0.54936
0.5677
0.55042
0.57803
0.61049
0.63521
0.66837
0.73058
0.70808
0.73713
0.79211
0.81984
0.95483
1.2538
1.61
0.58941
0.23082
-0.64343
-1.2304
-1.5841
-2.0174
-2.3199
-2.6363
-3.2832
-3.7908
-3.8528
-4.1781
-4.1466
-3.9298
-3.397
-2.1782
-1.3817
-0.34802
-0.16134
-0.24564
-0.6067
-1.5067
-3.3084
-3.0423
-3.2369
-3.8981
-4.2338
-4.1406
-3.7434
-3.2714
-2.954
-2.9002
-2.7193
-2.7348
-2.614
-2.3472
-1.8678
-0.86974
-0.31822
-0.022356
-0.0094967
-0.012338
0.021522
0.010759
0.009322
0.018472
0.02601
0.02352
0.018518
0.026072
0.02225
0.022359
0.19239
0.47486
0.70061
0.78785
0.83386
0.87142
0.84799
0.76765
0.75976
0.7734
0.6923
0.58543
0.31209
0.34869
0.32896
0.29336
0.27112
0.27256
0.29199
0.33087
0.3678
0.36998
0.43234
0.45538
0.4841
0.5576
0.7508
1.1269
0.58953
0.32783
-0.45883
-1.2994
-1.568
-1.9822
-2.4915
-2.8668
-3.5956
-4.164
-4.4696
-4.4913
-4.142
-3.7243
-3.1858
-3.4225
-2.7327
-1.9082
-1.1037
-0.50355
-0.23347
-0.63094
-1.6327
-2.189
-2.7714
-3.1112
-3.2761
-3.3271
-3.3897
-3.751
-4.024
-3.8711
-3.459
-2.9135
-2.6596
-2.4969
-2.1447
-2.2712
-2.0691
-2.0072
-1.5563
-0.48396
-0.1211
0.014497
-0.00074708
0.00061274
0.012549
0.0053354
0.011662
0.018545
0.016777
0.023891
0.01913
0.026674
0.022028
0.088656
0.28097
0.57878
0.68794
0.76295
0.8761
0.86199
0.87398
0.81597
0.72602
0.72146
0.68625
0.64681
0.2298
0.20341
0.21927
0.28213
0.28453
0.31927
0.33648
0.33616
0.36111
0.45734
0.63703
0.84032
0.39331
0.12394
-0.53414
-1.2098
-1.379
-1.8546
-2.1962
-2.5311
-3.0388
-3.7136
-4.3871
-4.8526
-4.4657
-4.001
-3.5304
-3.4508
-3.7976
-3.6238
-1.8278
-1.206
-0.74312
-0.46689
-0.58176
-1.3506
-1.9371
-2.4843
-2.6981
-3.2649
-3.4943
-3.6719
-3.7703
-3.8514
-3.606
-3.1011
-2.847
-2.6405
-2.5975
-2.063
-2.1289
-1.9277
-1.6495
-1.2468
-0.32686
-0.11494
0.0067594
-0.0030139
0.010037
0.0060301
0.0064203
0.0073102
0.019561
0.020986
0.024378
0.017702
0.027663
0.015484
0.022433
0.34808
0.55754
0.67572
0.75543
0.79958
0.81075
0.82654
0.77369
0.73353
0.75149
0.66277
0.63142
0.28849
0.35252
0.27743
0.19875
0.18506
0.19903
0.27325
0.29304
0.31753
0.28891
0.26573
0.24949
0.38137
0.41604
0.51218
0.1066
-0.68741
-1.4978
-1.9018
-2.111
-2.2373
-2.3283
-2.7429
-3.1594
-3.6528
-4.1435
-4.4832
-4.4928
-3.8808
-3.5957
-3.446
-3.3445
-2.0463
-1.3549
-0.78957
-0.32274
-0.30505
-0.4274
-1.0068
-1.6474
-2.0329
-2.2076
-2.3966
-2.6807
-3.0868
-3.6512
-3.9631
-4.0233
-3.7082
-3.3863
-3.3105
-3.2046
-3.1522
-3.0468
-2.8461
-2.6293
-2.2533
-1.9204
-1.6244
-1.545
-1.4866
-1.4211
-1.4285
-1.1992
-0.90718
-0.69551
-0.43417
-0.33005
-0.28822
-0.27672
-0.27425
-0.2428
-0.21016
-0.22944
-0.19645
-0.21896
-0.27064
-0.37691
-0.61809
-0.86037
-1.3026
-1.4246
-1.7498
-2.0111
-2.1646
-2.3394
-2.5048
-2.4997
-2.5888
-2.555
-2.6274
-2.7347
-2.6497
-2.6646
-2.6511
-2.6511
-2.6592
-2.6275
-2.5321
-2.3912
-2.332
-2.1957
-1.9936
-1.8382
-1.8247
-1.7089
-1.727
-1.6675
-1.6046
-1.6094
-1.6279
-1.6858
-1.7471
-1.8778
-1.996
-2.0354
-2.0932
-2.147
-2.1271
-2.1797
-2.1515
-2.1233
-2.1462
-2.1644
-2.169
-2.1683
-2.1898
-2.1908
-2.207
-2.181
-2.1691
-2.1298
-2.1245
-2.2023
-2.2091
-2.2223
-2.1952
-2.1412
-2.1399
-2.1546
-2.1967
-2.1529
-2.1168
-2.1736
-2.2229
-2.2301
-2.2397
-2.2034
-2.2201
-2.2783
-2.2268
-2.2248
-2.2696
-2.278
-2.255
-2.2528
-2.1704
-2.1392
-2.1438
-2.1382
-2.1138
-2.0669
-2.1043
-2.125
-2.1472
-2.157
-2.2177
-2.2336
-2.2307
-2.2453
-2.2442
-2.2767
-2.2437
-2.2588
-2.2861
-2.2967
-2.2964
-2.2577
-2.262
-2.2227
-2.2135
-2.2376
-2.2415
-2.1918
-2.237
-2.2221
-2.2048
-2.1918
-2.2342
-2.2226
-2.24
-2.2369
-2.2589
-2.197
-2.192
-2.2307
-2.1766
-2.2086
-2.1978
-2.2122
-2.1862
-2.2263
-2.1835
-2.2385
-2.2483
-2.2327
-2.2352
-2.2508
-2.1999
-2.2547
-2.2026
-2.246
-2.2167
-2.2489
-2.2654
-2.2589
-2.2253
-2.2722
-2.2566
-2.2471
-2.253
-2.2225
-2.1783
-2.2146
-2.1995
-2.1587
-2.2127
-2.2185
-2.1663
-2.2109
-2.2222
-2.2432
-2.2036
-2.2606
-2.2559
-2.242
-2.2741
-2.2808
-2.2943
-2.284
-2.2863
-2.2305
-2.2753
-2.2912
-2.2486
-2.2587
-2.255
-2.1983
-2.1909
-2.216
-2.2419
-2.2039
-2.258
-2.1894
-2.2304
-2.2427
-2.245
-2.2705
-2.2468
-2.2761
-2.2754
-2.2323
-2.2791
-2.2778
-2.271
-2.2581
-2.2604
-2.2596
-2.2555
-2.2281
-2.2392
-2.2382
-2.2373
-2.2714
-2.251
-2.2187
-2.2343
-2.2448
-2.2137
-2.2711
-2.2264
-2.22
-2.2135
-2.1731
-2.1991
-2.2234
-2.1976
-2.1669
-2.2163
-2.2244
-2.2176
-2.2307
-2.2447
-2.223
-2.2359
-2.2206
-2.2538
-2.2336
-2.2428
-2.2667
-2.1822
-2.2147
-2.214
-2.1642
-2.1805
-2.1926
-2.2012
-2.2095
-2.1833
-2.2057
-2.2138
-2.1919
-2.2163
-2.2206
-2.2185
-2.2001
-2.2205
-2.2254
-2.2415
-2.1735
-2.2052
-2.2307
-2.1899
-2.2154
-2.2049
-2.2182
-2.1862
-2.2274
-2.2201
-2.181
-2.226
-2.1827
-2.2294
-2.2411
-2.2431
-2.1853
-2.2248
-2.2493
-2.2351
-2.1991
-2.2106
-2.2383
-2.2619
-2.2436
-2.2468
-2.2503
-2.245
-2.2577
-2.2429
-2.2522
-2.2615
-2.2557
-2.2559
-2.2688
-2.2671
-2.2634
-2.2376
-2.256
-2.2085
-2.2588
-2.2537
-2.2575
-2.2632
-2.2405
-2.2245
-2.2603
-2.2698
-2.2153
-2.2209
-2.2784
-2.2485
-2.2589
-2.2697
-2.2585
-2.2326
-2.2776
-2.2268
-2.2222
-2.2881
-2.2562
-2.2385
-2.2336
-2.263
-2.2458
-2.2317
-2.2567
-2.2601
-2.2522
-2.2507
-2.239
-2.2289
-2.237
-2.2326
-2.2642
-2.2593
-2.2735
-2.2456
-2.2222
-2.2662
-2.219
-2.2424
-2.2655
-2.2263
-2.2473
-2.2465
-2.221
-2.2428
-2.2434
-2.2391
-2.2447
-2.2514
-2.259
-2.2115
-2.2562
-2.2714
-2.2599
-2.2579
-2.2785
-2.2608
-2.2438
-2.2668
-2.2626
-2.2698
-2.2855
-2.2796
-2.2493
-2.2886
-2.2443
-2.2938
-2.2898
-2.2809
-2.2723
-2.2787
-2.268
-2.2489
-2.2851
-2.2758
-2.2488
-2.2924
-2.2815
-2.2947
-2.3015
-2.3036
-2.3079
-2.3294
-2.2852
-2.3278
-2.3273
-2.2844
-2.3082
-2.3147
-2.3094
-2.3132
-2.3058
-2.3096
-2.2634
-2.2973
-2.309
-2.2906
-2.3089
-2.3117
-2.2541
-2.3139
-2.2793
-2.2935
-2.3092
-2.2986
-2.2954
-2.2949
-2.292
-2.2985
-2.3135
-2.3118
-2.3122
-2.2692
-2.2943
-2.2998
-2.2996
-2.2782
-2.2767
-2.2948
-2.2965
-2.2911
-2.3141
-2.3135
-2.3016
-2.3179
-2.3175
-2.3104
-2.3053
-2.3194
-2.3052
-2.3285
-2.3262
-2.3167
-2.2824
-2.322
-2.342
-2.333
-2.3348
-2.3393
-2.3403
-2.4107
-2.4559
-2.7151
-2.7754
-2.786
-2.8214
-2.8244
-2.8325
-2.7789
-2.8133
-2.8349
-2.7326
-2.7582
-2.7638
-2.7714
-2.5666
-2.4633
-2.214
-2.3303
-2.3715
-2.2594
-2.0768
-1.9784
-0.79061
-0.56452
-0.42174
-0.3898
-0.19701
-0.0034612
-0.00094238
0.0016113
0.0025162
0.0042303
-0.014744
-0.014534
-0.018091
0.0048123
0.017725
0.0091253
-0.0023073
0.015016
0.014619
0.0093302
-0.57084
-1.9167
-2.7872
-2.8839
-2.6236
-1.6763
-1.9384
-2.1138
-2.4256
-2.491
-2.5676
-2.6504
-2.6309
-2.4139
-2.1941
-1.7505
-1.5616
-1.3884
-0.80815
-0.59035
-0.45412
-0.37427
-0.33492
-0.29814
-0.35303
-0.52726
-0.89938
-1.4862
-1.9804
-2.3484
-2.4654
-2.153
-1.5771
-1.4606
-1.4626
-1.254
-0.52035
-0.073704
-0.12666
-0.096473
-0.10721
-0.088788
-0.12599
-0.13739
0.0085477
0.16356
0.24985
0.39426
0.474
0.43511
0.15267
-0.23688
-0.30612
-0.63683
-1.0204
-1.6055
-1.9462
-2.1586
-2.2207
-2.2841
-1.4818
-1.0277
-0.5005
-0.3898
-0.18459
-0.21562
-0.24041
-0.23137
0.023187
0.0040368
2.9763e-05
0.0095773
0.014338
0.010931
0.020867
0.024963
0.013478
0.0062678
-0.85099
-2.0843
-3.0929
-3.7143
-3.0122
-2.5406
-2.5331
-2.7908
-2.5009
-2.5408
-2.7386
-2.8738
-2.2316
-1.6427
-0.80473
-0.44214
-0.29184
-0.30883
-0.30037
-0.2326
-0.12181
-0.045075
0.00144
0.0056782
0.010493
0.0043914
0.012103
0.0086631
-0.058813
-0.36787
-0.89994
-1.1543
-1.1408
-2.9791
-3.6648
-3.4948
-2.6341
-1.0991
-0.46911
-0.57825
-1.4368
-2.0529
-1.9818
-0.8921
-0.32937
-0.15615
-0.041517
0.051323
0.087268
0.15084
0.15633
0.20157
0.3135
0.44615
0.55431
0.3979
-0.43498
-0.29901
-0.11938
0.0052569
-0.46159
-1.0877
-1.4238
-1.7824
-2.0615
-2.0352
-1.3123
-0.85924
-0.18997
-0.14198
-0.060829
-0.060842
-0.066417
-0.084295
-0.054102
0.019997
0.0010015
0.044835
0.0071789
0.012633
0.022933
0.023275
0.020064
-0.24119
-1.6847
-2.6867
-3.4835
-3.2396
-2.9035
-2.6064
-2.7263
-2.2003
-1.8616
-2.1438
-3.0876
-3.4951
-2.8541
-1.7711
-1.318
-0.77749
-0.60919
-0.55612
-0.56458
-0.50897
-0.37729
-0.14814
-0.030494
0.013134
0.0093834
0.015863
0.0099118
-0.00012398
-0.14604
-0.38493
-0.61692
-0.94496
-0.85534
-0.98275
-1.7972
-3.0139
-3.0888
-2.2821
-0.81931
-0.69711
-0.421
-0.60643
-0.83607
-0.43671
-0.28101
-0.10994
0.010919
0.12665
0.10712
0.0805
0.076115
0.078593
0.13496
0.24801
0.54222
0.78303
0.99984
0.85913
0.46418
0.22838
0.19564
-0.068717
-0.46443
-1.0256
-1.3124
-1.6355
-1.0443
-0.7048
-0.068921
-0.077493
-0.014369
-0.056298
-0.083326
-0.051564
-0.13915
-0.045638
0.0078925
0.013132
0.0090195
0.0048574
0.0011491
-0.08798
-0.78967
-2.2182
-2.9196
-3.2184
-3.0027
-2.6599
-2.2524
-2.169
-2.5602
-2.3879
-1.8668
-1.3277
-1.6352
-2.8128
-3.4175
-3.689
-3.4048
-2.0087
-1.0539
-0.844
-1.0407
-0.97959
-0.65282
-0.26126
-0.10974
-0.016622
0.0086915
0.0077248
0.014534
0.013817
-0.076815
-0.26071
-0.65966
-0.98341
-1.5645
-2.1106
-3.1285
-3.7737
-3.8202
-3.3434
-1.9504
-1.445
-1.3268
-1.1784
-0.64275
-0.22311
-0.052263
0.014573
0.053396
0.038967
0.032447
0.019858
0.028387
0.023019
0.027324
0.030145
0.22301
0.27428
0.48619
0.51611
0.79696
0.95478
1.3052
1.4679
1.2777
0.96932
0.79741
0.45303
0.63662
0.65098
0.65254
0.62265
0.4839
0.44784
0.31766
0.26565
0.054935
0.048545
0.057647
0.010294
0.013004
0.014617
0.025105
0.079679
0.13007
-0.44683
-1.7812
-2.2745
-2.9655
-3.3698
-3.2764
-2.615
-1.6452
-1.8987
-2.2882
-1.8679
-1.6208
-2.1674
-3.0554
-3.5446
-3.7543
-3.5617
-2.3904
-1.6934
-0.96363
-1.0127
-1.083
-0.82814
-0.51692
-0.33065
-0.09702
-0.033994
-0.10119
-0.31326
-0.43662
-0.73747
-1.0892
-1.5693
-2.0062
-2.4415
-2.9485
-3.1384
-3.3932
-2.8718
-2.1958
-1.8467
-1.5485
-1.1243
-0.60473
-0.29546
-0.13352
0.0030021
0.0080026
0.012039
0.00030691
0.0058228
0.0091785
0.020005
0.017332
0.01542
0.015621
0.019521
0.29278
0.27121
0.29443
0.42519
0.41944
0.59436
0.77349
1.0392
1.3373
1.517
1.3773
1.101
0.80354
0.76886
0.67494
0.54956
0.37409
0.10816
-0.10239
-0.31717
-0.45175
-0.55196
-0.61257
-0.70982
-0.74034
-0.76962
-0.91683
-1.1493
-1.2789
-1.5246
-1.6581
-1.7588
-1.8719
-1.9481
-2.0304
-2.1428
-2.177
-2.4381
-2.5769
-2.5552
-2.4317
-2.2408
-1.824
-1.0445
-0.60522
-0.408
-0.31067
-0.19473
-0.16336
-0.13022
-0.10694
-0.085947
-0.076975
-0.092144
-0.13492
-0.18431
-0.2263
-0.26876
-0.30544
-0.39069
-0.46497
-0.54777
-0.67887
-0.75936
-0.91053
-1.2476
-1.7173
-2.1749
-2.4217
-2.5315
-2.5612
-2.3719
-2.3619
-2.284
-2.2076
-2.0266
-1.7746
-1.4167
-1.1733
-1.1871
-1.0086
-0.8211
-0.71429
-0.63598
-0.51077
-0.42937
-0.36891
-0.32495
-0.25585
-0.20889
-0.15221
-0.10539
-0.11787
-0.10672
-0.13765
-0.16176
-0.23811
-0.34866
-0.59585
-0.8493
-0.98706
-1.1361
-1.2115
-1.2655
-1.3262
-1.3679
-1.4502
-1.4583
-1.4811
-1.4506
-1.4093
-1.378
-1.3852
-1.3221
-1.3204
-1.2738
-1.1829
-1.1739
-1.1981
-1.1887
-1.2635
-1.288
-1.2971
-1.3064
-1.3134
-1.2643
-1.2881
-1.2808
-1.239
-1.2542
-1.233
-1.1677
-1.1296
-1.0769
-1.0006
-0.94398
-0.93489
-0.91984
-0.88976
-0.93148
-0.94834
-0.9894
-1.0339
-1.0933
-1.1232
-1.1881
-1.2361
-1.2475
-1.2764
-1.2867
-1.2974
-1.2929
-1.3183
-1.3119
-1.3134
-1.3056
-1.2399
-1.2555
-1.248
-1.1848
-1.1865
-1.1965
-1.2073
-1.1892
-1.1894
-1.2214
-1.2105
-1.207
-1.2229
-1.2118
-1.1967
-1.2343
-1.2391
-1.2211
-1.2403
-1.244
-1.2195
-1.2435
-1.2402
-1.2463
-1.2474
-1.256
-1.2282
-1.2674
-1.2731
-1.2788
-1.2479
-1.286
-1.2885
-1.2664
-1.2871
-1.2816
-1.2552
-1.2717
-1.2614
-1.2596
-1.2484
-1.2544
-1.2165
-1.2602
-1.2517
-1.2521
-1.262
-1.2483
-1.271
-1.2782
-1.2644
-1.2437
-1.26
-1.2835
-1.2846
-1.2555
-1.252
-1.2744
-1.2832
-1.2667
-1.273
-1.2516
-1.2631
-1.2761
-1.2771
-1.2702
-1.288
-1.2852
-1.2928
-1.2935
-1.2986
-1.298
-1.3027
-1.3039
-1.3034
-1.2763
-1.3225
-1.3266
-1.3206
-1.3113
-1.3109
-1.3133
-1.3041
-1.2817
-1.2727
-1.2931
-1.3038
-1.2851
-1.2887
-1.2998
-1.2877
-1.2845
-1.3024
-1.2646
-1.3038
-1.301
-1.3019
-1.264
-1.2816
-1.2929
-1.3058
-1.2605
-1.3036
-1.3033
-1.2711
-1.2921
-1.3099
-1.3104
-1.304
-1.293
-1.326
-1.3204
-1.318
-1.3225
-1.3303
-1.3223
-1.2868
-1.3098
-1.316
-1.3214
-1.2855
-1.3122
-1.3132
-1.3206
-1.3
-1.3098
-1.3275
-1.2927
-1.3289
-1.3277
-1.298
-1.3301
-1.3154
-1.3064
-1.3325
-1.338
-1.2959
-1.3162
-1.3372
-1.3202
-1.3073
-1.3339
-1.3398
-1.3336
-1.3371
-1.3295
-1.3285
-1.3346
-1.3435
-1.3008
-1.3486
-1.3407
-1.3375
-1.3392
-1.3354
-1.3402
-1.3083
-1.339
-1.3416
-1.3419
-1.3453
-1.3465
-1.3415
-1.3363
-1.3481
-1.3141
-1.3564
-1.3337
-1.3455
-1.3103
-1.3507
-1.3235
-1.3577
-1.3554
-1.3663
-1.36
-1.3565
-1.3599
-1.3341
-1.347
-1.3655
-1.3679
-1.3831
-1.3847
-1.3634
-1.3903
-1.4012
-1.3589
-1.3972
-1.3853
-1.3923
-1.3672
-1.3834
-1.3805
-1.3814
-1.3344
-1.3817
-1.3732
-1.3697
-1.3766
-1.3832
-1.3656
-1.3743
-1.3721
-1.3856
-1.391
-1.3795
-1.3494
-1.3895
-1.3837
-1.3902
-1.3747
-1.3957
-1.3942
-1.3603
-1.3932
-1.4042
-1.4001
-1.4026
-1.3781
-1.4171
-1.4007
-1.3941
-1.4051
-1.3949
-1.4011
-1.391
-1.404
-1.373
-1.4045
-1.3731
-1.3997
-1.4024
-1.403
-1.4129
-1.3585
-1.4018
-1.3769
-1.3914
-1.3709
-1.3463
-1.3472
-1.3935
-1.388
-1.3903
-1.389
-1.3812
-1.3866
-1.3949
-1.3957
-1.389
-1.4073
-1.4089
-1.3729
-1.4102
-1.4129
-1.4193
-1.4222
-1.4084
-1.3962
-1.4016
-1.4139
-1.4094
-1.3806
-1.4076
-1.4046
-1.3668
-1.3971
-1.4024
-1.3863
-1.4061
-1.3963
-1.4131
-1.3971
-1.4066
-1.392
-1.3839
-1.4152
-1.406
-1.3773
-1.4044
-1.4173
-1.4112
-1.3972
-1.4114
-1.4237
-1.3798
-1.4159
-1.427
-1.4193
-1.4259
-1.4223
-1.4054
-1.4173
-1.3969
-1.3929
-1.4206
-1.4218
-1.4145
-1.4193
-1.4252
-1.4208
-1.4272
-1.4224
-1.4303
-1.3895
-1.4173
-1.4075
-1.4072
-1.4319
-1.441
-1.3943
-1.4332
-1.4379
-1.4251
-1.4395
-1.4353
-1.4189
-1.431
-1.4234
-1.4352
-1.433
-1.4416
-1.4243
-1.3957
-1.3941
-1.4381
-1.4326
-1.4224
-1.4382
-1.4407
-1.3955
-1.4304
-1.4456
-1.4047
-1.4403
-1.4393
-1.4429
-1.4019
-1.4311
-1.445
-1.4041
-1.4327
-1.4412
-1.3987
-1.4286
-1.4478
-1.4141
-1.4147
-1.4491
-1.4283
-1.4397
-1.4447
-1.4244
-1.4217
-1.4393
-1.4488
-1.4004
-1.4404
-1.4022
-1.4486
-1.4495
-1.4541
-1.4432
-1.4294
-1.424
-1.4467
-1.4517
-1.4484
-1.4467
-1.4535
-1.4527
-1.4537
-1.4325
-1.4498
-1.4491
-1.4375
-1.4535
-1.4521
-1.4483
-1.4577
-1.4479
-1.4553
-1.4496
-1.4195
-1.4577
-1.4586
-1.4459
-1.4586
-1.4374
-1.4189
-1.4516
-1.4563
-1.4479
-1.4585
-1.4485
-1.4566
-1.4525
-1.4494
-1.4182
-1.4378
-1.4556
-1.4518
-1.4596
-1.4611
-1.4431
-1.4613
-1.4583
-1.455
-1.431
-1.4305
-1.4621
-1.444
-1.4245
-1.455
-1.4739
-1.4181
-1.4481
-1.4713
-1.421
-1.4701
-1.4561
-1.4338
-1.4739
-1.472
-1.4715
-1.4762
-1.4685
-1.4639
-1.4631
-1.4456
-1.4795
-1.4727
-1.4349
-1.4696
-1.4731
-1.4547
-1.4754
-1.4691
-1.4601
-1.4745
-1.4704
-1.4667
-1.4703
-1.4773
-1.4716
-1.4397
-1.4686
-1.4778
-1.4646
-1.4781
-1.479
-1.4644
-1.4784
-1.4775
-1.441
-1.4632
-1.4828
-1.4823
-1.4509
-1.4653
-1.4708
-1.4756
-1.4809
-1.4787
-1.4819
-1.446
-1.4833
-1.4883
-1.4455
-1.4839
-1.489
-1.4695
-1.4888
-1.4853
-1.4582
-1.488
-1.4903
-1.4522
-1.4894
-1.5009
-1.492
-1.476
-1.4951
-1.4927
-1.5035
-1.4927
-1.4544
-1.4719
-1.4977
-1.4952
-1.4754
-1.4976
-1.5099
-1.4566
-1.4986
-1.5
-1.4702
-1.4754
-1.5053
-1.4562
-1.46
-1.4777
-1.4554
-1.4664
-1.4964
-1.4582
-1.502
-1.4963
-1.5009
-1.48
-1.4869
-1.4639
-1.4975
-1.5033
-1.5054
-1.5092
-1.4601
-1.4999
-1.4945
-1.4811
-1.4982
-1.4995
-1.4714
-1.4979
-1.4877
-1.5056
-1.5075
-1.5008
-1.5122
-1.4993
-1.5058
-1.4683
-1.5064
-1.5093
-1.4862
-1.5057
-1.5018
-1.4702
-1.5087
-1.5057
-1.5118
-1.5121
-1.4991
